              precision    recall  f1-score   support

           0       0.85      0.95      0.90       237
           1       0.97      0.99      0.98       596
           2       0.96      0.94      0.95       294
           3       0.85      0.96      0.90       311
           4       0.99      1.00      0.99       466
           5       0.93      0.83      0.88       618
           6       0.91      0.96      0.93       242
           7       0.95      0.93      0.94       655

    accuracy                           0.94      3419
   macro avg       0.93      0.94      0.93      3419
weighted avg       0.94      0.94      0.94      3419

