              precision    recall  f1-score   support

           0       0.98      0.99      0.99       239
           1       0.98      0.97      0.97       265
           2       0.68      0.72      0.70       239
           3       0.98      0.97      0.97       656
           4       0.72      0.59      0.65       129
           5       0.72      0.80      0.76       198
           6       0.99      0.95      0.97       239
           7       1.00      1.00      1.00       644

    accuracy                           0.92      2609
   macro avg       0.88      0.87      0.88      2609
weighted avg       0.92      0.92      0.92      2609
