1.7503759860992432
0.06990408897399902
0.06167173385620117
0.059372901916503906
0.058448076248168945
0.05395793914794922
0.05109262466430664
0.05120396614074707
0.0499424934387207
0.050872087478637695
0.050244808197021484
0.049428462982177734
0.05060243606567383
0.04913616180419922
0.05449366569519043
0.050699472427368164
0.05027294158935547
0.04940915107727051
0.06057167053222656
0.04960465431213379
0.050567626953125
0.05117917060852051
0.05077862739562988
0.05438971519470215
0.05170416831970215
0.04911231994628906
0.048783063888549805
0.04877352714538574
0.05051422119140625
0.04891514778137207
0.0490264892578125
0.04991650581359863
0.05460548400878906
0.05567479133605957
0.05146479606628418
0.04923510551452637
0.05089163780212402
0.05338788032531738
0.04938769340515137
0.05003070831298828
0.06258511543273926
0.054656982421875
0.04954028129577637
0.0493159294128418
0.049277305603027344
0.05240440368652344
0.04883289337158203
0.04868006706237793
0.04899287223815918
0.05432772636413574
0.05946779251098633
0.054128408432006836
0.0494389533996582
0.05117344856262207
0.049105167388916016
0.048595428466796875
0.04884052276611328
0.05657196044921875
0.051429033279418945
0.06048870086669922
0.058094024658203125
0.056464433670043945
0.04844331741333008
0.048858642578125
0.04855060577392578
0.050455331802368164
0.04825329780578613
0.048964500427246094
0.05380749702453613
0.8879618644714355
0.055608272552490234
0.054070234298706055
0.05375099182128906
0.0663905143737793
0.05455946922302246
0.05411052703857422
0.05323338508605957
0.05452704429626465
0.06424427032470703
0.07018613815307617
0.05614137649536133
0.055556535720825195
0.08698129653930664
0.061309099197387695
0.053071022033691406
0.05222964286804199
0.054859161376953125
0.06098127365112305
0.05678677558898926
0.0534520149230957
0.052796363830566406
0.05124521255493164
0.051560163497924805
0.05103254318237305
0.05141592025756836
0.05105161666870117
0.05788540840148926
0.05200958251953125
0.05115771293640137
0.050917625427246094
0.056607723236083984
0.051184892654418945
0.05069613456726074
0.05070304870605469
0.050904273986816406
0.056797027587890625
0.05076432228088379
0.05046868324279785
0.050864219665527344
0.05063772201538086
0.05067181587219238
0.050681352615356445
0.055297136306762695
0.05085945129394531
0.05806398391723633
0.05052018165588379
0.050173044204711914
0.050803184509277344
0.04982304573059082
0.05039811134338379
0.04961752891540527
0.050058841705322266
0.05718541145324707
0.061110734939575195
0.05600285530090332
0.05236029624938965
0.05211305618286133
0.05191636085510254
0.05238962173461914
0.05034780502319336
0.05170154571533203
0.05684089660644531
0.06095433235168457
0.05046963691711426
0.04956483840942383
0.04942154884338379
0.05148577690124512
0.05137753486633301
0.0512845516204834
0.04979538917541504
0.050119876861572266
0.06510090827941895
0.0507047176361084
0.05166959762573242
0.0554499626159668
0.05024361610412598
0.055788516998291016
0.05564737319946289
0.05053305625915527
0.05089545249938965
0.059766292572021484
0.05052924156188965
0.05497479438781738
0.05016589164733887
0.05995321273803711
0.050060272216796875
0.052559614181518555
0.05525970458984375
0.05344891548156738
0.055364131927490234
0.05163741111755371
0.051262855529785156
0.04987359046936035
0.051589012145996094
0.049636125564575195
0.054926395416259766
0.059897661209106445
0.053392648696899414
0.06630778312683105
0.0516209602355957
0.05803060531616211
0.05189871788024902
0.0499882698059082
0.049562692642211914
0.05003976821899414
0.055150747299194336
0.05472278594970703
0.05532121658325195
0.050994873046875
0.050113677978515625
0.0589601993560791
0.04996061325073242
0.051689863204956055
0.055762529373168945
0.055472612380981445
0.05598878860473633
0.0557100772857666
0.05087161064147949
0.04945874214172363
0.04996752738952637
0.04852581024169922
0.049712419509887695
0.0508418083190918
0.0490727424621582
0.049896240234375
0.06113576889038086
0.0518643856048584
0.05173683166503906
0.057900428771972656
0.05003547668457031
0.04957938194274902
0.05761384963989258
0.0500032901763916
0.0505366325378418
0.05718207359313965
0.060036659240722656
0.05152702331542969
0.05955028533935547
0.05117654800415039
0.05560612678527832
0.049518585205078125
0.0485987663269043
0.04970669746398926
0.05506157875061035
0.050110816955566406
0.051413774490356445
0.05025196075439453
0.05024242401123047
0.0526576042175293
0.05002427101135254
0.05428814888000488
0.059792280197143555
0.05548596382141113
0.05213189125061035
0.05022287368774414
0.05154705047607422
0.04981255531311035
0.04929494857788086
0.04907417297363281
0.05030369758605957
0.04937100410461426
0.055500030517578125
0.050121307373046875
0.05830740928649902
0.05011463165283203
0.04979658126831055
0.060848236083984375
0.05448269844055176
0.05183100700378418
0.050031423568725586
0.05567812919616699
0.05035710334777832
0.05102252960205078
0.051262617111206055
0.050992488861083984
0.05002784729003906
0.05277848243713379
0.050337791442871094
0.052258968353271484
0.057138681411743164
0.050995588302612305
0.05072426795959473
0.0584409236907959
0.05056929588317871
0.06271529197692871
0.05016040802001953
0.04926753044128418
0.05064535140991211
0.05526614189147949
0.04961419105529785
0.057190656661987305
0.06704401969909668
0.05179190635681152
0.06014394760131836
0.04948067665100098
0.05001950263977051
0.0509798526763916
0.054968833923339844
0.06141495704650879
0.05263018608093262
0.05215334892272949
0.05599617958068848
0.05245041847229004
0.052358388900756836
0.051992177963256836
0.050043344497680664
0.05769014358520508
0.05252432823181152
0.057836294174194336
0.05869245529174805
0.05034971237182617
0.05217170715332031
0.05215954780578613
0.052175283432006836
0.05229544639587402
0.06133723258972168
0.06048297882080078
0.06557273864746094
0.05920600891113281
0.0581364631652832
0.05013465881347656
0.05500435829162598
0.05949568748474121
0.05965900421142578
0.055498600006103516
0.05204296112060547
0.049774885177612305
0.049372196197509766
0.04969358444213867
0.049947261810302734
0.05002021789550781
0.04974961280822754
0.049727678298950195
0.05488872528076172
0.04980635643005371
0.05085921287536621
0.050653696060180664
0.04927515983581543
0.05411028861999512
0.05151653289794922
0.04896426200866699
0.05112290382385254
0.06505393981933594
0.051564931869506836
0.05017232894897461
0.049504756927490234
0.051238059997558594
0.04992318153381348
0.049182891845703125
0.04999971389770508
0.055316925048828125
0.0549464225769043
0.0501856803894043
0.05106687545776367
0.049334049224853516
0.04973864555358887
0.049432992935180664
0.05137014389038086
0.049494266510009766
0.05906367301940918
0.05655217170715332
0.05190420150756836
0.04957008361816406
0.04970693588256836
0.0493319034576416
0.04918241500854492
0.049663543701171875
0.05538821220397949
0.05001091957092285
0.05666708946228027
0.0502774715423584
0.06829309463500977
0.05023670196533203
0.05174064636230469
0.059356689453125
0.04966306686401367
0.05080413818359375
0.05483508110046387
0.06072568893432617
0.04988408088684082
0.05505776405334473
0.050125837326049805
0.04994034767150879
0.05867767333984375
0.06225872039794922
0.05047440528869629
0.05463075637817383
0.05542564392089844
0.06032538414001465
0.05886363983154297
0.056348562240600586
0.057614803314208984
0.061757564544677734
0.04904675483703613
0.04916977882385254
0.049440622329711914
0.055629730224609375
0.0502474308013916
0.049753427505493164
0.04932403564453125
0.04913949966430664
0.0495610237121582
0.049437522888183594
0.049253225326538086
0.04954099655151367
0.055274009704589844
0.0498356819152832
0.049932241439819336
0.049767494201660156
0.04904007911682129
0.04935288429260254
0.04938983917236328
0.057869672775268555
0.05594325065612793
0.05503416061401367
0.05005526542663574
0.05033588409423828
0.05018973350524902
0.05533766746520996
0.054670095443725586
0.05516695976257324
0.060272216796875
0.05297255516052246
0.0551297664642334
0.05159950256347656
0.04997372627258301
0.05029129981994629
0.06380820274353027
0.05905652046203613
0.05583930015563965
0.051163434982299805
0.049744606018066406
0.05658221244812012
0.05607295036315918
0.05498528480529785
0.05190110206604004
0.05560302734375
0.05129671096801758
0.049852848052978516
0.04932737350463867
0.05101823806762695
0.05503106117248535
0.05522894859313965
0.0502924919128418
0.06009054183959961
0.04962968826293945
0.05996084213256836
0.05686545372009277
0.05125164985656738
0.0590052604675293
0.05506157875061035
0.049829959869384766
0.05278277397155762
0.05843853950500488
0.05088376998901367
0.05103564262390137
0.04889535903930664
0.05112195014953613
0.05511331558227539
0.05480051040649414
0.05141615867614746
0.05919671058654785
0.051392316818237305
0.04912710189819336
0.04812359809875488
0.06181621551513672
0.05560040473937988
0.05268502235412598
0.05439496040344238
0.04994392395019531
0.049608707427978516
0.04945564270019531
0.04916715621948242
0.050673723220825195
0.0494542121887207
0.054641008377075195
0.048981666564941406
0.060358285903930664
0.049687862396240234
0.04965615272521973
0.05489683151245117
0.0490720272064209
0.050314903259277344
0.05507516860961914
0.06354188919067383
0.05156993865966797
0.05444192886352539
0.050084829330444336
0.049739837646484375
0.04939746856689453
0.04959583282470703
0.052633047103881836
0.051522016525268555
0.051048994064331055
0.05491209030151367
0.060899972915649414
0.049818992614746094
0.04962015151977539
0.04939436912536621
0.04985618591308594
0.04890131950378418
0.05336356163024902
0.05846834182739258
0.05074906349182129
0.06480121612548828
0.050612688064575195
0.058027029037475586
0.05488157272338867
0.049291133880615234
0.05240321159362793
0.0504305362701416
0.05524754524230957
0.05018448829650879
0.05575895309448242
0.050995588302612305
0.05039477348327637
0.04998040199279785
0.050035953521728516
0.04967904090881348
0.05051255226135254
0.04935097694396973
0.05167222023010254
0.05485868453979492
0.05608654022216797
0.04944038391113281
0.04962015151977539
0.049165964126586914
0.050765275955200195
0.049393653869628906
0.04955434799194336
0.058100223541259766
0.05463385581970215
0.05152606964111328
0.04961752891540527
0.05225872993469238
0.05140805244445801
0.050835371017456055
0.049774169921875
0.050807952880859375
0.0520782470703125
0.056494712829589844
0.05179643630981445
0.05477643013000488
0.04970979690551758
0.05110764503479004
0.060263633728027344
0.051403045654296875
0.051316261291503906
0.05477786064147949
0.05631113052368164
0.04984021186828613
0.04970073699951172
0.05016732215881348
0.0638735294342041
0.05232810974121094
0.05472850799560547
0.05069160461425781
0.05203962326049805
0.0602414608001709
0.05452919006347656
0.05505561828613281
0.04958605766296387
0.04930925369262695
0.048767805099487305
0.049140214920043945
0.05078482627868652
0.04976058006286621
0.060658931732177734
0.06172013282775879
0.056375980377197266
0.05022454261779785
0.049523353576660156
0.057172536849975586
0.05396318435668945
0.05803489685058594
0.05107903480529785
0.056203603744506836
0.04957842826843262
0.05011320114135742
0.05012059211730957
0.04925179481506348
0.049816131591796875
0.04911088943481445
0.05483102798461914
0.05319547653198242
0.05522656440734863
0.050905704498291016
0.05050349235534668
0.04913640022277832
0.054754018783569336
0.049532413482666016
0.048929691314697266
0.05095982551574707
0.05125546455383301
0.05555438995361328
0.055299997329711914
0.05204439163208008
0.05185580253601074
0.052254676818847656
0.05765962600708008
0.0539555549621582
0.05798959732055664
0.06348609924316406
0.06177043914794922
0.05017399787902832
0.05009770393371582
0.050126075744628906
0.05018281936645508
0.04991912841796875
0.05800628662109375
0.05879068374633789
0.0566868782043457
0.05620312690734863
0.05043625831604004
0.05005478858947754
0.05066418647766113
0.04987144470214844
0.04961967468261719
0.05476737022399902
0.05491232872009277
0.049809932708740234
0.05658292770385742
0.0504910945892334
0.0488438606262207
0.04885268211364746
0.05558967590332031
0.0512235164642334
0.049881696701049805
0.054694175720214844
0.051572322845458984
0.05541205406188965
0.050485849380493164
0.06834220886230469
0.04894828796386719
0.05102086067199707
0.05570864677429199
0.05733847618103027
0.05587959289550781
0.04905128479003906
0.06957125663757324
0.04922628402709961
0.0553889274597168
0.05438542366027832
0.04818868637084961
0.048331499099731445
0.0495753288269043
0.05786323547363281
0.04995441436767578
0.05383157730102539
0.050347089767456055
0.04930281639099121
0.04918646812438965
0.050382375717163086
0.048165082931518555
0.05453801155090332
0.04931831359863281
0.05123186111450195
0.06481742858886719
0.054121971130371094
0.05076122283935547
0.05575370788574219
0.04965043067932129
0.04941892623901367
0.04947066307067871
0.04956650733947754
0.05072426795959473
0.05538153648376465
0.05047273635864258
0.0601658821105957
0.050061941146850586
0.04957866668701172
0.04931211471557617
0.04986071586608887
0.05154681205749512
0.05144095420837402
0.0607447624206543
0.05045819282531738
0.050269126892089844
0.04947829246520996
0.05576443672180176
0.049398183822631836
0.050488948822021484
0.05019092559814453
0.05520462989807129
0.055338144302368164
0.04979729652404785
0.04915571212768555
0.052539825439453125
0.049308061599731445
0.04889535903930664
0.05149054527282715
0.05100417137145996
0.06682133674621582
0.054814815521240234
0.05262136459350586
0.054936885833740234
0.04963994026184082
0.04951643943786621
0.058252573013305664
0.04920220375061035
0.049654245376586914
0.05023932456970215
0.06575226783752441
0.04969978332519531
0.04996180534362793
0.05022907257080078
0.04943966865539551
0.0500483512878418
0.04958486557006836
0.0497744083404541
0.0498809814453125
0.054856300354003906
0.05569028854370117
0.055748939514160156
0.051184892654418945
0.050948143005371094
0.04967904090881348
0.06356048583984375
0.04926586151123047
0.050537109375
0.054473161697387695
0.04990410804748535
0.05375099182128906
0.049642324447631836
0.055649757385253906
0.055260658264160156
0.05011391639709473
0.05017709732055664
0.05197548866271973
0.05570554733276367
0.051946163177490234
0.05012845993041992
0.051809072494506836
0.0579380989074707
0.04913830757141113
0.04942631721496582
0.05081367492675781
0.052121877670288086
0.054970502853393555
0.04999279975891113
0.04955601692199707
0.057640790939331055
0.04893970489501953
0.0542750358581543
0.04865717887878418
0.048371076583862305
0.0496363639831543
0.05432629585266113
0.05066418647766113
0.049772024154663086
0.055501699447631836
0.05195307731628418
0.055251359939575195
0.04982733726501465
0.05091094970703125
0.0517575740814209
0.05597209930419922
0.049501657485961914
0.04939579963684082
0.05002450942993164
0.05038046836853027
0.05167555809020996
0.049620866775512695
0.051749229431152344
0.051845550537109375
0.05509781837463379
0.051778554916381836
0.05016326904296875
0.05955624580383301
0.05033469200134277
0.05982232093811035
0.05472588539123535
0.049551963806152344
0.050833702087402344
0.05458664894104004
0.05022883415222168
0.04974174499511719
0.04976010322570801
0.04975414276123047
0.058194637298583984
0.05404067039489746
0.04934382438659668
0.04987144470214844
0.055731773376464844
0.050447702407836914
0.0501401424407959
0.05134010314941406
0.04956316947937012
0.051371097564697266
0.051775217056274414
0.05119466781616211
0.05210232734680176
0.05574917793273926
0.05456089973449707
0.05285215377807617
0.052172183990478516
0.06003522872924805
0.050118446350097656
0.04987001419067383
0.05946755409240723
0.05187559127807617
0.05753636360168457
0.05537009239196777
0.05374312400817871
0.05504631996154785
0.05076718330383301
0.049646854400634766
0.05447673797607422
0.051181793212890625
0.058815956115722656
0.05889773368835449
0.0513913631439209
0.05176281929016113
0.05224156379699707
0.050606727600097656
0.05133557319641113
0.052516937255859375
0.050438880920410156
0.05148816108703613
0.054952144622802734
0.06063652038574219
0.05818343162536621
0.05183219909667969
0.048453569412231445
0.05071902275085449
0.05103445053100586
0.04906892776489258
0.05141448974609375
0.05630207061767578
0.049651384353637695
0.05072832107543945
0.0493466854095459
0.04890012741088867
0.04926753044128418
0.04976177215576172
0.04967093467712402
0.05540609359741211
0.05475926399230957
0.055110931396484375
0.050066232681274414
0.04946184158325195
0.05476045608520508
0.05468869209289551
0.04885220527648926
0.051000356674194336
0.04931998252868652
0.0642695426940918
0.0496673583984375
0.05963945388793945
0.05209755897521973
0.05483579635620117
0.048928260803222656
0.057631492614746094
0.05292797088623047
0.04980158805847168
0.05425214767456055
0.04967498779296875
0.05496859550476074
0.050652265548706055
0.050039052963256836
0.048917531967163086
0.0505068302154541
0.04890251159667969
0.05368208885192871
0.05593705177307129
0.049608469009399414
0.05087089538574219
0.048915863037109375
0.05059504508972168
0.04887247085571289
0.050734758377075195
0.04909253120422363
0.051003456115722656
0.054729461669921875
0.04929399490356445
0.05147671699523926
0.04901933670043945
0.04860973358154297
0.050185441970825195
0.0507664680480957
0.04880213737487793
0.05883431434631348
0.06345367431640625
0.051633596420288086
0.051506757736206055
0.04992079734802246
0.05015087127685547
0.04917168617248535
0.050415992736816406
0.04863262176513672
0.04956197738647461
0.05520892143249512
0.05101513862609863
0.05096793174743652
0.04927396774291992
0.05896949768066406
0.04914546012878418
0.05085492134094238
0.05052947998046875
0.055379629135131836
0.05694150924682617
0.055498361587524414
0.05851888656616211
0.05018496513366699
0.048249244689941406
0.048607587814331055
0.048825740814208984
0.05434226989746094
0.05084061622619629
0.05970048904418945
0.050096988677978516
0.05454730987548828
0.05207467079162598
0.049527645111083984
0.050340890884399414
0.04979252815246582
0.05917048454284668
0.051076650619506836
0.05937910079956055
0.05117678642272949
0.05056929588317871
0.05418205261230469
0.04887223243713379
0.054233551025390625
0.05165910720825195
0.057868242263793945
0.05026960372924805
0.056040287017822266
0.05921125411987305
0.048802852630615234
0.04925107955932617
0.05909466743469238
0.04883575439453125
0.050542593002319336
0.05029463768005371
0.04950451850891113
0.0558781623840332
0.050934553146362305
0.054776668548583984
0.04890918731689453
0.049103498458862305
0.049425363540649414
0.0494389533996582
0.05762052536010742
0.05020403861999512
0.054824113845825195
0.058275699615478516
0.05515456199645996
0.04955577850341797
0.04954838752746582
0.04935574531555176
0.04909062385559082
0.059432029724121094
0.05023002624511719
0.05464529991149902
0.05147910118103027
0.04967761039733887
0.04967951774597168
0.04950571060180664
0.05740666389465332
0.05686235427856445
0.053822994232177734
0.04938197135925293
0.054901838302612305
0.050174713134765625
0.048632144927978516
0.04843711853027344
0.04900836944580078
0.049024343490600586
0.04920482635498047
0.04827690124511719
0.04980111122131348
0.06423377990722656
0.051828622817993164
0.04883527755737305
0.04930567741394043
0.048769235610961914
0.05178999900817871
0.04874563217163086
0.04958391189575195
0.04988527297973633
0.05393791198730469
0.049167633056640625
0.048980712890625
0.04904365539550781
0.049973487854003906
0.048033714294433594
0.05292773246765137
0.04865598678588867
0.055029869079589844
0.05429649353027344
0.049674272537231445
0.04903244972229004
0.06319379806518555
0.05709528923034668
0.05859994888305664
0.05458188056945801
0.050889015197753906
0.05159759521484375
0.0554964542388916
0.049986839294433594
0.05144000053405762
0.058638572692871094
0.05089855194091797
0.05469942092895508
0.04939603805541992
0.0494379997253418
0.04962158203125
0.06238412857055664
0.0510101318359375
0.05036664009094238
0.0520477294921875
0.06326460838317871
0.05048656463623047
0.053986310958862305
0.05955028533935547
0.059015750885009766
0.05664658546447754
0.05161285400390625
0.05155348777770996
0.05963754653930664
0.05135369300842285
0.04977750778198242
0.05034327507019043
0.04988574981689453
0.0511326789855957
0.05492901802062988
0.051499128341674805
0.06334424018859863
0.054518938064575195
0.04889345169067383
0.04929637908935547
0.05805015563964844
0.04921555519104004
0.05468177795410156
0.060060977935791016
0.05223441123962402
0.05541229248046875
0.049260616302490234
0.04941153526306152
0.0496823787689209
0.04965472221374512
0.04920363426208496
0.054120540618896484
0.05546283721923828
0.0503230094909668
0.049594879150390625
0.051107168197631836
0.06024169921875
0.05991387367248535
0.06316804885864258
0.05781078338623047
0.05408811569213867
0.054720163345336914
0.049828290939331055
0.04994654655456543
0.04929995536804199
0.04929018020629883
0.05950164794921875
0.049324989318847656
0.06709551811218262
0.05464315414428711
0.05408287048339844
0.05934619903564453
0.04962420463562012
0.04930281639099121
0.04900813102722168
0.05119824409484863
0.0489501953125
0.05073952674865723
0.04982614517211914
0.05435514450073242
0.05116391181945801
0.05087161064147949
0.05071830749511719
0.050969600677490234
0.04862689971923828
0.05063772201538086
0.049292564392089844
0.054924964904785156
0.0565791130065918
0.049486398696899414
0.050704240798950195
0.059122562408447266
0.05100750923156738
0.05107283592224121
0.060066938400268555
0.052460432052612305
0.04960989952087402
0.05480360984802246
0.05033731460571289
0.04973125457763672
0.055359601974487305
0.0565342903137207
0.04951834678649902
0.04878687858581543
0.05012011528015137
0.060755252838134766
0.07176470756530762
0.05317878723144531
0.05222487449645996
0.049782752990722656
0.05011129379272461
0.05196857452392578
0.04989051818847656
0.04912447929382324
0.05192065238952637
0.05672883987426758
0.05272865295410156
0.05747532844543457
0.05493474006652832
0.05137753486633301
0.05106210708618164
0.05031871795654297
0.04900622367858887
0.05508780479431152
0.056121110916137695
0.050031423568725586
0.049326419830322266
0.048723459243774414
0.04884815216064453
0.04903984069824219
0.04850196838378906
0.048438072204589844
0.05218935012817383
0.054802894592285156
0.049631357192993164
0.052005767822265625
0.05137300491333008
0.050881385803222656
0.05118250846862793
0.05136275291442871
0.05669760704040527
0.058281660079956055
0.05527663230895996
0.0525202751159668
0.05132126808166504
0.05727338790893555
0.050271034240722656
0.04894828796386719
0.049144744873046875
0.05111050605773926
0.05228018760681152
0.05679821968078613
0.05200362205505371
0.05195045471191406
0.06013941764831543
0.05029749870300293
0.04914283752441406
0.049375295639038086
0.049233436584472656
0.05039644241333008
0.0541994571685791
0.04953622817993164
0.055023908615112305
0.04890108108520508
0.04938173294067383
0.049515485763549805
0.049376726150512695
0.048742055892944336
0.04956817626953125
0.06016874313354492
0.050138235092163086
0.04924201965332031
0.04989910125732422
0.04936981201171875
0.0578155517578125
0.04899740219116211
0.04877877235412598
0.04974555969238281
0.060534000396728516
0.04965972900390625
0.04905843734741211
0.05751395225524902
0.05336260795593262
0.05783987045288086
0.05400729179382324
0.05486893653869629
0.0498051643371582
0.054537057876586914
0.0499262809753418
0.048978567123413086
0.05006122589111328
0.04895329475402832
0.04833364486694336
0.04938983917236328
0.04940342903137207
0.0536801815032959
0.05353951454162598
0.049573421478271484
0.04910683631896973
0.04898810386657715
0.0496213436126709
0.04876232147216797
0.048249244689941406
0.048753976821899414
0.04977679252624512
0.053487539291381836
0.049117088317871094
0.04825139045715332
0.04819059371948242
0.04845261573791504
0.04790449142456055
0.04747128486633301
0.047683000564575195
0.052294254302978516
0.054412841796875
0.051516056060791016
0.04909253120422363
0.05934333801269531
0.048004150390625
0.054749250411987305
0.06049656867980957
0.060364723205566406
0.050531625747680664
0.06402397155761719
0.05329442024230957
0.051451683044433594
0.05098605155944824
0.05112504959106445
0.05011177062988281
0.05040144920349121
0.056833505630493164
0.051659345626831055
0.06233024597167969
0.05204153060913086
0.05126214027404785
0.05059480667114258
0.05084109306335449
0.0532381534576416
0.052498579025268555
0.05746603012084961
0.04956984519958496
0.06113386154174805
0.05809760093688965
0.057485103607177734
0.0574798583984375
0.051909685134887695
0.048636674880981445
0.056223392486572266
0.05823493003845215
0.05908846855163574
0.06371235847473145
0.04943346977233887
0.04875946044921875
0.04849743843078613
0.048673391342163086
0.04870128631591797
0.04900217056274414
0.04951786994934082
0.049430131912231445
0.05528140068054199
0.050890207290649414
0.06290459632873535
0.058014631271362305
0.0493016242980957
0.04894757270812988
0.04887247085571289
0.055001020431518555
0.058947086334228516
0.06328892707824707
0.05138397216796875
0.05019998550415039
0.055271148681640625
0.04939103126525879
0.04930543899536133
0.049352407455444336
0.04897046089172363
0.0673062801361084
0.066925048828125
0.051242828369140625
0.05388522148132324
0.0494387149810791
0.04859042167663574
0.048285484313964844
0.050451040267944336
0.04860496520996094
0.0544888973236084
0.0562443733215332
0.05121779441833496
0.049611568450927734
0.05163741111755371
0.05791139602661133
0.050573110580444336
0.04909467697143555
0.051593780517578125
0.05173611640930176
0.054825782775878906
0.05501914024353027
0.0512545108795166
0.04996848106384277
0.050493478775024414
0.050777435302734375
0.054804325103759766
0.04901909828186035
0.05110478401184082
0.05472922325134277
0.0497891902923584
0.050835371017456055
0.05069899559020996
0.059590816497802734
0.05245852470397949
0.05172276496887207
0.05082416534423828
0.0500493049621582
0.05579185485839844
0.04926037788391113
0.05103111267089844
0.04897308349609375
0.0506441593170166
0.048722267150878906
0.05063939094543457
0.04925203323364258
0.04958629608154297
0.054268598556518555
0.05818986892700195
0.054054975509643555
0.050650835037231445
0.048401594161987305
0.05877184867858887
0.05351400375366211
0.048842668533325195
0.0584256649017334
0.055562734603881836
0.0516357421875
0.0547940731048584
0.05442404747009277
0.05524563789367676
0.04889726638793945
0.04846334457397461
0.04861640930175781
0.05525803565979004
0.05605888366699219
0.04972195625305176
0.04970955848693848
0.05531883239746094
0.05069327354431152
0.05471158027648926
0.04936361312866211
0.050908803939819336
0.06778311729431152
0.0625314712524414
0.05430293083190918
0.054863929748535156
0.050634145736694336
0.05488467216491699
0.05119729042053223
0.05830669403076172
0.05075860023498535
0.051186323165893555
0.05561089515686035
0.058938026428222656
0.04918479919433594
0.04952502250671387
0.05087161064147949
0.05021500587463379
0.04852628707885742
0.04877614974975586
0.05196976661682129
0.05603361129760742
0.051125288009643555
0.05429387092590332
0.049118757247924805
0.054213523864746094
0.05424308776855469
0.0576024055480957
0.049187421798706055
0.0489354133605957
0.05379295349121094
0.04971051216125488
0.05497097969055176
0.04948091506958008
0.05556464195251465
0.05558347702026367
0.05075883865356445
0.05450749397277832
0.07230591773986816
0.06673622131347656
0.059836626052856445
0.051534175872802734
0.04849052429199219
0.048821449279785156
0.048383235931396484
0.04809689521789551
0.04813361167907715
0.0581052303314209
0.06816697120666504
0.05453038215637207
0.05934309959411621
0.048883676528930664
0.05872797966003418
0.05357956886291504
0.0489199161529541
0.04829764366149902
0.049317359924316406
0.053719282150268555
0.049744606018066406
0.06708168983459473
0.05317807197570801
0.0563654899597168
0.04870748519897461
0.04982781410217285
0.06267595291137695
0.05171966552734375
0.05337238311767578
0.05199456214904785
0.049249887466430664
0.050253868103027344
0.05458235740661621
0.05019235610961914
0.04762625694274902
0.04727530479431152
0.05082511901855469
0.053896188735961914
0.04842877388000488
0.050745248794555664
0.04939866065979004
0.05119442939758301
0.04806637763977051
0.058507680892944336
0.04704785346984863
0.04893779754638672
0.055841684341430664
0.049448490142822266
0.05070638656616211
0.048291683197021484
0.050544023513793945
0.04970240592956543
0.04715085029602051
0.04711198806762695
0.05074119567871094
0.05391073226928711
0.04922842979431152
0.051604509353637695
0.05467820167541504
0.051085472106933594
0.04837942123413086
0.0505518913269043
0.04817914962768555
0.051497459411621094
0.05617690086364746
0.04854130744934082
0.05089163780212402
0.048119306564331055
0.049672842025756836
0.04753708839416504
0.04719853401184082
0.04753899574279785
0.06432151794433594
0.0574803352355957
0.05496668815612793
0.05444955825805664
0.05026531219482422
0.0482487678527832
0.04970359802246094
0.05168652534484863
0.050231218338012695
0.04880404472351074
0.05381631851196289
0.05126643180847168
0.05023503303527832
0.047827959060668945
0.0472564697265625
0.06768035888671875
0.05005788803100586
0.04682421684265137
0.05039715766906738
0.05495452880859375
0.04837322235107422
0.04987001419067383
0.054659128189086914
0.04730486869812012
0.04703783988952637
0.0477142333984375
0.0473480224609375
0.04839920997619629
0.052788496017456055
0.048352718353271484
0.047896385192871094
0.04759478569030762
0.047864675521850586
0.05716347694396973
0.048551321029663086
0.04810166358947754
0.048676252365112305
0.05528402328491211
0.049684762954711914
0.04877042770385742
0.05358386039733887
0.0492401123046875
0.04876518249511719
0.04848742485046387
0.0483403205871582
0.06928372383117676
0.17697525024414062
0.0632321834564209
0.13505983352661133
0.13548803329467773
0.13855886459350586
0.14487218856811523
0.15168142318725586
0.18379926681518555
0.07853055000305176
0.13214111328125
0.1274714469909668
0.1414787769317627
0.09425020217895508
0.10822105407714844
0.15254735946655273
0.2339475154876709
0.24478530883789062
0.22466087341308594
0.27709388732910156
0.23154926300048828
0.31131958961486816
0.2326221466064453
0.3629300594329834
0.24960017204284668
0.4421384334564209
0.16319036483764648
0.20337533950805664
0.1256108283996582
0.1672830581665039
0.20378541946411133
0.17964410781860352
0.22627043724060059
0.1938626766204834
0.16004562377929688
0.1190030574798584
0.13193821907043457
0.2824585437774658
0.24353337287902832
0.2292616367340088
0.27094292640686035
0.3317389488220215
0.29381537437438965
0.2616250514984131
0.27233314514160156
0.29314517974853516
0.38762831687927246
0.10692071914672852
0.16353154182434082
0.10010814666748047
0.16448521614074707
0.20061755180358887
0.15846014022827148
0.22866582870483398
0.09616661071777344
0.20371365547180176
0.11783814430236816
0.14183497428894043
0.21758151054382324
0.21217012405395508
0.2279796600341797
0.25914883613586426
0.2687065601348877
0.3122262954711914
0.35991525650024414
0.36834073066711426
0.23741960525512695
0.371596097946167
0.1257460117340088
0.09772729873657227
0.2084672451019287
0.12438154220581055
0.18517160415649414
0.18967318534851074
0.25841379165649414
0.10522603988647461
0.1497354507446289
0.1786494255065918
0.11966323852539062
0.19426178932189941
0.219407320022583
0.2464756965637207
0.24317431449890137
0.2916727066040039
0.3893699645996094
0.2898881435394287
0.3018341064453125
0.3014357089996338
0.34818196296691895
0.23333239555358887
0.1984117031097412
0.14134836196899414
0.18402981758117676
0.20759153366088867
0.24824929237365723
0.13135719299316406
0.14899373054504395
0.18619990348815918
0.11695528030395508
0.17599987983703613
0.24368000030517578
2.740591287612915
0.21258544921875
0.11022448539733887
0.17626047134399414
0.27656006813049316
0.2778310775756836
0.17593765258789062
0.1908276081085205
0.17522788047790527
0.2188117504119873
0.22335147857666016
0.2970409393310547
0.33158135414123535
0.38756299018859863
0.3244516849517822
0.49897050857543945
0.41218996047973633
0.34626197814941406
0.22050118446350098
0.14522457122802734
0.2064075469970703
0.19965767860412598
0.30489253997802734
0.20717525482177734
0.15227198600769043
0.14144158363342285
0.26384997367858887
0.3537299633026123
0.30176758766174316
0.38963818550109863
0.36774516105651855
0.3509674072265625
0.3646378517150879
0.3416404724121094
0.3445169925689697
0.2122058868408203
0.13851332664489746
0.2108750343322754
0.22435975074768066
0.3625681400299072
0.20820093154907227
0.2110147476196289
0.1401050090789795
0.2558574676513672
0.33025574684143066
0.31245970726013184
0.4706428050994873
0.3859121799468994
0.33495450019836426
0.29581618309020996
0.41591811180114746
0.24381780624389648
0.22067475318908691
0.19433975219726562
0.29719090461730957
0.3612484931945801
0.16760516166687012
0.2199084758758545
0.14710283279418945
0.23125076293945312
0.40759706497192383
0.39154052734375
0.33541393280029297
0.35956597328186035
0.370023250579834
0.39196205139160156
0.4325447082519531
0.20967555046081543
0.24862074851989746
0.2549095153808594
0.21214723587036133
0.29224276542663574
0.17389607429504395
0.22318601608276367
0.15222430229187012
0.16774654388427734
0.2412705421447754
0.27165722846984863
0.26046133041381836
0.27879858016967773
0.38433122634887695
0.3354816436767578
0.43874096870422363
0.421917200088501
0.28592586517333984
0.18068718910217285
0.1774129867553711
0.21172475814819336
0.2320082187652588
0.3446767330169678
0.15906167030334473
0.20783710479736328
0.16229748725891113
0.22915291786193848
0.26102614402770996
0.2940075397491455
0.32639622688293457
0.4446377754211426
0.4182138442993164
0.3123745918273926
0.29392075538635254
0.39740848541259766
0.1376347541809082
0.21544742584228516
0.2298426628112793
0.21503615379333496
0.30692577362060547
0.20714330673217773
0.21535444259643555
0.13286733627319336
0.2000865936279297
0.2803080081939697
0.3510758876800537
0.29256510734558105
0.4458596706390381
0.28673863410949707
0.31995487213134766
0.28560423851013184
0.35159850120544434
0.29288554191589355
0.22306156158447266
0.1542377471923828
0.20434188842773438
0.24199938774108887
0.280057430267334
0.19994354248046875
0.1897435188293457
0.14951443672180176
0.19093751907348633
0.2661244869232178
0.29572081565856934
0.3187384605407715
0.39841151237487793
0.36152076721191406
0.4072690010070801
0.2539098262786865
0.4091174602508545
0.2377028465270996
0.23225975036621094
0.3684370517730713
0.3236114978790283
0.19794464111328125
0.1720428466796875
0.2427990436553955
0.29650354385375977
0.30868005752563477
0.28099989891052246
0.30219292640686035
0.45289111137390137
0.38318848609924316
0.4308435916900635
0.4275050163269043
0.1353776454925537
0.22116875648498535
0.15361809730529785
0.241438627243042
0.19176840782165527
0.25817084312438965
0.1733100414276123
0.17831683158874512
0.13174009323120117
0.24834227561950684
0.29892683029174805
0.22601008415222168
0.2912473678588867
0.33400464057922363
0.3193795680999756
0.38275647163391113
0.3888828754425049
0.37061381340026855
0.18675446510314941
0.16828465461730957
0.11399674415588379
0.2102518081665039
0.22274017333984375
0.16577410697937012
0.20473933219909668
0.16440653800964355
0.16461682319641113
0.16096186637878418
0.18526649475097656
0.2345595359802246
0.26346683502197266
0.29041290283203125
0.3260030746459961
0.34310102462768555
0.3065066337585449
0.34609222412109375
0.2682316303253174
0.401289701461792
0.1647195816040039
0.13468146324157715
0.12700462341308594
0.1846005916595459
0.1892390251159668
0.1575942039489746
0.2472541332244873
0.13711881637573242
0.19455170631408691
0.10375523567199707
0.12058663368225098
0.22095298767089844
0.21821951866149902
0.2685410976409912
0.2756946086883545
0.24346590042114258
0.29584813117980957
0.2616288661956787
0.29231905937194824
0.33324217796325684
0.3205270767211914
0.286060094833374
0.1654353141784668
0.09531116485595703
0.1573019027709961
0.2026655673980713
0.18574309349060059
0.21738862991333008
0.11461663246154785
0.1418018341064453
0.18779993057250977
0.12300252914428711
0.251340389251709
0.22375082969665527
0.27632808685302734
0.24127197265625
0.3050656318664551
0.3044922351837158
0.3035125732421875
0.3626723289489746
0.3278205394744873
0.25342297554016113
0.12189316749572754
0.22246360778808594
0.12567639350891113
0.16856670379638672
0.17896080017089844
0.20909833908081055
0.1840982437133789
0.1710500717163086
0.19381213188171387
0.1410372257232666
0.28057122230529785
0.32397937774658203
0.21624016761779785
0.22489309310913086
0.3127167224884033
0.24170875549316406
0.28912878036499023
0.2944178581237793
0.3325636386871338
0.50343918800354
0.07034921646118164
0.21529197692871094
0.12810945510864258
0.19147801399230957
0.1641523838043213
0.20680832862854004
0.15152311325073242
0.1676185131072998
0.18666911125183105
0.1254417896270752
0.16951274871826172
0.22099781036376953
0.2597935199737549
0.2533104419708252
0.29256582260131836
0.25722312927246094
0.31470608711242676
0.23906779289245605
0.32981371879577637
0.44176673889160156
0.29480433464050293
0.23115825653076172
0.13982176780700684
0.23178482055664062
0.19293761253356934
0.20117807388305664
0.15267395973205566
0.17327308654785156
0.13893580436706543
0.12604165077209473
0.18785429000854492
0.2219090461730957
0.303678035736084
0.26714277267456055
0.2579653263092041
0.29610705375671387
0.2658658027648926
0.3085036277770996
0.3142201900482178
0.36537623405456543
0.21345281600952148
0.06901407241821289
0.19655275344848633
0.1288433074951172
0.19711971282958984
0.24944281578063965
0.19669604301452637
0.17588424682617188
0.18856096267700195
0.1238095760345459
0.12414836883544922
0.27169275283813477
0.22946739196777344
0.28006649017333984
0.28258371353149414
0.2781972885131836
0.2849419116973877
0.2837686538696289
0.31046009063720703
0.2887427806854248
0.3545393943786621
0.08021402359008789
0.21716547012329102
0.11817026138305664
0.15355277061462402
0.18905901908874512
0.1501169204711914
0.2212212085723877
0.11986184120178223
0.19580698013305664
0.1130518913269043
0.14463186264038086
0.2476201057434082
0.247267484664917
0.20999956130981445
0.23834228515625
0.30380940437316895
0.273878812789917
0.3025684356689453
0.24527215957641602
0.33731675148010254
0.4270050525665283
0.16275858879089355
0.14390993118286133
0.1400437355041504
0.20052146911621094
0.2030951976776123
0.17412424087524414
0.2138080596923828
0.15767121315002441
0.18140077590942383
0.1300654411315918
0.19077444076538086
0.22666501998901367
0.21473312377929688
0.27078700065612793
0.24710965156555176
0.29259181022644043
0.33689451217651367
0.35265684127807617
0.3045923709869385
0.337510347366333
0.23247122764587402
0.08897042274475098
0.16722464561462402
0.10961365699768066
0.14413976669311523
0.17954182624816895
0.21988582611083984
0.2313690185546875
0.14780879020690918
0.18511748313903809
0.11201739311218262
0.16082215309143066
0.2792019844055176
0.2319023609161377
0.34583449363708496
0.3347446918487549
0.30700016021728516
0.2487494945526123
0.31631922721862793
0.3424952030181885
0.37425780296325684
0.2174363136291504
0.18355131149291992
0.1319437026977539
0.16701173782348633
0.21225237846374512
0.19157052040100098
0.2036449909210205
0.18275785446166992
0.13406062126159668
0.14229965209960938
0.14772629737854004
0.27419424057006836
0.23224329948425293
0.26433229446411133
0.3587646484375
0.30426621437072754
0.2969658374786377
0.26442933082580566
0.3902251720428467
0.45244550704956055
0.10671472549438477
0.2277815341949463
0.17508792877197266
0.18183064460754395
0.20296120643615723
0.23871159553527832
0.11160683631896973
0.1701352596282959
0.12160420417785645
0.16208863258361816
0.22018074989318848
0.21240997314453125
0.23933839797973633
0.24591588973999023
0.31136631965637207
0.34215712547302246
0.2992439270019531
0.26788330078125
0.34331560134887695
0.3711416721343994
0.1648545265197754
0.14195513725280762
0.1118173599243164
0.21249985694885254
0.16431045532226562
0.17891526222229004
0.23551535606384277
0.17172598838806152
0.1823863983154297
0.11026477813720703
0.1066746711730957
0.2659626007080078
0.21509075164794922
0.2662522792816162
0.28461384773254395
0.28961730003356934
0.3943753242492676
0.31458520889282227
0.37552714347839355
0.33126068115234375
0.20903706550598145
0.06774520874023438
0.16632556915283203
0.14798617362976074
0.23137974739074707
0.2520933151245117
0.2117147445678711
0.16934680938720703
0.1630105972290039
0.13330674171447754
0.13565301895141602
0.23996567726135254
0.25476670265197754
0.2553529739379883
0.2873353958129883
0.29013490676879883
0.2663094997406006
0.2848234176635742
0.3939778804779053
0.33330726623535156
0.1910099983215332
0.1107633113861084
0.2028663158416748
0.1606428623199463
0.19854307174682617
0.20509648323059082
0.2480161190032959
0.1115255355834961
0.23333239555358887
0.10228252410888672
0.11936402320861816
0.2049236297607422
0.3423750400543213
0.2830021381378174
0.32115840911865234
0.3126070499420166
0.2693817615509033
0.2781243324279785
0.3870270252227783
0.3667573928833008
0.27100276947021484
0.05994558334350586
0.05558919906616211
0.04912710189819336
0.04843640327453613
0.04805111885070801
0.04785656929016113
0.20024919509887695
0.18725824356079102
0.23857522010803223
0.15193724632263184
0.1658930778503418
0.09939146041870117
0.2055377960205078
0.20749855041503906
0.21530485153198242
0.14447474479675293
0.1254723072052002
0.13009238243103027
0.1287524700164795
0.3092465400695801
0.2053687572479248
0.13862204551696777
0.14070439338684082
0.13484930992126465
0.11185574531555176
0.24419736862182617
0.19859886169433594
0.22818398475646973
0.140899658203125
0.1424727439880371
0.1462550163269043
0.23106598854064941
0.16260480880737305
0.21282529830932617
0.13585567474365234
0.17457127571105957
0.11864495277404785
0.2098400592803955
0.2111506462097168
0.23787140846252441
0.1425938606262207
0.15124082565307617
0.0944662094116211
0.10343241691589355
0.23824286460876465
0.23343133926391602
0.20563077926635742
0.16164231300354004
0.12397146224975586
0.11776471138000488
0.056429386138916016
0.051397085189819336
0.04803943634033203
0.04816603660583496
0.05391502380371094
0.049079179763793945
0.04793214797973633
0.047455549240112305
0.04704403877258301
0.048902273178100586
0.0482485294342041
0.0537416934967041
0.048157453536987305
0.05968213081359863
0.049500465393066406
0.04859280586242676
0.04856681823730469
0.04778480529785156
0.04779672622680664
0.047091007232666016
0.04754972457885742
0.04810905456542969
0.055086612701416016
0.04970049858093262
0.04909682273864746
0.054053544998168945
0.05414533615112305
0.04854249954223633
0.04815864562988281
0.05817532539367676
0.0494990348815918
0.054962158203125
0.04942893981933594
0.04959392547607422
0.049741268157958984
0.059781551361083984
0.054197072982788086
0.04836678504943848
0.04919004440307617
0.05762648582458496
0.05752158164978027
0.04981064796447754
0.049809932708740234
0.04962277412414551
0.04907965660095215
0.04909825325012207
0.05416131019592285
0.04870867729187012
0.04892277717590332
0.06361246109008789
0.055643320083618164
0.04910421371459961
0.04912877082824707
0.048745155334472656
0.04813981056213379
0.04897284507751465
0.04813861846923828
0.048694610595703125
0.054906606674194336
0.04925346374511719
0.04903411865234375
0.04903244972229004
0.0484466552734375
0.05753493309020996
0.05454611778259277
0.04800677299499512
0.056792259216308594
0.061840057373046875
0.04981803894042969
0.04877591133117676
0.04877829551696777
0.04949617385864258
0.04736065864562988
0.04845142364501953
0.047392845153808594
0.047902584075927734
0.06011462211608887
0.053418636322021484
0.048876285552978516
0.05417943000793457
0.048513174057006836
0.054952383041381836
0.060083866119384766
0.04721403121948242
0.05348014831542969
0.0627896785736084
0.055280447006225586
0.049111127853393555
0.04852557182312012
0.04858040809631348
0.04833173751831055
0.05083489418029785
0.04909491539001465
0.0487368106842041
0.055292606353759766
0.04980063438415527
0.05025625228881836
0.05191469192504883
0.04834628105163574
0.04875493049621582
0.04815673828125
0.048532724380493164
0.05214715003967285
0.05765843391418457
0.06415891647338867
0.0585024356842041
0.05433988571166992
0.049031734466552734
0.049356698989868164
0.04978537559509277
0.04870128631591797
0.04923605918884277
0.05522632598876953
0.04966235160827637
0.049803972244262695
0.05090689659118652
0.0491790771484375
0.048853397369384766
0.04888415336608887
0.05106472969055176
0.06036663055419922
0.062064409255981445
0.057541847229003906
0.05733990669250488
0.05089426040649414
0.05124783515930176
0.0484619140625
0.05123162269592285
0.05155587196350098
0.04871368408203125
0.05385327339172363
0.04920172691345215
0.05075502395629883
0.04826045036315918
0.049067020416259766
0.048351287841796875
0.04835009574890137
0.05429196357727051
0.05609583854675293
0.05500173568725586
0.0491948127746582
0.04923224449157715
0.049094438552856445
0.04776477813720703
0.04818081855773926
0.051163434982299805
0.04842567443847656
0.04834747314453125
0.05515170097351074
0.049252986907958984
0.05264472961425781
0.05493283271789551
0.04807305335998535
0.05016064643859863
0.0482935905456543
0.04830598831176758
0.04837918281555176
0.05456209182739258
0.05088210105895996
0.058155059814453125
0.050752878189086914
0.048453330993652344
0.04802393913269043
0.05390739440917969
0.0572352409362793
0.05086636543273926
0.054714202880859375
0.049196481704711914
0.04900336265563965
0.05425858497619629
0.04852008819580078
0.04848027229309082
0.048685550689697266
0.05437803268432617
0.049103736877441406
0.05480217933654785
0.0498964786529541
0.05467057228088379
0.05033063888549805
0.05062222480773926
0.048206329345703125
0.04920387268066406
0.0484166145324707
0.05042862892150879
0.06024599075317383
0.04929351806640625
0.049695491790771484
0.0491182804107666
0.0484623908996582
0.04779195785522461
0.05376124382019043
0.0481259822845459
0.05356955528259277
0.05937337875366211
0.051421165466308594
0.049025774002075195
0.05029034614562988
0.04849839210510254
0.049942731857299805
0.05352950096130371
0.04844403266906738
0.05356407165527344
0.0572054386138916
0.049048662185668945
0.04885077476501465
0.048212528228759766
0.04858207702636719
0.04835200309753418
0.05399608612060547
0.04957270622253418
0.05032825469970703
0.05425000190734863
0.051125526428222656
0.050531625747680664
0.04885697364807129
0.054509639739990234
0.054140329360961914
0.04901313781738281
0.04846024513244629
0.04847574234008789
0.053995609283447266
0.06495833396911621
0.05074167251586914
0.04884767532348633
0.06287097930908203
0.051038503646850586
0.05250072479248047
0.051221370697021484
0.04989337921142578
0.0563507080078125
0.05199790000915527
0.04960274696350098
0.06265616416931152
0.04878997802734375
0.050649404525756836
0.04857277870178223
0.050249338150024414
0.050716400146484375
0.05683493614196777
0.050322532653808594
0.049794673919677734
0.048662662506103516
0.04819655418395996
0.04890608787536621
0.05014228820800781
0.049607276916503906
0.05726337432861328
0.058130502700805664
0.05646562576293945
0.05565357208251953
0.05137062072753906
0.05397391319274902
0.05541706085205078
0.05486035346984863
0.05138540267944336
0.06064033508300781
0.057164907455444336
0.05781698226928711
0.05163931846618652
0.0570065975189209
0.04943084716796875
0.058007001876831055
0.0520930290222168
0.050498247146606445
0.05683708190917969
0.05741715431213379
0.05742835998535156
0.0525057315826416
0.051772117614746094
0.05785012245178223
0.05677151679992676
0.051663875579833984
0.05400252342224121
0.04995322227478027
0.05698347091674805
0.06003236770629883
0.05219078063964844
0.05481529235839844
0.05301523208618164
0.048929452896118164
0.056677818298339844
0.04809451103210449
0.048586368560791016
0.055613040924072266
0.052430152893066406
0.04882168769836426
0.04939985275268555
0.04797816276550293
0.04788661003112793
0.04897499084472656
0.0568544864654541
0.0494234561920166
0.05765843391418457
0.04926180839538574
0.05152416229248047
0.048490285873413086
0.06226301193237305
0.056997060775756836
0.04901719093322754
0.04843640327453613
0.048937320709228516
0.05437302589416504
0.0500638484954834
0.055518150329589844
0.04903101921081543
0.06138253211975098
0.05055522918701172
0.04855704307556152
0.056946516036987305
0.058010101318359375
0.06069588661193848
0.05865359306335449
0.0495755672454834
0.05194449424743652
0.05453324317932129
0.04911637306213379
0.05418896675109863
0.05402874946594238
0.056432247161865234
0.05773568153381348
0.04924798011779785
0.04872298240661621
0.048074960708618164
0.04729962348937988
0.04849553108215332
0.04774808883666992
0.048480987548828125
0.048108577728271484
0.056326866149902344
0.04897809028625488
0.049599647521972656
0.04830169677734375
0.04884147644042969
0.048157453536987305
0.054256439208984375
0.048149824142456055
0.05398130416870117
0.05336642265319824
0.04909396171569824
0.04976296424865723
0.05428767204284668
0.04859805107116699
0.05527687072753906
0.05535888671875
0.047991037368774414
0.04858112335205078
0.0546724796295166
0.06345534324645996
0.04924345016479492
0.048635005950927734
0.04808521270751953
0.0477144718170166
0.049076080322265625
0.05252957344055176
0.04868125915527344
0.05470466613769531
0.055246591567993164
0.051271915435791016
0.048766136169433594
0.04909801483154297
0.04953360557556152
0.048189640045166016
0.04850292205810547
0.04813694953918457
0.054982900619506836
0.049954891204833984
0.0501711368560791
0.05061078071594238
0.04846072196960449
0.04836726188659668
0.04856419563293457
0.04828357696533203
0.048332929611206055
0.05764412879943848
0.0502171516418457
0.05886530876159668
0.049771785736083984
0.05086469650268555
0.048746347427368164
0.05162239074707031
0.04939627647399902
0.04889369010925293
0.05482745170593262
0.05075979232788086
0.04972720146179199
0.05263829231262207
0.05074596405029297
0.04895138740539551
0.05790376663208008
0.04931998252868652
0.050744056701660156
0.061705589294433594
0.05732917785644531
0.05792069435119629
0.05742788314819336
0.056679487228393555
0.04911446571350098
0.0545954704284668
0.04897165298461914
0.05410146713256836
0.054671525955200195
0.04937171936035156
0.049607038497924805
0.04935145378112793
0.05715012550354004
0.050676822662353516
0.048865556716918945
0.04788613319396973
0.04916262626647949
0.0554656982421875
0.04968690872192383
0.0489497184753418
0.04984855651855469
0.04845285415649414
0.05668210983276367
0.05125617980957031
0.04845023155212402
0.04915904998779297
0.05624032020568848
0.0484776496887207
0.05013298988342285
0.0548398494720459
0.04951071739196777
0.04773306846618652
0.04843544960021973
0.05337023735046387
0.05348491668701172
0.055350542068481445
0.0496821403503418
0.04910087585449219
0.049002647399902344
0.05833721160888672
0.0486757755279541
0.049468994140625
0.04829740524291992
0.048615455627441406
0.05456233024597168
0.055457115173339844
0.04920482635498047
0.049463510513305664
0.048535823822021484
0.04882168769836426
0.04831433296203613
0.04851174354553223
0.05847311019897461
0.06210446357727051
0.04986381530761719
0.0548095703125
0.04857635498046875
0.054239511489868164
0.052176713943481445
0.05559873580932617
0.06254220008850098
0.048767805099487305
0.06504011154174805
0.05701446533203125
0.04955434799194336
0.06264209747314453
0.05754685401916504
0.05189776420593262
0.048087358474731445
0.04806113243103027
0.04892706871032715
0.05450725555419922
0.048912763595581055
0.05453038215637207
0.04840087890625
0.0481417179107666
0.04804515838623047
0.05028128623962402
0.049767255783081055
0.05045938491821289
0.05468344688415527
0.05546689033508301
0.04960751533508301
0.05096697807312012
0.048685550689697266
0.05071902275085449
0.05611157417297363
0.048691749572753906
0.050057172775268555
0.0564725399017334
0.04930734634399414
0.05901193618774414
0.04822373390197754
0.05863785743713379
0.048073530197143555
0.04858517646789551
0.05022788047790527
0.0583956241607666
0.0562586784362793
0.04907703399658203
0.05899786949157715
0.04902386665344238
0.047887325286865234
0.057633399963378906
0.04967951774597168
0.04978656768798828
0.048492431640625
0.05622529983520508
0.05096077919006348
0.050902366638183594
0.04843592643737793
0.0487213134765625
0.05004000663757324
0.04799389839172363
0.0495150089263916
0.05576157569885254
0.05599474906921387
0.0493927001953125
0.05587196350097656
0.05107831954956055
0.0485382080078125
0.04873251914978027
0.058602333068847656
0.048636436462402344
0.048781633377075195
0.059993743896484375
0.04964137077331543
0.04900670051574707
0.050450801849365234
0.05022168159484863
0.048738718032836914
0.04993748664855957
0.05379748344421387
0.048870086669921875
0.05634450912475586
0.04961276054382324
0.048929691314697266
0.05019950866699219
0.048934221267700195
0.05707502365112305
0.04875016212463379
0.0489499568939209
0.04944658279418945
0.06365442276000977
0.05173039436340332
0.04881691932678223
0.049218177795410156
0.048865556716918945
0.06409907341003418
0.05246782302856445
0.04815220832824707
0.0486447811126709
0.05416250228881836
0.04932665824890137
0.049050331115722656
0.05017662048339844
0.049037933349609375
0.05835604667663574
0.04945802688598633
0.0494234561920166
0.04872536659240723
0.056339263916015625
0.049393415451049805
0.04852628707885742
0.047914981842041016
0.056754350662231445
0.0481719970703125
0.047931671142578125
0.049420833587646484
0.04970288276672363
0.05420684814453125
0.05928659439086914
0.04906964302062988
0.048500776290893555
0.0487513542175293
0.04973173141479492
0.04821586608886719
0.057440757751464844
0.05333733558654785
0.05436897277832031
0.04911613464355469
0.05399942398071289
0.04803133010864258
0.0481112003326416
0.0495603084564209
0.05019545555114746
0.05449175834655762
0.05919241905212402
0.05900716781616211
0.060567378997802734
0.05944180488586426
0.05200672149658203
0.04888200759887695
0.050360679626464844
0.04873061180114746
0.059046268463134766
0.06715273857116699
0.05916452407836914
0.049790143966674805
0.050722360610961914
0.05911827087402344
0.048796892166137695
0.05014395713806152
0.04852604866027832
0.05012345314025879
0.05696392059326172
0.0551602840423584
0.05805802345275879
0.048055171966552734
0.04843330383300781
0.05471658706665039
0.04895734786987305
0.047974586486816406
0.04824471473693848
0.048423051834106445
0.054163217544555664
0.049382686614990234
0.04903769493103027
0.04870772361755371
0.04849529266357422
0.04954671859741211
0.04841423034667969
0.047927141189575195
0.04863595962524414
0.055419206619262695
0.04998469352722168
0.048879146575927734
0.05035281181335449
0.05467820167541504
0.048598289489746094
0.04872012138366699
0.04847407341003418
0.04879879951477051
0.0548396110534668
0.05350780487060547
0.05063152313232422
0.055295705795288086
0.04847097396850586
0.049138545989990234
0.051213979721069336
0.049108266830444336
0.06070423126220703
0.06140422821044922
0.05509829521179199
0.04935789108276367
0.04899477958679199
0.04883003234863281
0.04947495460510254
0.0510251522064209
0.04958629608154297
0.05805349349975586
0.06501412391662598
0.05107593536376953
0.049874067306518555
0.05134868621826172
0.06169271469116211
0.05153489112854004
0.04935717582702637
0.0477602481842041
0.048769474029541016
0.05586385726928711
0.04964947700500488
0.05009889602661133
0.05506706237792969
0.04861116409301758
0.04792022705078125
0.04773902893066406
0.04804205894470215
0.04894828796386719
0.05451369285583496
0.055365562438964844
0.057794809341430664
0.052640676498413086
0.05409502983093262
0.04848074913024902
0.04856729507446289
0.05151772499084473
0.049652099609375
0.054854393005371094
0.04941606521606445
0.049361228942871094
0.049359798431396484
0.049386024475097656
0.04906034469604492
0.049083709716796875
0.04851698875427246
0.04882383346557617
0.05506157875061035
0.050049781799316406
0.04944920539855957
0.049184322357177734
0.050019025802612305
0.04901266098022461
0.05999350547790527
0.05670475959777832
0.058835506439208984
0.05485367774963379
0.049756765365600586
0.04964733123779297
0.049776315689086914
0.04927325248718262
0.048707008361816406
0.04870963096618652
0.05402207374572754
0.053545475006103516
0.05473184585571289
0.04979515075683594
0.04965567588806152
0.049311161041259766
0.04842066764831543
0.04892921447753906
0.04857230186462402
0.05072450637817383
0.04874444007873535
0.05579710006713867
0.04979515075683594
0.04894900321960449
0.04906940460205078
0.048126220703125
0.05120253562927246
0.05263042449951172
0.054114580154418945
0.048757314682006836
0.05452275276184082
0.04973292350769043
0.04957151412963867
0.04903149604797363
0.04867815971374512
0.0482487678527832
0.048516273498535156
0.04839801788330078
0.049007415771484375
0.05487060546875
0.04997134208679199
0.0493168830871582
0.04885601997375488
0.04843020439147949
0.054273128509521484
0.04823493957519531
0.04754018783569336
0.05460405349731445
0.05495619773864746
0.04930591583251953
0.04852032661437988
0.04838824272155762
0.04834175109863281
0.04818868637084961
0.053680419921875
0.049376726150512695
0.0482177734375
0.054274559020996094
0.04935002326965332
0.0574798583984375
0.058737754821777344
0.05269789695739746
0.05095982551574707
0.04926872253417969
0.048937082290649414
0.048928022384643555
0.05510830879211426
0.050013065338134766
0.04949593544006348
0.0496675968170166
0.04954981803894043
0.054441213607788086
0.04960179328918457
0.05456876754760742
0.05476880073547363
0.05466055870056152
0.049751996994018555
0.049538612365722656
0.049701690673828125
0.047846078872680664
0.04850578308105469
0.048908233642578125
0.0486445426940918
0.05370020866394043
0.055368661880493164
0.0502619743347168
0.04978179931640625
0.049889564514160156
0.0623164176940918
0.05036115646362305
0.054785966873168945
0.04854536056518555
0.04875302314758301
0.0553433895111084
0.050470590591430664
0.05480027198791504
0.050147294998168945
0.05464291572570801
0.04905343055725098
0.05073118209838867
0.04902338981628418
0.049282073974609375
0.0642690658569336
0.05067133903503418
0.05518770217895508
0.05290699005126953
0.048764705657958984
0.054022789001464844
0.0482640266418457
0.0489659309387207
0.04882168769836426
0.05437207221984863
0.04951786994934082
0.049585580825805664
0.04889798164367676
0.04866909980773926
0.04887557029724121
0.05741548538208008
0.04906272888183594
0.05417609214782715
0.05462050437927246
0.049353599548339844
0.04907655715942383
0.05337810516357422
0.04905056953430176
0.048346757888793945
0.06268453598022461
0.04874587059020996
0.0487518310546875
0.060010433197021484
0.06384825706481934
0.0585019588470459
0.04944944381713867
0.050902605056762695
0.04936575889587402
0.04866194725036621
0.05430245399475098
0.048372745513916016
0.05621671676635742
0.04948782920837402
0.04895806312561035
0.0490877628326416
0.05944705009460449
0.05215048789978027
0.04921746253967285
0.048435211181640625
0.04864382743835449
0.055426597595214844
0.051499366760253906
0.05004620552062988
0.049707889556884766
0.04937291145324707
0.04948282241821289
0.05010199546813965
0.04832601547241211
0.04888582229614258
0.0545039176940918
0.058567047119140625
0.04917502403259277
0.049260616302490234
0.04871535301208496
0.048531532287597656
0.04817342758178711
0.04762840270996094
0.04808473587036133
0.05472612380981445
0.45047688484191895
0.05566859245300293
0.05556964874267578
0.05686521530151367
0.06424331665039062
0.05901312828063965
0.055181026458740234
0.05556750297546387
0.05515885353088379
0.06176257133483887
0.05625104904174805
0.05516242980957031
0.0644373893737793
0.05825662612915039
0.05792689323425293
0.0642693042755127
0.05773568153381348
0.0632941722869873
0.06536006927490234
0.06048870086669922
0.055593013763427734
0.05595755577087402
0.06072711944580078
0.05537533760070801
0.055341482162475586
0.06296396255493164
0.056340932846069336
0.06318521499633789
0.060761451721191406
0.05485129356384277
0.054409027099609375
0.05524897575378418
0.07146024703979492
0.058292388916015625
0.055204153060913086
0.05542159080505371
0.06857824325561523
0.06033587455749512
0.05422472953796387
0.0589444637298584
0.057076215744018555
0.05982470512390137
0.05592012405395508
0.05492377281188965
0.06030082702636719
0.06088972091674805
0.05414986610412598
0.06109499931335449
0.05501890182495117
0.06380605697631836
0.05408048629760742
0.053583621978759766
0.05265069007873535
0.05300450325012207
0.06006669998168945
0.054219961166381836
0.058493852615356445
0.05217742919921875
0.05171036720275879
0.0512237548828125
0.05100369453430176
0.05061769485473633
0.05073356628417969
0.06476545333862305
0.05196046829223633
0.05156230926513672
0.051178693771362305
0.050585031509399414
0.04991579055786133
0.05011415481567383
0.04980874061584473
0.05519747734069824
0.056751251220703125
0.050551414489746094
0.05042743682861328
0.05055999755859375
0.0552973747253418
0.049337148666381836
0.049816131591796875
0.04951119422912598
0.05946683883666992
0.062491655349731445
0.049860477447509766
0.04997825622558594
0.05557107925415039
0.04936552047729492
0.049530744552612305
0.06339788436889648
0.052127838134765625
0.04954218864440918
0.05555558204650879
0.05509781837463379
0.04990744590759277
0.0505678653717041
0.05803990364074707
0.049903154373168945
0.048827409744262695
0.04945492744445801
0.05395174026489258
0.06484436988830566
0.04989790916442871
0.0580596923828125
0.05248212814331055
0.049689292907714844
0.05456399917602539
0.04931378364562988
0.049573421478271484
0.049295663833618164
0.054984331130981445
0.04931449890136719
0.04914355278015137
0.04938101768493652
0.05480194091796875
0.05819392204284668
0.049193382263183594
0.049124717712402344
0.05680131912231445
0.05456805229187012
0.04962587356567383
0.048888206481933594
0.05385708808898926
0.04877352714538574
0.06073141098022461
0.048705101013183594
0.05137944221496582
0.048796892166137695
0.05449819564819336
0.05439591407775879
0.04890561103820801
0.048777103424072266
0.048750877380371094
0.048593759536743164
0.04835224151611328
0.04853510856628418
0.048439741134643555
0.0636897087097168
0.05445528030395508
0.04854774475097656
0.05392813682556152
0.048389434814453125
0.048435211181640625
0.04780101776123047
0.047863006591796875
0.049009084701538086
0.053908348083496094
0.04892873764038086
0.048903703689575195
0.048374176025390625
0.053856849670410156
0.047901153564453125
0.05366826057434082
0.04792356491088867
0.05325651168823242
0.05374598503112793
0.049445152282714844
0.04851961135864258
0.04821586608886719
0.048178911209106445
0.04800701141357422
0.052964210510253906
0.06254363059997559
0.048967838287353516
0.06424713134765625
0.04965686798095703
0.054436683654785156
0.050248146057128906
0.05464959144592285
0.04878044128417969
0.04827690124511719
0.04963088035583496
0.04893374443054199
0.054335832595825195
0.04999899864196777
0.049242258071899414
0.05648303031921387
0.04852604866027832
0.05554008483886719
0.04740405082702637
0.04832005500793457
0.047544240951538086
0.05273938179016113
0.049027204513549805
0.04933333396911621
0.0489962100982666
0.04895138740539551
0.04886436462402344
0.04869222640991211
0.05404257774353027
0.04931306838989258
0.05473518371582031
0.049626827239990234
0.04958152770996094
0.04872703552246094
0.048879384994506836
0.04873037338256836
0.04881119728088379
0.04877209663391113
0.04910445213317871
0.05370211601257324
0.04919123649597168
0.0540771484375
0.04891395568847656
0.05365777015686035
0.04867196083068848
0.05079007148742676
0.048517465591430664
0.05417227745056152
0.054680824279785156
0.049690961837768555
0.04866838455200195
0.04867267608642578
0.05396580696105957
0.04845857620239258
0.04788541793823242
0.057309865951538086
0.0493626594543457
0.05404233932495117
0.0488893985748291
0.04873299598693848
0.04891371726989746
0.04835367202758789
0.047799110412597656
0.04817008972167969
0.048201799392700195
0.04856371879577637
0.05750632286071777
0.049294233322143555
0.0543825626373291
0.05726456642150879
0.053696632385253906
0.050151824951171875
0.04809880256652832
0.04721784591674805
0.04808354377746582
0.06272149085998535
0.05775642395019531
0.04857826232910156
0.04803824424743652
0.04793095588684082
0.04775738716125488
0.0473177433013916
0.053798675537109375
0.04797816276550293
0.05339813232421875
0.049167633056640625
0.052347421646118164
0.048639774322509766
0.047887325286865234
0.04719185829162598
0.04769730567932129
0.04828786849975586
0.04811906814575195
0.05411076545715332
0.0499265193939209
0.05484962463378906
0.04838728904724121
0.05701041221618652
0.05436992645263672
0.0477452278137207
0.04856252670288086
0.048949480056762695
0.05389761924743652
0.04912972450256348
0.04873776435852051
0.04890727996826172
0.04790759086608887
0.04777264595031738
0.04892396926879883
0.05386757850646973
0.04883933067321777
0.053620338439941406
0.049241065979003906
0.04875016212463379
0.048307180404663086
0.04842042922973633
0.04787755012512207
0.04793429374694824
0.04813957214355469
0.04773235321044922
0.053737640380859375
0.048224687576293945
0.047968149185180664
0.04843282699584961
0.048513174057006836
0.04756355285644531
0.05698108673095703
0.0567317008972168
0.0577390193939209
0.06272387504577637
0.05113625526428223
0.04960012435913086
0.04937100410461426
0.04864692687988281
0.04831743240356445
0.04859638214111328
0.04952216148376465
0.0490872859954834
0.0540919303894043
0.054360151290893555
0.049066781997680664
0.04906105995178223
0.048685550689697266
0.04827713966369629
0.057724714279174805
0.053327322006225586
0.04844355583190918
0.06041836738586426
0.050920724868774414
0.048751115798950195
0.04873967170715332
0.04756951332092285
0.049466848373413086
0.047598838806152344
0.047287940979003906
0.04796171188354492
0.053681135177612305
0.048688650131225586
0.049213409423828125
0.05662393569946289
0.05352592468261719
0.04924726486206055
0.049628496170043945
0.04900360107421875
0.05346798896789551
0.05420970916748047
0.049118757247924805
0.04948830604553223
0.05510139465332031
0.05726909637451172
0.049957275390625
0.0488128662109375
0.049703359603881836
0.047943830490112305
0.0554656982421875
0.04956626892089844
0.04954099655151367
0.07554364204406738
0.05078721046447754
0.05326557159423828
0.05190587043762207
0.05188798904418945
0.0653371810913086
0.062032461166381836
0.0521397590637207
0.05163073539733887
0.05105710029602051
0.049239158630371094
0.048742055892944336
0.05407357215881348
0.048941612243652344
0.05714583396911621
0.05662679672241211
0.04839730262756348
0.04842090606689453
0.04854631423950195
0.048041582107543945
0.05752825736999512
0.05240440368652344
0.048467159271240234
0.04892134666442871
0.05367732048034668
0.04914712905883789
0.049002885818481445
0.04782724380493164
0.053323984146118164
0.04853343963623047
0.047867536544799805
0.04911017417907715
0.048992156982421875
0.053832292556762695
0.04962301254272461
0.04940652847290039
0.05729413032531738
0.061171531677246094
0.04770088195800781
0.04800128936767578
0.04852461814880371
0.04916834831237793
0.05345487594604492
0.04920315742492676
0.04885244369506836
0.04835081100463867
0.04851412773132324
0.058205604553222656
0.05386972427368164
0.04838061332702637
0.04849743843078613
0.06328272819519043
0.04997062683105469
0.0485072135925293
0.04828166961669922
0.048352718353271484
0.048336029052734375
0.048224449157714844
0.04964709281921387
0.048815250396728516
0.06216621398925781
0.04926013946533203
0.0482332706451416
0.04763460159301758
0.04826831817626953
0.04730844497680664
0.04671049118041992
0.0476226806640625
0.052945613861083984
0.0533595085144043
0.054271697998046875
0.04867815971374512
0.04797077178955078
0.04776358604431152
0.053429603576660156
0.048134803771972656
0.053406715393066406
0.048673152923583984
0.058389902114868164
0.04880332946777344
0.048371076583862305
0.04791831970214844
0.04807543754577637
0.047264814376831055
0.04658174514770508
0.0534822940826416
0.048050642013549805
0.054427385330200195
0.04999256134033203
0.04868316650390625
0.04875445365905762
0.049048662185668945
0.047821998596191406
0.04801821708679199
0.04898691177368164
0.061983346939086914
0.05590057373046875
0.061484336853027344
0.05156874656677246
0.04919910430908203
0.04843258857727051
0.050788164138793945
0.05097484588623047
0.05030202865600586
0.05256462097167969
0.06872987747192383
0.056322336196899414
0.057480573654174805
0.04907631874084473
0.04833054542541504
0.04764437675476074
0.053879499435424805
0.047800302505493164
0.04806041717529297
0.054300785064697266
0.04899454116821289
0.04827094078063965
0.04835104942321777
0.04866766929626465
0.053206682205200195
0.04848504066467285
0.053411006927490234
0.047734737396240234
0.05367422103881836
0.050252437591552734
0.04827141761779785
0.047348737716674805
0.04819011688232422
0.04859590530395508
0.048352956771850586
0.048737525939941406
0.04873490333557129
0.06244826316833496
0.05502176284790039
0.05450844764709473
0.04931950569152832
0.04882240295410156
0.04835796356201172
0.04805946350097656
0.04889702796936035
0.048632144927978516
0.05763721466064453
