              precision    recall  f1-score   support

           0       0.92      0.86      0.89       237
           1       0.98      0.92      0.95       596
           2       0.94      0.88      0.91       294
           3       0.85      0.88      0.86       311
           4       0.98      0.98      0.98       466
           5       0.80      0.91      0.85       618
           6       0.92      0.88      0.90       242
           7       0.94      0.93      0.93       655

    accuracy                           0.91      3419
   macro avg       0.92      0.90      0.91      3419
weighted avg       0.92      0.91      0.91      3419

