1.7117416858673096
0.22636699676513672
0.24699735641479492
0.2485029697418213
0.24620985984802246
0.23325610160827637
0.2415006160736084
0.24599170684814453
0.24302124977111816
0.2385849952697754
0.23195409774780273
0.2344982624053955
0.22857308387756348
0.23165535926818848
0.22716259956359863
0.2419126033782959
0.2322711944580078
0.2286067008972168
0.23665332794189453
0.22717905044555664
0.24186110496520996
0.22076129913330078
0.2265167236328125
0.2326502799987793
0.27179527282714844
0.23144221305847168
0.2338244915008545
0.22633600234985352
0.23532843589782715
0.233109712600708
0.23927998542785645
0.23541903495788574
0.23728466033935547
0.23018550872802734
0.24047303199768066
0.23572206497192383
0.23259544372558594
0.2424914836883545
0.2543001174926758
0.23493552207946777
0.2417900562286377
0.23432326316833496
0.23753833770751953
0.23651742935180664
0.23102307319641113
0.22949767112731934
0.23618698120117188
0.2514774799346924
0.23678112030029297
0.23799729347229004
0.240156888961792
0.23535966873168945
0.23364710807800293
0.23741602897644043
0.24178600311279297
0.24381494522094727
0.2318565845489502
0.23818135261535645
0.23206043243408203
0.23798084259033203
0.250699520111084
0.2418830394744873
0.22875690460205078
0.23821663856506348
0.23649978637695312
0.2396833896636963
0.22988390922546387
0.22601723670959473
0.23931574821472168
0.2551150321960449
0.25002074241638184
0.23841214179992676
0.23220276832580566
0.22809696197509766
0.2423999309539795
0.22985196113586426
0.22468781471252441
0.23368263244628906
0.23171091079711914
0.2365880012512207
0.24061846733093262
0.23183965682983398
0.22452616691589355
0.22884678840637207
0.24068641662597656
0.23409104347229004
0.22968029975891113
0.23618340492248535
0.237565279006958
0.23191452026367188
0.24331140518188477
0.22816038131713867
0.23293805122375488
0.23346972465515137
0.23205304145812988
0.22997641563415527
0.2388753890991211
0.23522472381591797
0.22334575653076172
0.23286080360412598
0.23665714263916016
0.2285921573638916
0.23114323616027832
0.21883034706115723
0.23784923553466797
0.22849798202514648
0.23226070404052734
0.24742746353149414
0.2298295497894287
0.221177339553833
0.22185349464416504
0.23131036758422852
0.23005390167236328
0.22817564010620117
0.23705697059631348
0.2321629524230957
0.23723602294921875
0.2221698760986328
0.2391955852508545
0.23629093170166016
0.23450231552124023
0.22878050804138184
0.21776938438415527
0.23088645935058594
0.23677849769592285
0.2386331558227539
0.22784161567687988
0.22757911682128906
0.23524689674377441
0.22084450721740723
0.22610068321228027
0.23394465446472168
0.24587798118591309
0.2294297218322754
0.2444140911102295
0.2401721477508545
0.2264575958251953
0.22330331802368164
0.23056650161743164
0.23554635047912598
0.2453451156616211
0.23899388313293457
0.24425387382507324
0.23408985137939453
0.22301554679870605
0.23147153854370117
0.2426290512084961
0.2364814281463623
0.23004984855651855
0.2353818416595459
0.23912930488586426
