              precision    recall  f1-score   support

           0       0.83      0.71      0.77        14
           1       0.90      0.69      0.78        13
           2       0.54      0.72      0.62        18
           3       0.82      0.95      0.88        19
           4       0.86      0.94      0.90        32
           5       0.50      0.64      0.56        11
           6       0.00      0.00      0.00        12
           7       0.50      0.71      0.59         7
           8       1.00      0.86      0.92         7
           9       1.00      1.00      1.00        18

    accuracy                           0.77       151
   macro avg       0.70      0.72      0.70       151
weighted avg       0.73      0.77      0.74       151

