              precision    recall  f1-score   support

           0       0.99      0.99      0.99       298
           1       0.97      0.97      0.97       261
           2       0.93      0.96      0.95       465
           3       0.99      0.99      0.99       593
           4       0.93      0.91      0.92       269
           5       0.94      0.90      0.92       164
           6       1.00      0.99      0.99       135
           7       1.00      1.00      1.00       493

    accuracy                           0.97      2678
   macro avg       0.97      0.96      0.97      2678
weighted avg       0.97      0.97      0.97      2678
