0.6983089447021484
0.09485530853271484
0.10022258758544922
0.0962224006652832
0.10125541687011719
0.10388350486755371
0.09501361846923828
0.09307146072387695
0.09474420547485352
0.10230326652526855
0.09088754653930664
0.09215116500854492
0.09047055244445801
0.09417557716369629
0.09080290794372559
0.08724260330200195
0.08540153503417969
0.08748769760131836
0.09151482582092285
0.0908958911895752
0.08612704277038574
0.08411049842834473
0.09848642349243164
0.09057998657226562
0.08932781219482422
0.0881950855255127
0.09529948234558105
0.10527539253234863
0.0940396785736084
0.08740234375
0.08721184730529785
0.08764290809631348
0.08256196975708008
0.09360265731811523
0.09163928031921387
0.08864712715148926
0.09717488288879395
0.08842658996582031
0.08314800262451172
0.09246492385864258
0.09461283683776855
0.10184121131896973
0.09548354148864746
0.08353090286254883
0.08890080451965332
0.09433126449584961
0.09160327911376953
0.09658265113830566
0.09238100051879883
0.10196471214294434
0.10516476631164551
0.09203171730041504
0.0910799503326416
0.08552956581115723
0.09654974937438965
0.09668326377868652
0.10588955879211426
0.10399270057678223
0.10167360305786133
0.10664677619934082
0.10502362251281738
0.09125399589538574
0.09592866897583008
0.09946203231811523
0.10366415977478027
0.10450077056884766
0.09429740905761719
0.09805440902709961
0.09439778327941895
0.09715390205383301
0.09345149993896484
0.1072852611541748
0.10389161109924316
0.10076594352722168
0.09627103805541992
0.09210729598999023
0.08842897415161133
0.09324312210083008
0.08849287033081055
0.09096813201904297
0.08800172805786133
0.11133933067321777
0.10247373580932617
0.09586668014526367
0.10772919654846191
0.09338974952697754
0.1084434986114502
0.11241769790649414
0.11328315734863281
0.10404729843139648
0.10430622100830078
0.09413003921508789
0.0927436351776123
0.09511137008666992
0.0977787971496582
0.1145632266998291
0.09330391883850098
0.10102963447570801
0.0984342098236084
0.09947538375854492
0.09284496307373047
0.10653972625732422
0.09741902351379395
0.09954380989074707
0.08928346633911133
0.10147714614868164
0.10919809341430664
0.09326434135437012
0.10398459434509277
0.09686589241027832
0.1005706787109375
0.09938883781433105
0.09521055221557617
0.0973513126373291
0.10503363609313965
0.09976720809936523
0.09879803657531738
0.10430026054382324
0.0975654125213623
0.10139679908752441
0.10497832298278809
0.09952783584594727
0.10492134094238281
0.09807229042053223
0.09588766098022461
0.09389638900756836
0.09981918334960938
0.09381103515625
0.10196733474731445
0.10509371757507324
0.09819889068603516
0.08476543426513672
0.09407949447631836
0.08912158012390137
0.09672927856445312
0.09482073783874512
0.09077811241149902
0.0891411304473877
0.09656238555908203
0.10200715065002441
0.100067138671875
0.09658074378967285
0.10441303253173828
0.10624933242797852
0.09680366516113281
0.09292769432067871
0.09141206741333008
0.09922552108764648
0.10495591163635254
0.11217141151428223
0.0964975357055664
