4.275669813156128
0.07643961906433105
0.08414793014526367
0.08156132698059082
0.08268594741821289
0.08169150352478027
0.07330012321472168
0.07245540618896484
0.07575225830078125
0.07291030883789062
0.0713346004486084
0.11469483375549316
0.08059573173522949
0.07895088195800781
0.06941890716552734
0.06962847709655762
0.07090473175048828
0.06988406181335449
0.0691676139831543
0.06854939460754395
0.07744717597961426
0.0788428783416748
0.06889677047729492
0.06863951683044434
0.07172775268554688
0.06806755065917969
0.06935906410217285
0.06905531883239746
0.07204031944274902
0.07512402534484863
0.06874322891235352
0.0676724910736084
0.07320308685302734
0.0683133602142334
0.06831073760986328
0.07857847213745117
0.08505702018737793
0.06812477111816406
0.0887000560760498
0.06717276573181152
0.06924772262573242
0.0695497989654541
0.06836628913879395
0.06716561317443848
0.06631040573120117
0.0878305435180664
0.08968377113342285
0.0753488540649414
0.06854534149169922
0.0699458122253418
0.08269453048706055
0.08796477317810059
0.0660867691040039
0.08972954750061035
0.0686655044555664
0.0675806999206543
0.07455062866210938
0.06952214241027832
0.06818723678588867
0.0822293758392334
0.06876397132873535
0.06743717193603516
0.06828045845031738
0.0677950382232666
0.0820319652557373
0.07560133934020996
0.0682375431060791
0.06843781471252441
0.06885123252868652
0.06744933128356934
0.06712746620178223
0.0678102970123291
0.08144474029541016
0.06750822067260742
0.08883166313171387
0.07175874710083008
0.07798480987548828
0.07045841217041016
0.06829047203063965
0.08189535140991211
0.07018566131591797
0.06717300415039062
0.06609010696411133
0.0733494758605957
0.06703853607177734
0.06603264808654785
0.0659637451171875
0.06668710708618164
0.08061981201171875
0.06734180450439453
0.08030200004577637
0.0669398307800293
0.07146358489990234
0.06659221649169922
0.06772398948669434
0.06639838218688965
0.06878876686096191
0.07223939895629883
0.08624076843261719
0.07818341255187988
0.08314037322998047
0.07462072372436523
0.08074951171875
0.06666207313537598
0.06583309173583984
0.0731961727142334
0.06796884536743164
0.0800178050994873
0.06855297088623047
0.06679177284240723
0.07261848449707031
0.07636737823486328
0.08116436004638672
0.06663322448730469
0.06644177436828613
0.06660580635070801
0.08024811744689941
0.08027505874633789
0.08357524871826172
0.07763957977294922
0.07048296928405762
0.0790867805480957
0.06728506088256836
0.06742691993713379
0.0688943862915039
0.0671079158782959
0.06625938415527344
0.0660405158996582
0.07304096221923828
0.06775021553039551
0.08024311065673828
0.0673990249633789
0.06782078742980957
0.07221198081970215
0.07286357879638672
0.08022141456604004
0.08640718460083008
0.08108043670654297
0.06856083869934082
0.06694197654724121
0.07473397254943848
0.06756472587585449
0.0656592845916748
0.0785219669342041
0.06532049179077148
0.06520938873291016
0.07256937026977539
0.0657963752746582
0.06589770317077637
0.0654611587524414
0.06691765785217285
0.06570148468017578
0.06684422492980957
0.0650792121887207
0.0787038803100586
0.07133054733276367
0.06516003608703613
0.06471419334411621
0.06553149223327637
0.06471967697143555
0.06455326080322266
0.06517887115478516
0.06507492065429688
0.07964181900024414
0.07396149635314941
0.0712442398071289
0.06482410430908203
0.07482433319091797
0.0727849006652832
0.07455301284790039
0.08088874816894531
0.06955647468566895
0.08871793746948242
0.07886552810668945
0.09943747520446777
0.11085033416748047
0.10178756713867188
0.11203408241271973
0.09003162384033203
0.07527470588684082
0.09610462188720703
0.08286261558532715
0.09747004508972168
0.07620811462402344
0.08018851280212402
0.07561111450195312
0.07082796096801758
0.08725142478942871
0.07035279273986816
0.07629179954528809
0.08543634414672852
0.09574580192565918
0.09571266174316406
0.10150480270385742
0.12138843536376953
0.11928653717041016
0.10775113105773926
0.12665295600891113
0.12009048461914062
0.13155841827392578
0.14069676399230957
0.1778104305267334
0.19589710235595703
0.102691650390625
0.1011648178100586
0.1254277229309082
0.09941959381103516
0.09235048294067383
0.11981463432312012
0.09398889541625977
0.08873796463012695
0.0889134407043457
0.11557984352111816
0.09448075294494629
0.10861039161682129
0.0978705883026123
0.12485861778259277
0.12232208251953125
0.13069558143615723
0.13889861106872559
0.12668347358703613
0.1237332820892334
0.14510107040405273
0.20364737510681152
0.17984819412231445
0.10348033905029297
0.14146041870117188
0.0945281982421875
0.10162210464477539
0.10670948028564453
0.09206914901733398
0.09071588516235352
0.13123822212219238
0.10105609893798828
0.10422420501708984
0.10973834991455078
0.12554430961608887
0.12446808815002441
0.14941048622131348
0.1200096607208252
0.11732149124145508
0.12100434303283691
0.1359851360321045
0.16113018989562988
0.14471125602722168
0.23441672325134277
0.10564517974853516
0.11711359024047852
0.13374066352844238
0.10706591606140137
0.09770965576171875
0.11593914031982422
0.09530401229858398
0.0880589485168457
0.08879494667053223
0.08874845504760742
0.12350678443908691
0.08491349220275879
0.09380125999450684
0.11171984672546387
0.11491250991821289
0.12437963485717773
0.12208700180053711
0.14276385307312012
0.12181544303894043
0.11324882507324219
0.14606451988220215
0.22246050834655762
0.1355116367340088
0.12698674201965332
0.12955164909362793
0.10552787780761719
0.12101960182189941
0.09022331237792969
0.08500385284423828
0.09791135787963867
0.09779500961303711
0.0857536792755127
0.08428049087524414
0.09592366218566895
0.10083913803100586
0.12339282035827637
0.1191260814666748
0.13077068328857422
0.1291813850402832
0.15161871910095215
0.1164088249206543
0.1553211212158203
0.17287373542785645
0.1938927173614502
0.12534427642822266
0.13465404510498047
0.10438227653503418
0.08367300033569336
0.10891413688659668
0.09406876564025879
0.08886456489562988
0.08849787712097168
0.10999488830566406
0.09566426277160645
0.11015129089355469
0.0947885513305664
0.0857248306274414
0.11821532249450684
0.13629674911499023
0.12922358512878418
0.11627030372619629
0.1230771541595459
0.13953733444213867
0.13184142112731934
0.1511831283569336
0.17948079109191895
0.12319374084472656
0.12105154991149902
0.16125941276550293
0.10329961776733398
0.10135173797607422
0.09485626220703125
0.08653903007507324
0.10578799247741699
0.08983087539672852
0.07950210571289062
0.07803916931152344
0.11221075057983398
0.09439539909362793
0.12194490432739258
0.13641595840454102
0.12943053245544434
0.1335606575012207
0.12993764877319336
0.11642789840698242
0.11734843254089355
0.14177393913269043
0.20741581916809082
0.15389704704284668
0.13936471939086914
0.13173556327819824
0.10461616516113281
0.09310102462768555
0.08701515197753906
0.08391499519348145
0.10294461250305176
0.09731101989746094
0.10322403907775879
0.09495759010314941
0.09830832481384277
0.10677099227905273
0.12652945518493652
0.12915992736816406
0.13067221641540527
0.12457442283630371
0.12590527534484863
0.14345836639404297
0.18303632736206055
0.20599031448364258
0.15447998046875
0.11820840835571289
0.12997102737426758
0.10622286796569824
0.10967540740966797
0.0823519229888916
0.08884549140930176
0.10271167755126953
0.09708976745605469
0.12036418914794922
0.08679628372192383
0.08423662185668945
0.08313894271850586
0.08150839805603027
0.14267444610595703
0.13220429420471191
0.1389620304107666
0.143143892288208
0.14619684219360352
0.1436455249786377
0.11632633209228516
0.17386245727539062
0.19616317749023438
0.09829330444335938
0.09343457221984863
0.1291332244873047
0.10658907890319824
0.09030437469482422
0.14185404777526855
0.11918258666992188
0.11921477317810059
0.11881208419799805
0.09858107566833496
0.10261225700378418
0.14798307418823242
0.14124751091003418
0.13831830024719238
0.12224531173706055
0.14489150047302246
0.13683557510375977
0.13509249687194824
0.16602826118469238
0.20586752891540527
0.1846599578857422
0.14503908157348633
0.0994718074798584
0.09279370307922363
0.10564064979553223
0.08349442481994629
0.07307052612304688
0.07252717018127441
0.07140898704528809
0.10045790672302246
0.07816433906555176
0.0804591178894043
0.08680605888366699
0.10505127906799316
0.10765743255615234
0.11313939094543457
0.11581802368164062
0.11377596855163574
0.13246989250183105
0.13016223907470703
0.13653063774108887
0.17532038688659668
0.17668509483337402
0.10270333290100098
0.1184546947479248
0.12941575050354004
0.09935927391052246
0.11398649215698242
0.08652114868164062
0.08054423332214355
0.08968400955200195
0.08200550079345703
0.08766388893127441
0.09792780876159668
0.08310461044311523
0.08206820487976074
0.09365272521972656
0.13313722610473633
0.1224827766418457
0.10997295379638672
0.12821674346923828
0.11877131462097168
0.13088607788085938
0.11807680130004883
0.14278030395507812
0.2477424144744873
0.13462185859680176
0.1350388526916504
0.17301392555236816
0.10531210899353027
0.11815285682678223
0.12222146987915039
0.09886479377746582
0.11174917221069336
0.1280989646911621
0.09876132011413574
0.09479784965515137
0.13974332809448242
0.12792611122131348
0.12895774841308594
0.12865018844604492
0.13401460647583008
0.1326282024383545
0.15302085876464844
0.16083335876464844
0.1765425205230713
0.10168337821960449
0.1046755313873291
0.13568806648254395
0.10018324851989746
0.09067010879516602
0.10965991020202637
0.12041330337524414
0.11233139038085938
0.09103536605834961
0.09799408912658691
0.13341474533081055
0.09386873245239258
0.1292438507080078
0.12707829475402832
0.12894940376281738
0.13501620292663574
0.12505531311035156
0.13700580596923828
0.10752391815185547
0.15755534172058105
0.19101357460021973
0.11455249786376953
0.13724923133850098
0.12633585929870605
0.13031315803527832
0.11673927307128906
0.08247756958007812
0.09292292594909668
0.07578802108764648
0.09445595741271973
0.09117603302001953
0.07911396026611328
0.08662176132202148
0.11422133445739746
0.12637710571289062
0.13242650032043457
0.1125190258026123
0.11829638481140137
0.12052083015441895
0.10290265083312988
0.14151597023010254
0.1377882957458496
0.25180721282958984
0.12950944900512695
0.10750198364257812
0.13849282264709473
0.12134933471679688
0.09656810760498047
0.09462976455688477
0.09414267539978027
0.09943532943725586
0.1156914234161377
0.1064596176147461
0.08437871932983398
0.08906173706054688
0.08890867233276367
0.14072299003601074
0.11988377571105957
0.1252901554107666
0.12327027320861816
0.13785243034362793
0.13146758079528809
0.14543581008911133
0.19379901885986328
0.1840357780456543
0.10446000099182129
0.09393763542175293
0.13676810264587402
0.0941321849822998
0.10107612609863281
0.10599613189697266
0.08974337577819824
0.10082435607910156
0.12359261512756348
0.09686517715454102
0.1076362133026123
0.09090828895568848
0.1267862319946289
0.13176345825195312
0.14154434204101562
0.12134337425231934
0.11359572410583496
0.12091469764709473
0.13088536262512207
0.15133357048034668
0.14438366889953613
0.2019026279449463
0.12987446784973145
0.13141369819641113
0.10516119003295898
0.08570265769958496
0.09752798080444336
0.0988922119140625
0.08547687530517578
0.09198641777038574
0.09641814231872559
0.09021520614624023
0.1045842170715332
0.08130502700805664
0.09944033622741699
0.12973260879516602
0.11993718147277832
0.10334467887878418
0.12605762481689453
0.11998438835144043
0.13399267196655273
0.13155388832092285
0.16495060920715332
0.2350304126739502
0.10421156883239746
0.11871099472045898
0.12685918807983398
0.09298276901245117
0.08619284629821777
0.09441065788269043
0.10454654693603516
0.10604453086853027
0.10425567626953125
0.12913990020751953
0.11496353149414062
0.11285257339477539
0.12864208221435547
0.13728070259094238
0.13700103759765625
0.1378490924835205
0.1268002986907959
0.1296241283416748
0.13852953910827637
0.1898176670074463
0.21396541595458984
0.1124730110168457
0.1350398063659668
0.11919498443603516
0.10454702377319336
0.12641119956970215
0.081634521484375
0.08313465118408203
0.09115099906921387
0.09681320190429688
0.08780121803283691
0.08224153518676758
0.09117865562438965
0.09026956558227539
0.10777091979980469
0.1097097396850586
0.09876346588134766
0.10615873336791992
0.12631511688232422
0.12631964683532715
0.1313173770904541
0.1407146453857422
0.20292139053344727
0.1980738639831543
0.1439189910888672
0.16187381744384766
0.0937035083770752
0.10388016700744629
0.0999748706817627
0.08188772201538086
0.09059309959411621
0.09464907646179199
0.08696913719177246
0.08604931831359863
0.12157273292541504
0.0947577953338623
0.12340593338012695
0.13303542137145996
0.12302279472351074
0.13922572135925293
0.13239789009094238
0.13264942169189453
0.15520620346069336
0.16622471809387207
0.22433114051818848
0.16935300827026367
0.136244535446167
0.12315177917480469
0.12407040596008301
0.12004756927490234
0.08726334571838379
0.10500311851501465
0.08878612518310547
0.09618186950683594
0.0982809066772461
0.11088848114013672
0.12915658950805664
0.14609789848327637
0.12128210067749023
0.11786627769470215
0.12194395065307617
0.13421273231506348
0.13892102241516113
0.18372535705566406
0.21500492095947266
0.14859485626220703
0.15637612342834473
0.1043093204498291
0.08736729621887207
0.0973660945892334
0.11834263801574707
0.10640501976013184
0.09644961357116699
0.09478020668029785
0.0961146354675293
0.11459469795227051
0.10585618019104004
0.12667202949523926
0.15223073959350586
0.11315321922302246
0.13544106483459473
0.12638258934020996
0.13411378860473633
0.1306605339050293
0.20950675010681152
0.20173025131225586
0.11672115325927734
0.12186956405639648
0.12371683120727539
0.08429813385009766
0.12454938888549805
0.10535573959350586
0.10019135475158691
0.0957651138305664
0.08501648902893066
0.09638142585754395
0.09938549995422363
0.09241557121276855
0.14218735694885254
0.12000250816345215
0.1162252426147461
0.13230633735656738
0.1462557315826416
0.13694047927856445
0.14707660675048828
0.193129301071167
0.19207191467285156
0.11275076866149902
0.1267380714416504
0.10332417488098145
0.08606886863708496
0.13921618461608887
0.11077308654785156
0.10282349586486816
0.08747386932373047
0.12596440315246582
0.13358736038208008
0.09804153442382812
0.12713241577148438
0.1218116283416748
0.1757349967956543
0.1285538673400879
0.12244534492492676
0.1479659080505371
0.14563822746276855
0.177138090133667
0.19411015510559082
0.11636900901794434
0.12778449058532715
0.11787986755371094
0.0959012508392334
0.12488913536071777
0.08877277374267578
0.08106756210327148
0.08680486679077148
0.10777473449707031
0.13511919975280762
0.13454389572143555
0.09458088874816895
0.12245607376098633
0.1347951889038086
0.11416482925415039
0.12283039093017578
0.11561226844787598
0.13302254676818848
0.1386113166809082
0.21377873420715332
0.2345895767211914
0.1311969757080078
0.11464190483093262
0.10974597930908203
0.10294270515441895
0.10017585754394531
0.1293349266052246
0.09916234016418457
0.09388470649719238
0.1141507625579834
0.10599327087402344
0.08965706825256348
0.11719584465026855
0.11974143981933594
0.12974762916564941
0.1270751953125
0.12003231048583984
0.15465378761291504
0.16670942306518555
0.1375586986541748
0.19110465049743652
0.1448073387145996
0.19350290298461914
0.10334086418151855
0.08493375778198242
0.10785126686096191
0.10330009460449219
0.12357473373413086
0.08853960037231445
0.0714879035949707
0.08754444122314453
0.08986520767211914
0.0921783447265625
0.09359931945800781
0.10478472709655762
0.11251688003540039
0.13622188568115234
0.13995695114135742
0.1320796012878418
0.11693334579467773
0.129777193069458
0.16508197784423828
0.2198631763458252
0.15683674812316895
0.12801885604858398
0.14185881614685059
0.1023092269897461
0.09241795539855957
0.0890200138092041
0.10323262214660645
0.11788272857666016
0.10070371627807617
0.07867717742919922
0.09343814849853516
0.10505533218383789
0.08589982986450195
0.1338975429534912
0.12091231346130371
0.11942529678344727
0.1403639316558838
0.13192176818847656
0.14109539985656738
0.1440887451171875
0.20624470710754395
0.19896554946899414
0.08320474624633789
0.07950210571289062
0.11374855041503906
0.10139203071594238
0.09977269172668457
0.08921217918395996
0.0914011001586914
0.09806537628173828
0.07436132431030273
0.0867311954498291
0.11376190185546875
0.12016105651855469
0.09912323951721191
0.1370072364807129
0.1165463924407959
0.11566662788391113
0.15472793579101562
0.14195942878723145
0.12122631072998047
0.13382601737976074
0.16426658630371094
0.17654919624328613
0.09110164642333984
0.0778660774230957
0.07722306251525879
0.08440852165222168
0.07816123962402344
0.10147380828857422
0.10767865180969238
0.10994648933410645
0.11816692352294922
0.11042141914367676
0.09835600852966309
0.09820842742919922
0.09680056571960449
0.11075782775878906
0.0990288257598877
0.10442757606506348
0.09744071960449219
0.08934402465820312
0.09322071075439453
0.10025453567504883
0.10241222381591797
0.11202621459960938
0.10358858108520508
0.11327075958251953
0.08600115776062012
0.08243274688720703
0.09794259071350098
0.10479259490966797
0.09226608276367188
0.09730029106140137
0.11186742782592773
0.0956730842590332
0.0846855640411377
0.12789344787597656
0.10193514823913574
0.12123537063598633
0.09911155700683594
0.1268770694732666
0.10782146453857422
0.13223052024841309
0.12268733978271484
0.10455703735351562
0.09309530258178711
0.0885782241821289
0.11213302612304688
0.13589143753051758
0.09718203544616699
0.10103154182434082
0.1353616714477539
0.10157275199890137
0.10784721374511719
0.10585236549377441
0.11636686325073242
0.10250401496887207
0.08865237236022949
0.07812905311584473
0.08208107948303223
0.12142300605773926
0.09783506393432617
0.07921338081359863
0.07856559753417969
0.07818293571472168
0.07825326919555664
0.07859516143798828
0.09204721450805664
0.0965876579284668
0.08573794364929199
0.08182358741760254
0.08183693885803223
0.09226322174072266
0.09137368202209473
0.06859898567199707
0.06851983070373535
0.07666325569152832
0.07053494453430176
0.0742635726928711
0.07157373428344727
0.07338452339172363
0.07456040382385254
0.08663487434387207
0.07179784774780273
0.08066558837890625
0.08508110046386719
0.07214140892028809
0.07636332511901855
0.08375167846679688
0.06884574890136719
0.0826413631439209
0.06833887100219727
0.06779646873474121
0.06970095634460449
0.06865239143371582
0.06778979301452637
0.08190107345581055
0.07047820091247559
0.08022570610046387
0.08533549308776855
0.08624553680419922
0.08664417266845703
0.0686194896697998
0.0779411792755127
0.07403039932250977
0.07431387901306152
0.06888937950134277
0.06796407699584961
0.06837201118469238
0.06765055656433105
0.06713747978210449
0.08045220375061035
0.06847572326660156
0.06699872016906738
0.072418212890625
0.0664665699005127
0.06577134132385254
0.06616568565368652
0.06863522529602051
0.08136129379272461
0.07136011123657227
0.07525277137756348
0.06869983673095703
0.07393932342529297
0.06844806671142578
0.06717705726623535
0.0820767879486084
0.08294272422790527
0.08717060089111328
0.07590794563293457
0.07056617736816406
0.0678715705871582
0.08429455757141113
0.0702507495880127
0.0794212818145752
0.07148456573486328
0.06969904899597168
0.06854891777038574
0.06697392463684082
0.06833124160766602
0.07201886177062988
0.07495760917663574
0.06934475898742676
0.08228206634521484
0.06846904754638672
0.06756019592285156
0.08075618743896484
0.0817406177520752
0.07094264030456543
0.06725263595581055
0.07333016395568848
0.06672382354736328
0.06734347343444824
0.06747841835021973
0.06739354133605957
0.06668734550476074
0.0663304328918457
0.0665130615234375
0.06571674346923828
0.0720367431640625
0.06657052040100098
0.06650638580322266
0.06653785705566406
0.08207082748413086
0.08032679557800293
0.07061457633972168
0.08099484443664551
0.06630182266235352
0.08620166778564453
0.06808805465698242
0.0672600269317627
0.07702279090881348
0.06969928741455078
0.08192706108093262
0.07279253005981445
0.0685892105102539
0.07021617889404297
0.08300995826721191
0.07736492156982422
0.07013988494873047
0.07052373886108398
0.06697201728820801
0.08071255683898926
0.06663203239440918
0.07095789909362793
0.06642532348632812
0.07264184951782227
0.06849837303161621
0.0783841609954834
0.06870460510253906
0.08099246025085449
0.08103632926940918
0.07518386840820312
0.07675886154174805
0.06752800941467285
0.07229995727539062
0.06622934341430664
0.07433176040649414
0.06718230247497559
0.06574654579162598
0.07047700881958008
0.07041358947753906
0.07167530059814453
0.07285857200622559
0.083099365234375
0.0667121410369873
0.07438850402832031
0.0637199878692627
0.0657656192779541
0.06833505630493164
0.06541013717651367
0.06589436531066895
0.062078237533569336
0.07103633880615234
0.0660240650177002
0.06697368621826172
0.0656590461730957
0.06403040885925293
0.07348322868347168
0.06692147254943848
0.07587671279907227
0.07259440422058105
0.0728456974029541
0.07099628448486328
0.06561136245727539
0.07235217094421387
0.07913970947265625
0.06572628021240234
0.06284022331237793
0.06558632850646973
0.06328678131103516
0.07727861404418945
0.07985377311706543
0.07990121841430664
0.0665431022644043
0.06564879417419434
0.06772136688232422
0.08620667457580566
0.08630490303039551
0.06955695152282715
0.10291647911071777
0.0852515697479248
0.1173863410949707
0.10402059555053711
0.09334588050842285
0.10306024551391602
0.0776071548461914
0.0945749282836914
0.10630249977111816
0.09799480438232422
0.11305665969848633
0.09625864028930664
0.08957910537719727
0.12339305877685547
0.12133026123046875
0.11076211929321289
0.13093876838684082
0.12089943885803223
0.13706564903259277
0.1250138282775879
0.12707090377807617
0.19477415084838867
0.13272356986999512
0.11963176727294922
0.14845490455627441
0.08911466598510742
0.10809564590454102
0.1136777400970459
0.08751034736633301
0.08723759651184082
0.08640336990356445
0.1054532527923584
0.10610818862915039
0.09636855125427246
0.10469555854797363
0.13945531845092773
0.13656377792358398
0.1353456974029541
0.12954020500183105
0.14875411987304688
0.13355422019958496
0.19156432151794434
0.19443273544311523
0.0995640754699707
0.11399650573730469
0.1495654582977295
0.10422897338867188
0.09206175804138184
0.08927726745605469
0.09256720542907715
0.09267544746398926
0.11332273483276367
0.1069333553314209
0.09096360206604004
0.10511112213134766
0.10172843933105469
0.10590028762817383
0.10018157958984375
0.1254124641418457
0.12798810005187988
0.11637377738952637
0.12450838088989258
0.13493061065673828
0.1572716236114502
0.18103837966918945
0.16442465782165527
0.11704850196838379
0.12333846092224121
0.11385893821716309
0.1056678295135498
0.14106225967407227
0.09020113945007324
0.11162352561950684
0.1048574447631836
0.10526299476623535
0.13875269889831543
0.1336524486541748
0.11484742164611816
0.1441953182220459
0.11279296875
0.12676072120666504
0.13519692420959473
0.10992836952209473
0.14043211936950684
0.21260666847229004
0.1494441032409668
0.10018682479858398
0.11433148384094238
0.10160946846008301
0.09478402137756348
0.09158778190612793
0.12173223495483398
0.09237027168273926
0.08179974555969238
0.09536194801330566
0.09856462478637695
0.11607527732849121
0.09583640098571777
0.1288623809814453
0.14255285263061523
0.14021778106689453
0.131058931350708
0.14839673042297363
0.13319134712219238
0.15207362174987793
0.18022441864013672
0.22341513633728027
0.13832569122314453
0.1495969295501709
0.10624337196350098
0.09970331192016602
0.08852910995483398
0.10090827941894531
0.09227466583251953
0.11012744903564453
0.08887124061584473
0.09617733955383301
0.09494638442993164
0.1003565788269043
0.13292860984802246
0.13783478736877441
0.13033580780029297
0.14183831214904785
0.14199233055114746
0.14536714553833008
0.13571596145629883
0.1867809295654297
1.133711338043213
0.07847404479980469
0.07922983169555664
0.1032552719116211
0.0888526439666748
0.10473752021789551
0.1421518325805664
0.12793421745300293
0.15439629554748535
0.16025638580322266
0.14392900466918945
0.13794970512390137
0.1817641258239746
0.25389552116394043
0.1640455722808838
0.13339614868164062
0.18137049674987793
0.12718534469604492
0.10505795478820801
0.09820222854614258
0.1294548511505127
0.1075286865234375
0.11659741401672363
0.11805343627929688
0.10613250732421875
0.1363658905029297
0.17095184326171875
0.17161130905151367
0.15635275840759277
0.15369653701782227
0.14818143844604492
0.17150068283081055
0.21769976615905762
0.12793850898742676
0.11953020095825195
0.17761778831481934
0.12447595596313477
0.0919504165649414
0.10820913314819336
0.1110384464263916
0.09594035148620605
0.11346220970153809
0.1024937629699707
0.11744141578674316
0.1413407325744629
0.18098688125610352
0.17547917366027832
0.17508196830749512
0.15634393692016602
0.13385367393493652
0.19464874267578125
0.24640154838562012
0.1631178855895996
0.16051006317138672
0.11969947814941406
0.11216044425964355
0.15271925926208496
0.11614584922790527
0.09472417831420898
0.0980372428894043
0.14400959014892578
0.1124277114868164
0.15114951133728027
0.1607046127319336
0.13822484016418457
0.14129400253295898
0.14451265335083008
0.14061331748962402
0.18611788749694824
0.2147982120513916
0.13486599922180176
0.13366270065307617
0.14827322959899902
0.11032915115356445
0.09331679344177246
0.0992593765258789
0.13866114616394043
0.11347079277038574
0.09728503227233887
0.08886575698852539
0.09558582305908203
0.1206502914428711
0.17594265937805176
0.14914464950561523
0.1448371410369873
0.14170408248901367
0.1462855339050293
0.157623291015625
0.23525333404541016
0.16975021362304688
0.16693830490112305
0.12936735153198242
0.11735868453979492
0.1172780990600586
0.11958980560302734
0.13515400886535645
0.13073205947875977
0.144791841506958
0.1113882064819336
0.16253972053527832
0.1456160545349121
0.13743305206298828
0.12900805473327637
0.15040230751037598
0.18198370933532715
0.17690038681030273
0.14531755447387695
0.10585999488830566
0.12245893478393555
0.1300046443939209
0.11902379989624023
0.09484696388244629
0.07530713081359863
0.0772395133972168
0.0754237174987793
0.09677290916442871
0.07130050659179688
0.11604762077331543
0.09557104110717773
0.09664106369018555
0.14651250839233398
0.135223388671875
0.1331470012664795
0.13945484161376953
0.13675284385681152
0.19881081581115723
0.19770169258117676
0.2409358024597168
0.12635016441345215
0.09067630767822266
0.14142632484436035
0.09174799919128418
0.0972602367401123
0.11408162117004395
0.09989261627197266
0.13978266716003418
0.11416316032409668
0.10222816467285156
0.10206151008605957
0.13999223709106445
0.13217425346374512
0.13999462127685547
0.12602663040161133
0.12085890769958496
0.16131806373596191
0.14693927764892578
0.18730950355529785
0.18105602264404297
0.10923361778259277
0.10886812210083008
0.15535902976989746
0.08933711051940918
0.09071087837219238
0.11231851577758789
0.09221220016479492
0.08373641967773438
0.08269119262695312
0.09239935874938965
0.08251619338989258
0.0839850902557373
0.12225151062011719
0.14963674545288086
0.1441051959991455
0.11342120170593262
0.12998151779174805
0.11275553703308105
0.14032721519470215
0.13077712059020996
0.14176225662231445
0.16916561126708984
0.1457386016845703
0.1346266269683838
0.12602663040161133
0.09219932556152344
0.09053468704223633
0.07849740982055664
0.0928795337677002
0.08848237991333008
0.09867143630981445
0.10178303718566895
0.09538984298706055
0.08162641525268555
0.09048080444335938
0.11878061294555664
0.12186169624328613
0.1148221492767334
0.11918449401855469
0.13669443130493164
0.13941407203674316
0.14584636688232422
0.23898935317993164
0.16022181510925293
0.14515399932861328
0.12820720672607422
0.12799644470214844
0.09019589424133301
0.10493755340576172
0.11079931259155273
0.09773945808410645
0.10260224342346191
0.10668778419494629
0.1146233081817627
0.10454010963439941
0.11128687858581543
0.12403583526611328
0.11851811408996582
0.1250596046447754
0.13634848594665527
0.12444567680358887
0.11492609977722168
0.1661674976348877
0.23169231414794922
0.13865399360656738
0.10481500625610352
0.14385366439819336
0.13262176513671875
0.12405109405517578
0.12261414527893066
0.09448933601379395
0.0947725772857666
0.08629441261291504
0.10032486915588379
0.08940434455871582
0.10833621025085449
0.10215187072753906
0.1289224624633789
0.1267549991607666
0.14113211631774902
0.11480355262756348
0.137742280960083
0.1363847255706787
0.14215350151062012
0.21370744705200195
0.14499592781066895
0.1220242977142334
0.13279223442077637
0.12424731254577637
0.09129071235656738
0.11058187484741211
0.09748291969299316
0.09602165222167969
0.1362476348876953
0.11542057991027832
0.1273794174194336
0.13534140586853027
0.14659976959228516
0.15876388549804688
0.18765902519226074
0.13379836082458496
0.1549088954925537
0.2514772415161133
0.1570596694946289
0.1154172420501709
0.13362717628479004
0.14594411849975586
0.12247157096862793
0.12051749229431152
0.10720968246459961
0.08991122245788574
0.08262872695922852
0.09377884864807129
0.11881756782531738
0.10494065284729004
0.11165857315063477
0.12964844703674316
0.13659358024597168
0.11544561386108398
0.1259174346923828
0.12324953079223633
0.12350082397460938
0.15592145919799805
0.20320677757263184
0.15076637268066406
0.1341845989227295
0.1445298194885254
0.11710667610168457
0.09285640716552734
0.09568548202514648
0.0863950252532959
0.11458849906921387
0.09553694725036621
0.0929708480834961
0.08804082870483398
0.08685636520385742
0.09735369682312012
0.15494298934936523
0.1223757266998291
0.12290048599243164
0.14228177070617676
0.13692545890808105
0.1297614574432373
0.1529686450958252
0.1865694522857666
0.19553875923156738
0.09590816497802734
0.12043881416320801
0.10376214981079102
0.11013031005859375
0.11102151870727539
0.08939647674560547
0.0839836597442627
0.09164929389953613
0.09392118453979492
0.09721040725708008
0.10217976570129395
0.09549331665039062
0.147538423538208
0.12375378608703613
0.12920665740966797
0.12762212753295898
0.12247657775878906
0.12385082244873047
0.12711167335510254
0.14507365226745605
0.20264339447021484
0.16654753684997559
0.10170340538024902
0.12216496467590332
0.10304450988769531
0.10117983818054199
0.09212732315063477
0.0864567756652832
0.08920454978942871
0.11004853248596191
0.10181283950805664
0.08226704597473145
0.08143925666809082
0.08341717720031738
0.11113691329956055
0.12560701370239258
0.1518113613128662
0.1298828125
0.12091064453125
0.13040518760681152
0.12006473541259766
0.134812593460083
0.16779518127441406
0.17737174034118652
0.13717937469482422
0.13773751258850098
0.11097335815429688
0.09612607955932617
0.11320662498474121
0.08574342727661133
0.10984277725219727
0.09467887878417969
0.09570145606994629
0.1416170597076416
0.10614347457885742
0.09943246841430664
0.1388247013092041
0.12675738334655762
0.1329813003540039
0.1114339828491211
0.11350631713867188
0.1265730857849121
0.15089201927185059
0.14163637161254883
0.17022180557250977
0.13562798500061035
0.12130236625671387
0.131744384765625
0.10544633865356445
0.1013791561126709
0.09228515625
0.09232687950134277
0.0891869068145752
0.0844578742980957
0.10663151741027832
0.12707233428955078
0.09909510612487793
0.1077735424041748
0.13584017753601074
0.14066481590270996
0.14093780517578125
0.14982962608337402
0.12384438514709473
0.10677623748779297
0.16992616653442383
0.26436567306518555
0.14710712432861328
0.1330258846282959
0.16554594039916992
0.09118986129760742
0.10794711112976074
0.10130810737609863
0.1062161922454834
0.10954666137695312
0.10533905029296875
0.10044407844543457
0.09362602233886719
0.11830520629882812
0.14325737953186035
0.13967061042785645
0.11953926086425781
0.12177085876464844
0.13036775588989258
0.15225768089294434
0.14302968978881836
0.16515636444091797
0.15860295295715332
0.13486456871032715
0.14554834365844727
0.11282634735107422
0.10766196250915527
0.127777099609375
0.08797597885131836
0.09318780899047852
0.08414745330810547
0.08262443542480469
0.1097555160522461
0.08806729316711426
0.10675048828125
0.1423788070678711
0.13710594177246094
0.12260150909423828
0.13187551498413086
0.13201427459716797
0.13026833534240723
0.13021540641784668
0.1875779628753662
0.21424460411071777
0.1038963794708252
0.13857603073120117
0.1370985507965088
0.0982062816619873
0.09482574462890625
0.12997913360595703
0.10032296180725098
0.08932352066040039
0.10084080696105957
0.0974578857421875
0.11537742614746094
0.11041069030761719
0.11324667930603027
0.11605954170227051
0.13091230392456055
0.12099719047546387
0.12669134140014648
0.12083768844604492
0.1302196979522705
0.1951301097869873
0.15151190757751465
0.10371613502502441
0.13049936294555664
0.11699366569519043
0.08575654029846191
0.1228172779083252
0.09711813926696777
0.09396481513977051
0.10747003555297852
0.0880119800567627
0.10235881805419922
0.09521961212158203
0.09694814682006836
0.12735795974731445
0.1368410587310791
0.13215136528015137
0.11220502853393555
0.14876556396484375
0.13872170448303223
0.14713120460510254
0.15796232223510742
0.1538410186767578
0.1263275146484375
0.12763047218322754
0.12249398231506348
0.09310531616210938
0.09551644325256348
0.07472062110900879
0.09714412689208984
0.09369444847106934
0.09134244918823242
0.08364248275756836
0.08600473403930664
0.09350800514221191
0.08995342254638672
0.0927426815032959
0.14282560348510742
0.12100577354431152
0.13282489776611328
0.12407755851745605
0.13241076469421387
0.12906908988952637
0.12929224967956543
0.20034098625183105
0.24713683128356934
0.08118653297424316
0.0874488353729248
0.08400917053222656
0.08439993858337402
0.07999300956726074
0.10550713539123535
0.0976402759552002
0.09463286399841309
0.09728002548217773
0.08651566505432129
0.14091110229492188
0.12291932106018066
0.10129332542419434
0.1072695255279541
0.11360931396484375
0.09221911430358887
0.08602571487426758
0.1051936149597168
0.0873410701751709
0.08820056915283203
0.11514115333557129
0.09921550750732422
0.10821127891540527
0.10898947715759277
0.0840606689453125
0.0917820930480957
0.12441492080688477
0.09811878204345703
0.09052205085754395
0.10824179649353027
0.10704970359802246
0.11115479469299316
0.09403514862060547
0.08782577514648438
0.08630204200744629
0.08811187744140625
0.09252595901489258
0.10678362846374512
0.11007905006408691
0.10989546775817871
0.10398626327514648
0.10260844230651855
0.08386349678039551
0.0920569896697998
0.09952020645141602
0.07982921600341797
0.10024237632751465
0.11042666435241699
0.10144281387329102
0.08962035179138184
0.09981632232666016
0.10078954696655273
0.10284256935119629
0.0987086296081543
0.09452390670776367
0.12314820289611816
0.09327268600463867
0.08124136924743652
0.07207059860229492
0.07221746444702148
0.08805060386657715
0.09026098251342773
0.10395312309265137
0.07859277725219727
0.07543706893920898
0.07422947883605957
0.07448625564575195
0.090484619140625
0.07557129859924316
0.07502317428588867
0.07736039161682129
0.07831954956054688
0.07994389533996582
0.09204864501953125
0.07033038139343262
0.06882858276367188
0.06626009941101074
0.08155250549316406
0.08140206336975098
0.06675434112548828
0.07292532920837402
0.06847429275512695
0.06893420219421387
0.08183455467224121
0.0678257942199707
0.06734561920166016
0.07067370414733887
0.07214140892028809
0.07845044136047363
0.08209443092346191
0.08686232566833496
0.07219266891479492
0.0827329158782959
0.07732939720153809
0.08199930191040039
0.06794929504394531
0.08136892318725586
0.06818699836730957
0.07476639747619629
0.06905770301818848
0.0709381103515625
0.06869935989379883
0.0820608139038086
0.08697915077209473
0.07770586013793945
0.0769338607788086
0.0679168701171875
0.0877847671508789
0.0728919506072998
0.08138513565063477
0.06836223602294922
0.08209943771362305
0.08716273307800293
0.06780576705932617
0.06830024719238281
0.06712031364440918
0.0775761604309082
0.06791520118713379
0.08226370811462402
0.0661625862121582
0.08727765083312988
0.06794023513793945
0.06855106353759766
0.06811857223510742
0.08150863647460938
0.07965731620788574
0.06970071792602539
0.06790876388549805
0.06864261627197266
0.06578445434570312
0.07429265975952148
0.08139777183532715
0.06695914268493652
0.06827712059020996
0.0742647647857666
0.06937885284423828
0.0680854320526123
0.09174656867980957
0.06941723823547363
0.0832366943359375
0.07004809379577637
0.07624006271362305
0.08359646797180176
0.07168459892272949
0.08271265029907227
0.07286357879638672
0.06721019744873047
0.06711292266845703
0.06472134590148926
0.06644463539123535
0.07285165786743164
0.06491875648498535
0.07042574882507324
0.06710219383239746
0.0664377212524414
0.08986425399780273
0.07257390022277832
0.06633543968200684
0.06401848793029785
0.06339335441589355
0.06464838981628418
0.07225298881530762
0.06774067878723145
0.06509685516357422
0.0677804946899414
0.0643770694732666
0.06787633895874023
0.0751035213470459
0.06558036804199219
0.07915806770324707
0.08571815490722656
0.08028006553649902
0.06730031967163086
0.06703042984008789
0.06658315658569336
0.07973599433898926
0.0675201416015625
0.07904648780822754
0.07644891738891602
0.07282567024230957
0.06801247596740723
0.06617903709411621
0.06438255310058594
0.06563615798950195
0.06563258171081543
0.08012795448303223
0.06606101989746094
0.08034944534301758
0.07903456687927246
0.0666205883026123
0.0700833797454834
0.06679415702819824
0.07277131080627441
0.0738530158996582
0.06788945198059082
0.06608033180236816
0.06679940223693848
0.07450318336486816
0.07195901870727539
0.07003426551818848
0.08253836631774902
0.08009696006774902
0.09004068374633789
0.07093501091003418
0.08492040634155273
0.0707695484161377
0.0796358585357666
0.07106924057006836
0.0824429988861084
0.06309080123901367
0.06449675559997559
0.06358003616333008
0.06276655197143555
0.06645894050598145
0.06331777572631836
0.08397412300109863
0.06595325469970703
0.0647280216217041
0.06443166732788086
0.06532549858093262
0.06423640251159668
0.06378793716430664
0.06438207626342773
0.07549500465393066
0.07045698165893555
0.06641507148742676
0.06786823272705078
0.07417702674865723
0.06482315063476562
0.06831669807434082
0.0651707649230957
0.06615185737609863
0.06383109092712402
0.07582974433898926
0.06540775299072266
0.07860636711120605
0.07120251655578613
0.07336878776550293
0.0715334415435791
0.06506586074829102
0.06830072402954102
0.06494259834289551
0.07213521003723145
0.08601832389831543
0.07137680053710938
0.07045555114746094
0.06920886039733887
0.08133411407470703
0.12110567092895508
0.1398932933807373
0.1090857982635498
0.0955345630645752
0.07243704795837402
0.09546542167663574
0.08195924758911133
0.08066630363464355
0.07686853408813477
0.08343815803527832
0.07359480857849121
0.10156989097595215
0.12721014022827148
0.10381746292114258
0.12956905364990234
0.11102104187011719
0.11866450309753418
0.13258624076843262
0.1328413486480713
0.12316679954528809
0.13805747032165527
0.21113109588623047
0.1946883201599121
0.1475825309753418
0.14546847343444824
0.09999942779541016
0.09522771835327148
0.11855101585388184
0.1006622314453125
0.09831357002258301
0.1344606876373291
0.10006356239318848
0.08806633949279785
0.1006155014038086
0.11587309837341309
0.12614870071411133
0.11617636680603027
0.13418173789978027
0.11569333076477051
0.1252286434173584
0.12409138679504395
0.13958477973937988
0.23106169700622559
0.1370842456817627
0.11013102531433105
0.1676945686340332
0.13820362091064453
0.09774065017700195
0.09667396545410156
0.11981344223022461
0.08353829383850098
0.08448624610900879
0.08602690696716309
0.08376264572143555
0.08973550796508789
0.10079050064086914
0.14134430885314941
0.13885998725891113
0.12614226341247559
0.12099456787109375
0.11878252029418945
0.133467435836792
0.146897554397583
0.2033400535583496
0.1872560977935791
0.1056814193725586
0.16351819038391113
0.11135530471801758
0.10809135437011719
0.10369181632995605
0.08238911628723145
0.09228181838989258
0.08264875411987305
0.08473658561706543
0.09592103958129883
0.11289834976196289
0.09743213653564453
0.10369515419006348
0.10969185829162598
0.13036417961120605
0.1206367015838623
0.11917376518249512
0.1325838565826416
0.10890579223632812
0.15197491645812988
0.1622483730316162
0.1913299560546875
0.10213947296142578
0.10416150093078613
0.17625141143798828
0.10048532485961914
0.08480429649353027
0.07979321479797363
0.08852601051330566
0.09083294868469238
0.08809733390808105
0.08868169784545898
0.09701275825500488
0.09181070327758789
0.0889735221862793
0.10592794418334961
0.11687445640563965
0.14444851875305176
0.128739595413208
0.13664484024047852
0.13802361488342285
0.15388274192810059
0.14366722106933594
0.17299365997314453
0.14445734024047852
0.13201618194580078
0.1485152244567871
0.10125899314880371
0.10688257217407227
0.08954548835754395
0.08175206184387207
0.11792421340942383
0.12464141845703125
0.11243033409118652
0.09336733818054199
0.13038206100463867
0.11568522453308105
0.1252439022064209
0.11972784996032715
0.1375117301940918
0.1317458152770996
0.10231685638427734
0.16367745399475098
0.19263339042663574
0.14120149612426758
0.11699819564819336
0.1276538372039795
0.09994983673095703
0.09460878372192383
0.0998847484588623
0.10184645652770996
0.08847808837890625
0.10357880592346191
0.1108245849609375
0.14040017127990723
0.09753704071044922
0.12816834449768066
0.11910247802734375
0.11982870101928711
0.11319899559020996
0.12452220916748047
0.1321885585784912
0.15897440910339355
0.1366288661956787
0.19132304191589355
0.10404801368713379
0.12893056869506836
0.16228604316711426
0.08176541328430176
0.10525631904602051
0.09391522407531738
0.11812853813171387
0.09905433654785156
0.09850263595581055
0.08404016494750977
0.08495426177978516
0.08652901649475098
0.09214591979980469
0.12514615058898926
0.12398767471313477
0.12717485427856445
0.12844610214233398
0.13540244102478027
0.12594270706176758
0.13297080993652344
0.1799464225769043
0.1686553955078125
0.10805726051330566
0.11887717247009277
0.12108135223388672
0.08657526969909668
0.1090078353881836
0.1343824863433838
0.1020967960357666
0.10825920104980469
0.08027434349060059
0.08669042587280273
0.0933234691619873
0.12709999084472656
0.14037585258483887
0.12766432762145996
0.1255960464477539
0.12710976600646973
0.13906574249267578
0.13716435432434082
0.1489720344543457
0.16858935356140137
0.1555931568145752
0.1280050277709961
0.14268875122070312
0.1029810905456543
0.08342528343200684
0.07382369041442871
0.09919404983520508
0.08883142471313477
0.08570981025695801
0.094573974609375
0.0838005542755127
0.11368513107299805
0.08912515640258789
0.12036371231079102
0.10720968246459961
0.11297821998596191
0.11792683601379395
0.10218691825866699
0.14948821067810059
0.1500561237335205
0.13341665267944336
0.20557785034179688
0.1374073028564453
0.12096548080444336
0.12825536727905273
0.10042476654052734
0.09936141967773438
0.11744403839111328
0.12309956550598145
0.11272239685058594
0.10555219650268555
0.09462666511535645
0.08977913856506348
0.09759306907653809
0.0958259105682373
0.11787199974060059
0.13462615013122559
0.125565767288208
0.13677453994750977
0.1318197250366211
0.12727737426757812
0.15130257606506348
0.2172095775604248
0.15522527694702148
0.1141502857208252
0.12867450714111328
0.11008262634277344
0.10238313674926758
0.08509445190429688
0.08129644393920898
0.08459281921386719
0.11293292045593262
0.09337949752807617
0.10100269317626953
0.07909226417541504
0.10563802719116211
0.08823609352111816
0.13705182075500488
0.1328439712524414
0.1237022876739502
0.12152934074401855
0.12073135375976562
0.15873193740844727
0.20287632942199707
0.22404146194458008
0.12086701393127441
0.11723780632019043
0.12822365760803223
0.08285832405090332
0.10248970985412598
0.1068887710571289
0.09413409233093262
0.10001754760742188
0.10244297981262207
0.09530782699584961
0.08130621910095215
0.07669878005981445
0.09938836097717285
0.11372113227844238
0.12257623672485352
0.11355972290039062
0.1494300365447998
0.14394664764404297
0.13091707229614258
0.13136816024780273
0.1426544189453125
0.20172905921936035
0.14262628555297852
0.12225914001464844
0.14736175537109375
0.12215495109558105
0.09732770919799805
0.08460068702697754
0.07928776741027832
0.0796346664428711
0.08078908920288086
0.09148716926574707
0.0949697494506836
0.09349989891052246
0.09476113319396973
0.10041236877441406
0.12755632400512695
0.11667919158935547
0.14382529258728027
0.13435912132263184
0.11965608596801758
0.14296770095825195
0.1453533172607422
0.18465471267700195
0.19475793838500977
0.11765146255493164
0.12626338005065918
0.09995865821838379
0.0836634635925293
0.12265300750732422
0.07857489585876465
0.09400677680969238
0.09015941619873047
0.08814263343811035
0.09941530227661133
0.08915376663208008
0.08137011528015137
0.08821845054626465
0.09159040451049805
0.16418170928955078
0.13875126838684082
0.16282439231872559
0.12995290756225586
0.10558199882507324
0.1420304775238037
0.13471531867980957
0.15564393997192383
0.2112724781036377
0.12126827239990234
0.13113999366760254
0.12499356269836426
0.10802459716796875
0.08632183074951172
0.11172938346862793
0.09746766090393066
0.09507465362548828
0.08319902420043945
0.08325076103210449
0.09116363525390625
0.09448814392089844
0.09639811515808105
0.14872479438781738
0.14542317390441895
0.12472200393676758
0.13399267196655273
0.11730337142944336
0.12273287773132324
0.1684255599975586
0.22498250007629395
0.14267492294311523
0.13891816139221191
0.15886425971984863
0.08323121070861816
0.09063577651977539
0.09810113906860352
0.09712529182434082
0.12590622901916504
0.10022950172424316
0.08779430389404297
0.10085344314575195
0.11458730697631836
0.09727883338928223
0.13231325149536133
0.12159919738769531
0.1167755126953125
0.11540794372558594
0.1420910358428955
0.12775135040283203
0.14273881912231445
0.18260836601257324
0.1869196891784668
0.09556102752685547
0.11839580535888672
0.12442731857299805
0.09138059616088867
0.13980627059936523
0.09209513664245605
0.09568095207214355
0.10748934745788574
0.09430599212646484
0.09164929389953613
0.09769153594970703
0.09115481376647949
0.12744498252868652
0.13053274154663086
0.1343550682067871
0.11188244819641113
0.11160874366760254
0.13068389892578125
0.12365126609802246
0.12280631065368652
0.20200610160827637
0.12990164756774902
0.1325855255126953
0.11349201202392578
0.1530778408050537
0.10004067420959473
0.09263873100280762
0.09964346885681152
0.09437203407287598
0.09791254997253418
0.0990602970123291
0.09520149230957031
0.0898904800415039
0.13152003288269043
0.13779354095458984
0.13892269134521484
0.12070131301879883
0.10405874252319336
0.12452912330627441
0.12108302116394043
0.19431018829345703
0.18174314498901367
0.13159394264221191
0.11829733848571777
0.15432238578796387
0.09395360946655273
0.10297942161560059
0.09261965751647949
0.11145639419555664
0.11712098121643066
0.11227297782897949
0.10378479957580566
0.1075444221496582
0.09912919998168945
0.1453702449798584
0.11333107948303223
0.1422574520111084
0.12374997138977051
0.1396009922027588
0.13181042671203613
0.12727808952331543
0.1782374382019043
0.1536104679107666
0.10614705085754395
0.10846447944641113
0.14745569229125977
0.09875702857971191
0.10891580581665039
0.10359740257263184
0.09207367897033691
0.10803842544555664
0.08954358100891113
0.08415627479553223
0.08431601524353027
0.08782148361206055
0.11091256141662598
0.1564652919769287
0.11338663101196289
0.11828112602233887
0.15217256546020508
0.12030148506164551
0.11448216438293457
0.1387341022491455
0.20075201988220215
0.19318199157714844
0.09383320808410645
0.13443303108215332
0.15545344352722168
0.0968780517578125
0.09687685966491699
0.08075475692749023
0.08373737335205078
0.08074593544006348
0.08533644676208496
0.1172335147857666
0.09001731872558594
0.11021733283996582
0.09856390953063965
0.10888838768005371
0.13415980339050293
0.11225485801696777
0.13211679458618164
0.10293769836425781
0.1264934539794922
0.10376429557800293
0.14503240585327148
0.18711423873901367
0.15260887145996094
0.11133217811584473
0.14704394340515137
0.1055755615234375
0.10227131843566895
0.09383273124694824
0.08536338806152344
0.09367799758911133
0.10271835327148438
0.08695793151855469
0.08503341674804688
0.09350943565368652
0.0967254638671875
0.10053849220275879
0.14255475997924805
0.13249850273132324
0.12862849235534668
0.11859321594238281
0.12832069396972656
0.15081357955932617
0.15651416778564453
0.21265220642089844
0.1438448429107666
0.12258720397949219
0.13561105728149414
0.09546279907226562
0.08521699905395508
0.10665774345397949
0.0901191234588623
0.09662485122680664
0.09166383743286133
0.09116744995117188
0.10505390167236328
0.11656332015991211
0.08693671226501465
0.11574077606201172
0.12397074699401855
0.1355881690979004
0.13190865516662598
0.11834430694580078
0.1290569305419922
0.12833809852600098
0.13842058181762695
0.23099613189697266
0.1397864818572998
0.10944676399230957
0.14109492301940918
0.11268949508666992
0.10092973709106445
0.08415985107421875
0.09254169464111328
0.09160661697387695
0.1067042350769043
0.09150242805480957
0.10957646369934082
0.0857079029083252
0.10464835166931152
0.12162232398986816
0.12265348434448242
0.15599918365478516
0.12125492095947266
0.14780497550964355
0.1498560905456543
0.1326735019683838
0.14975333213806152
0.1735546588897705
0.1374366283416748
0.10329151153564453
0.15038108825683594
0.11296916007995605
0.1155860424041748
0.08041906356811523
0.0810544490814209
0.08351922035217285
0.09187936782836914
0.08156323432922363
0.0840158462524414
0.11271047592163086
0.07071065902709961
0.09196972846984863
0.13562917709350586
0.12354326248168945
0.12453293800354004
0.11713099479675293
0.13456511497497559
0.1367027759552002
0.1476905345916748
0.140580415725708
0.1725451946258545
0.13515830039978027
0.11731362342834473
0.1863110065460205
0.11133408546447754
0.0933220386505127
0.07612061500549316
0.08446788787841797
0.08279109001159668
0.12059140205383301
0.09629702568054199
0.09955000877380371
0.09648609161376953
0.09075689315795898
0.13375329971313477
0.11869239807128906
0.1587843894958496
0.13048124313354492
0.12343072891235352
0.1315927505493164
0.11765480041503906
0.17798805236816406
0.18662691116333008
0.10581111907958984
0.14868640899658203
0.11745357513427734
0.10571837425231934
0.10335683822631836
0.0862734317779541
0.09292769432067871
0.09833383560180664
0.09422135353088379
0.1134190559387207
0.08527946472167969
0.09293174743652344
0.11094427108764648
0.14395689964294434
0.1259326934814453
0.11100482940673828
0.1277472972869873
0.1357872486114502
0.12209510803222656
0.16176080703735352
0.16919779777526855
0.18011856079101562
0.11838269233703613
0.1443469524383545
0.12164187431335449
0.09844112396240234
0.08170104026794434
0.08084845542907715
0.0853891372680664
0.09584641456604004
0.10065484046936035
0.10427427291870117
0.0814211368560791
0.08152055740356445
0.08503174781799316
0.10723447799682617
0.11578845977783203
0.11289715766906738
0.12428140640258789
0.12154150009155273
0.1307535171508789
0.11162066459655762
0.1622164249420166
0.14765596389770508
0.20065045356750488
0.10789203643798828
0.1337578296661377
0.15826058387756348
0.1124110221862793
0.08338546752929688
0.08155512809753418
0.0907444953918457
0.09445571899414062
0.08681678771972656
0.10696983337402344
0.10066699981689453
0.10026192665100098
0.12519049644470215
0.1146233081817627
0.11641168594360352
0.11879873275756836
0.11086821556091309
0.10382986068725586
0.14084196090698242
0.1388702392578125
0.22183561325073242
0.12866806983947754
0.0759279727935791
0.08296322822570801
0.06857037544250488
0.06798195838928223
0.06830215454101562
0.06944417953491211
0.08420681953430176
0.15252137184143066
0.10363459587097168
0.10013747215270996
0.08450675010681152
0.0793001651763916
0.08863019943237305
0.09334254264831543
0.11442041397094727
0.1087961196899414
0.11509871482849121
0.08472681045532227
0.09777641296386719
0.09693360328674316
0.10003018379211426
0.0901494026184082
0.08597135543823242
0.11149835586547852
0.08764886856079102
0.08490920066833496
0.08021306991577148
0.08845686912536621
0.09194183349609375
0.09535861015319824
0.0944831371307373
0.0776224136352539
0.08456826210021973
0.1275179386138916
0.08830380439758301
0.08520221710205078
0.0784912109375
0.093353271484375
0.07999920845031738
0.08675122261047363
0.10560917854309082
0.12355899810791016
0.10662579536437988
0.10185980796813965
0.08496546745300293
0.09167981147766113
0.08057785034179688
0.10254788398742676
0.10041069984436035
0.10147881507873535
0.08878898620605469
0.08052253723144531
0.09621000289916992
0.07711601257324219
0.07364153861999512
0.08841657638549805
0.07169532775878906
0.09769535064697266
0.1117699146270752
0.11071562767028809
0.09703373908996582
0.11901593208312988
0.08260822296142578
0.1151587963104248
0.11037325859069824
0.0938878059387207
0.08021402359008789
0.07837104797363281
0.07994341850280762
0.08066558837890625
0.0884854793548584
0.08176326751708984
0.0815422534942627
0.07858943939208984
0.07504701614379883
0.06867122650146484
0.09080004692077637
0.0769035816192627
0.06672430038452148
0.07395625114440918
0.0702199935913086
0.06857752799987793
0.06747961044311523
0.0681309700012207
0.0679326057434082
0.06827378273010254
0.06907224655151367
0.07102513313293457
0.0735323429107666
0.06775808334350586
0.06909847259521484
0.06838798522949219
0.07684111595153809
0.07260751724243164
0.06841683387756348
0.0675356388092041
0.0676577091217041
0.07548093795776367
0.06966018676757812
0.06841087341308594
0.07248759269714355
0.0657958984375
0.06513166427612305
0.06492447853088379
0.06530642509460449
0.06508278846740723
0.07150769233703613
0.07609772682189941
0.08053946495056152
0.07007455825805664
0.06875085830688477
0.06811904907226562
0.06869864463806152
0.07073974609375
0.07140493392944336
0.07351016998291016
0.07823872566223145
0.07085251808166504
0.0679166316986084
0.06383252143859863
0.07454967498779297
0.0770726203918457
0.06836390495300293
0.06721663475036621
0.07950019836425781
0.06644415855407715
0.07529687881469727
0.06585359573364258
0.06456494331359863
0.06439018249511719
0.08080434799194336
0.0678708553314209
0.06432247161865234
0.07023334503173828
0.06516122817993164
0.06548309326171875
0.08236813545227051
0.06682872772216797
0.06559109687805176
0.06681442260742188
0.0821380615234375
0.06702876091003418
0.07336282730102539
0.06802248954772949
0.0672602653503418
0.06739521026611328
0.0669257640838623
0.0672767162322998
0.06714987754821777
0.06727433204650879
0.0667109489440918
0.07292962074279785
0.06787681579589844
0.06824374198913574
0.06868791580200195
0.06810879707336426
0.06741166114807129
0.06750655174255371
0.07634258270263672
0.07063460350036621
0.07152318954467773
0.06908464431762695
0.0681602954864502
0.0663909912109375
0.06630945205688477
0.08276820182800293
0.07172608375549316
0.07100391387939453
0.06883978843688965
0.08052253723144531
0.06785392761230469
0.06686830520629883
0.06723308563232422
0.06661796569824219
0.08004474639892578
0.07056260108947754
0.08112549781799316
0.06618142127990723
0.07138657569885254
0.06708216667175293
0.06683611869812012
0.0660254955291748
0.07120132446289062
0.06520819664001465
0.06587982177734375
0.06560587882995605
0.0647268295288086
0.07809019088745117
0.06574869155883789
0.06872129440307617
0.06821608543395996
0.08031511306762695
0.07980728149414062
0.07474637031555176
0.07002568244934082
0.08170914649963379
0.0743250846862793
0.06710171699523926
0.06761932373046875
0.07343602180480957
0.0666351318359375
0.07909655570983887
0.07982873916625977
0.06635761260986328
0.06604647636413574
0.07041811943054199
0.06586670875549316
0.0662846565246582
0.06612038612365723
0.07046842575073242
0.06780171394348145
0.06546568870544434
0.06976747512817383
0.07052874565124512
0.07735705375671387
0.08625316619873047
0.07567048072814941
0.06732583045959473
0.06542015075683594
0.06454348564147949
0.07865691184997559
0.06400895118713379
0.06456971168518066
0.0696706771850586
0.06472969055175781
0.06435656547546387
0.06505894660949707
0.07876348495483398
0.06508803367614746
0.06435608863830566
0.06375598907470703
0.06391477584838867
0.07012486457824707
0.0646510124206543
0.06410598754882812
0.0642998218536377
0.06355452537536621
0.06409597396850586
0.06370043754577637
0.07812643051147461
0.08166837692260742
0.0738983154296875
0.08155703544616699
0.06494569778442383
0.07869267463684082
0.06470966339111328
0.06355047225952148
0.0787041187286377
0.06376814842224121
0.06521320343017578
0.07205033302307129
0.0718228816986084
0.07160782814025879
0.07043290138244629
0.0784766674041748
0.10653209686279297
0.11840653419494629
0.09926486015319824
0.07339262962341309
0.0890817642211914
0.07517313957214355
0.08837437629699707
0.09044599533081055
0.1002955436706543
0.08865904808044434
0.09680986404418945
0.09724974632263184
0.09317135810852051
0.10493874549865723
0.08758163452148438
0.09250378608703613
0.10991168022155762
0.11629605293273926
0.12569856643676758
0.1450340747833252
0.1315608024597168
0.11872982978820801
0.12876009941101074
0.16309571266174316
0.19235563278198242
0.13157176971435547
0.12092447280883789
0.15291929244995117
0.09359312057495117
0.10172247886657715
0.08559656143188477
0.09761524200439453
0.11123991012573242
0.1359548568725586
0.13254547119140625
0.09776473045349121
0.08280301094055176
0.10497069358825684
0.11413407325744629
0.1262505054473877
0.12988877296447754
0.12546038627624512
0.13078522682189941
0.12210536003112793
0.1460399627685547
0.17246556282043457
0.1590421199798584
0.11368703842163086
0.11580395698547363
0.12770318984985352
0.11651039123535156
0.08605599403381348
0.08289361000061035
0.08643746376037598
0.09584879875183105
0.09754133224487305
0.09735608100891113
0.09927487373352051
0.09410929679870605
0.09026002883911133
0.13111376762390137
0.10979747772216797
0.1176764965057373
0.12493586540222168
0.12714648246765137
0.12822294235229492
0.11276865005493164
0.19015240669250488
0.17235279083251953
0.1208493709564209
0.11890864372253418
0.1477193832397461
0.08991551399230957
0.09694385528564453
0.08963823318481445
0.08526277542114258
0.09096837043762207
0.08733963966369629
0.09522700309753418
0.09497642517089844
0.08556962013244629
0.12866878509521484
0.12976431846618652
0.12073516845703125
0.13935589790344238
0.1532573699951172
0.11278247833251953
0.13610219955444336
0.1274738311767578
0.17304396629333496
0.18128466606140137
0.09893059730529785
0.12867307662963867
0.11320090293884277
0.10750460624694824
0.09289026260375977
0.09072709083557129
0.11546802520751953
0.10673379898071289
0.09000134468078613
0.0772562026977539
0.08293676376342773
0.08549141883850098
0.1006474494934082
0.12189507484436035
0.12560820579528809
0.12313318252563477
0.11685705184936523
0.12389421463012695
0.1376502513885498
0.13066315650939941
0.13400053977966309
0.20955538749694824
0.1566939353942871
0.12099766731262207
0.1377124786376953
0.1045069694519043
0.09506011009216309
0.10362672805786133
0.09348893165588379
0.08103823661804199
0.08962750434875488
0.12247610092163086
0.10910725593566895
0.09277105331420898
0.10268282890319824
0.13863348960876465
0.1226358413696289
0.12508177757263184
0.1178123950958252
0.1416175365447998
0.13872122764587402
0.13197541236877441
0.19274091720581055
0.18721437454223633
0.09406661987304688
0.09893417358398438
0.12317943572998047
0.0921487808227539
0.12029647827148438
0.09499740600585938
0.08832216262817383
0.09433245658874512
0.08129215240478516
0.08376812934875488
0.11131620407104492
0.11461281776428223
0.09938716888427734
0.13501787185668945
0.12123322486877441
0.14046525955200195
0.11579394340515137
0.14067649841308594
0.14562559127807617
0.1452784538269043
0.2262556552886963
0.15734601020812988
0.13518953323364258
0.130049467086792
0.09878253936767578
0.08678936958312988
0.08843302726745605
0.08113765716552734
0.08184552192687988
0.09185290336608887
0.13454341888427734
0.09891676902770996
0.08331561088562012
0.08813834190368652
0.08695197105407715
0.13279485702514648
0.11608219146728516
0.1294245719909668
0.12564730644226074
0.12796640396118164
0.146714448928833
0.1192483901977539
0.15906119346618652
0.1542224884033203
0.14999985694885254
0.11651396751403809
0.13044357299804688
0.10124087333679199
0.10275053977966309
0.10763859748840332
0.09016847610473633
0.11410927772521973
0.10515475273132324
0.11591196060180664
0.0739293098449707
0.08928394317626953
0.10677933692932129
0.12793564796447754
0.12362790107727051
0.10535001754760742
0.12014150619506836
0.11990213394165039
0.12323641777038574
0.14105510711669922
0.17665314674377441
0.20613884925842285
0.09184789657592773
0.1265861988067627
0.11365699768066406
0.08593416213989258
0.10869550704956055
0.0920557975769043
0.10261058807373047
0.09136605262756348
0.1028742790222168
0.11089229583740234
0.1260993480682373
0.11937999725341797
0.15188837051391602
0.11300110816955566
0.13721227645874023
0.13212013244628906
0.12354707717895508
0.14929580688476562
0.1415424346923828
0.24090242385864258
0.09061312675476074
0.10250496864318848
0.12359976768493652
0.09312963485717773
0.1295626163482666
0.08262896537780762
0.07821440696716309
0.08414983749389648
0.08964991569519043
0.0890665054321289
0.08453965187072754
0.09892678260803223
0.08255743980407715
0.08924174308776855
0.13132762908935547
0.11246061325073242
0.11823773384094238
0.14647364616394043
0.13407325744628906
0.10845041275024414
0.1439669132232666
0.14228177070617676
0.158585786819458
0.15612006187438965
0.11240816116333008
0.11116981506347656
0.11630582809448242
0.10027027130126953
0.10724115371704102
0.08575916290283203
0.10823202133178711
0.08952808380126953
0.11139798164367676
0.09366822242736816
0.07736849784851074
0.10479164123535156
0.12328243255615234
0.1119837760925293
0.11573028564453125
0.13355088233947754
0.12442588806152344
0.11300802230834961
0.12286782264709473
0.15623784065246582
0.18525314331054688
0.15606021881103516
0.10377287864685059
0.13436269760131836
0.10108447074890137
0.0928049087524414
0.09291553497314453
0.10605168342590332
0.0958108901977539
0.115997314453125
0.11457109451293945
0.10650038719177246
0.11333036422729492
0.10889554023742676
0.13275933265686035
0.12607407569885254
0.1264660358428955
0.1193990707397461
0.1330575942993164
0.13961482048034668
0.1291675567626953
0.17344045639038086
0.19841265678405762
0.11310625076293945
0.09797263145446777
0.11313176155090332
0.10250210762023926
0.12626004219055176
0.0875852108001709
0.09354972839355469
0.08308553695678711
0.10566425323486328
0.13782286643981934
0.10726547241210938
0.09960651397705078
0.1412801742553711
0.14417099952697754
0.11879324913024902
0.13158011436462402
0.12451434135437012
0.13513779640197754
0.12743091583251953
0.1355726718902588
0.17506980895996094
0.1377546787261963
0.11643433570861816
1.1919305324554443
0.13985133171081543
0.13059210777282715
0.12915349006652832
0.10975003242492676
0.11386275291442871
0.14408493041992188
0.17664766311645508
0.19041013717651367
0.22890734672546387
0.12784361839294434
0.13433623313903809
0.11891937255859375
0.11352086067199707
0.10694074630737305
0.09263277053833008
0.10571527481079102
0.10991287231445312
0.08865118026733398
0.0889887809753418
0.10459113121032715
0.10397958755493164
0.134812593460083
0.13570046424865723
0.14591312408447266
0.13157153129577637
0.1772458553314209
0.16432714462280273
0.17523574829101562
0.23285841941833496
0.13277983665466309
0.18258953094482422
0.1177668571472168
0.11353564262390137
0.1082921028137207
0.1265859603881836
0.10104775428771973
0.12657523155212402
0.10528755187988281
0.10757184028625488
0.10368084907531738
0.14278912544250488
0.14951610565185547
0.1433701515197754
0.16633129119873047
0.13716650009155273
0.16735482215881348
0.23135161399841309
0.14087653160095215
0.18607401847839355
0.18634891510009766
0.155989408493042
0.09136176109313965
0.09892463684082031
0.09155750274658203
0.11353445053100586
0.14088177680969238
0.11610150337219238
0.1246938705444336
0.14774823188781738
0.13488030433654785
0.12970829010009766
0.18576455116271973
0.17011189460754395
0.18047785758972168
0.24438261985778809
0.13348102569580078
0.14072060585021973
0.11623215675354004
0.13633203506469727
0.13488006591796875
0.12058019638061523
0.11168646812438965
0.09568548202514648
0.09984922409057617
0.1333315372467041
0.10250663757324219
0.12601923942565918
0.13887596130371094
0.13636445999145508
0.16553497314453125
0.13079023361206055
0.1302497386932373
0.1705760955810547
0.19452881813049316
0.17551183700561523
0.13750648498535156
0.13300180435180664
0.12345099449157715
0.12209820747375488
0.09197378158569336
0.09258151054382324
0.11088871955871582
0.0988311767578125
0.11120438575744629
0.0963895320892334
0.09317278861999512
0.1058189868927002
0.1666240692138672
0.1759955883026123
0.1395864486694336
0.1508495807647705
0.1830604076385498
0.20972824096679688
0.2328968048095703
0.17322635650634766
0.13722753524780273
0.1414928436279297
0.1217958927154541
0.1292409896850586
0.09596109390258789
0.1194450855255127
0.10953354835510254
0.11202859878540039
0.11219668388366699
0.11692261695861816
0.15402650833129883
0.15143513679504395
0.1266310214996338
0.1426694393157959
0.15871930122375488
0.14218354225158691
0.1839301586151123
0.21092653274536133
0.13257646560668945
0.18671846389770508
0.12655377388000488
0.14117765426635742
0.12323331832885742
0.10507464408874512
0.1493382453918457
0.12335705757141113
0.11440706253051758
0.10214829444885254
0.16796588897705078
0.13003230094909668
0.1336202621459961
0.13145685195922852
0.14557838439941406
0.14784550666809082
0.11310529708862305
0.1883535385131836
0.23457789421081543
0.21006274223327637
0.16829752922058105
0.12697672843933105
0.13085532188415527
0.13289475440979004
0.11090612411499023
0.09649395942687988
0.10353875160217285
0.11228513717651367
0.15024781227111816
0.14353132247924805
0.14433503150939941
0.14633584022521973
0.1409296989440918
0.1367630958557129
0.17452645301818848
0.23189091682434082
0.13687992095947266
0.13009214401245117
0.15136504173278809
0.11919116973876953
0.09290361404418945
0.12076902389526367
0.12138533592224121
0.12099385261535645
0.09769630432128906
0.0980520248413086
0.11264514923095703
0.12894749641418457
0.15606093406677246
0.12478423118591309
0.1568892002105713
0.16232538223266602
0.14577245712280273
0.19340801239013672
0.23326826095581055
0.16614055633544922
0.13750147819519043
0.12613153457641602
0.14867949485778809
0.13575124740600586
0.11273813247680664
0.10255241394042969
0.13321900367736816
0.09653091430664062
0.1179811954498291
0.13947534561157227
0.17020416259765625
0.1564946174621582
0.13173818588256836
0.14926981925964355
0.14422154426574707
0.2206118106842041
0.2642972469329834
0.22417855262756348
0.15529847145080566
0.12510395050048828
0.11253976821899414
0.0920414924621582
0.09160590171813965
0.08841800689697266
0.09529924392700195
0.10323238372802734
0.11021614074707031
0.12074041366577148
0.13875532150268555
0.11864709854125977
0.1303415298461914
0.15451693534851074
0.13167262077331543
0.14540362358093262
0.17272043228149414
0.23735308647155762
0.13221168518066406
0.1420118808746338
0.11020040512084961
0.10078239440917969
0.1142740249633789
0.09275197982788086
0.08898758888244629
0.0994868278503418
0.09255170822143555
0.08861184120178223
0.08049750328063965
0.0956423282623291
0.11709165573120117
0.12234354019165039
0.11425018310546875
0.12378334999084473
0.12042975425720215
0.14492368698120117
0.1199193000793457
0.13038349151611328
0.14406156539916992
0.1830277442932129
0.11200571060180664
0.10656476020812988
0.11333990097045898
0.09192228317260742
0.11357617378234863
0.12136673927307129
0.11903953552246094
0.08777213096618652
0.09807968139648438
0.10136604309082031
0.103973388671875
0.09670114517211914
0.1504197120666504
0.15757989883422852
0.15383696556091309
0.1114342212677002
0.12754034996032715
0.14942097663879395
0.16493511199951172
0.18752074241638184
0.11901450157165527
0.11428952217102051
0.12844109535217285
0.10458064079284668
0.11003565788269043
0.09703445434570312
0.09433555603027344
0.10407590866088867
0.09412312507629395
0.08062148094177246
0.09956955909729004
0.09331083297729492
0.08561539649963379
0.11498880386352539
0.12190818786621094
0.13334918022155762
