0.9587633609771729
0.07243919372558594
0.06166195869445801
0.0569005012512207
0.056427955627441406
0.05706024169921875
0.056722402572631836
0.05616950988769531
0.06187081336975098
0.05672955513000488
0.051294803619384766
0.049072265625
0.04459047317504883
0.04456138610839844
0.04398179054260254
0.044776201248168945
0.04466748237609863
0.049053192138671875
0.04552292823791504
0.05427265167236328
0.04500102996826172
0.04457211494445801
0.044860124588012695
0.04867291450500488
0.04480457305908203
0.045178890228271484
0.04965066909790039
0.04524087905883789
0.05413055419921875
0.04662322998046875
0.044936418533325195
0.044281959533691406
0.0445094108581543
0.044647216796875
0.0448458194732666
0.04958772659301758
0.04634976387023926
0.04453110694885254
0.04503059387207031
0.044831037521362305
0.04458928108215332
0.045183658599853516
0.04624342918395996
0.04644656181335449
0.04918026924133301
0.04515337944030762
0.04445624351501465
0.044226646423339844
0.04450631141662598
0.04422616958618164
0.0444488525390625
0.04443478584289551
0.04487323760986328
0.04923725128173828
0.045067548751831055
0.04532599449157715
0.04469728469848633
0.046186208724975586
0.052185773849487305
0.053270578384399414
0.053264617919921875
0.04883003234863281
0.05016613006591797
0.04578542709350586
0.045281410217285156
0.04704737663269043
0.045096635818481445
0.04503750801086426
0.05428791046142578
0.04830503463745117
0.04557919502258301
0.0498812198638916
0.04587817192077637
0.04709005355834961
0.045000314712524414
0.04549884796142578
0.044878482818603516
0.04528498649597168
0.04520583152770996
0.04527544975280762
0.049957275390625
0.04519462585449219
0.04540729522705078
0.045087337493896484
0.05443310737609863
0.05290842056274414
0.04635047912597656
0.05422711372375488
0.0451507568359375
0.05000901222229004
0.04491901397705078
0.04469585418701172
0.044508934020996094
0.044860124588012695
0.04491233825683594
0.04483604431152344
0.04462552070617676
0.0460660457611084
0.05086541175842285
0.04683399200439453
0.044489383697509766
0.04398322105407715
0.04424142837524414
0.04434370994567871
0.0442962646484375
0.04438161849975586
0.04450869560241699
0.051064491271972656
0.045287370681762695
0.04450058937072754
0.044574737548828125
0.044538021087646484
0.04429054260253906
0.04416990280151367
0.052584171295166016
0.047144412994384766
0.04970216751098633
0.0445559024810791
0.044286489486694336
0.05253458023071289
0.050458669662475586
0.0445253849029541
0.04463005065917969
0.05513262748718262
0.0504612922668457
0.053400278091430664
0.05405545234680176
0.05398726463317871
0.05001044273376465
0.046355247497558594
0.04466652870178223
0.04437708854675293
0.04456806182861328
0.04532122611999512
0.05202150344848633
0.047348976135253906
0.05382585525512695
0.04907488822937012
0.046494245529174805
0.04670381546020508
0.04491710662841797
0.04485154151916504
0.047144412994384766
0.05389094352722168
0.04873514175415039
0.047299861907958984
0.04703927040100098
0.04707145690917969
0.047170400619506836
0.044740915298461914
0.04511618614196777
0.044982194900512695
0.05021023750305176
0.047841787338256836
0.04894828796386719
0.046903371810913086
0.04496312141418457
0.044637441635131836
0.04467368125915527
0.044464111328125
0.04480791091918945
0.05089879035949707
0.045823097229003906
0.04463911056518555
0.044739723205566406
0.04502367973327637
0.044539690017700195
0.044678688049316406
0.04481697082519531
0.04422497749328613
0.049508094787597656
0.04552412033081055
0.04476809501647949
0.04555916786193848
0.04546833038330078
0.046500444412231445
0.0466310977935791
0.045209407806396484
0.04556560516357422
0.05004763603210449
0.04742717742919922
0.04674506187438965
0.04705476760864258
0.04479241371154785
0.04490780830383301
0.044870853424072266
0.04483819007873535
0.04749464988708496
0.051753997802734375
0.055121660232543945
0.050145864486694336
0.044844627380371094
0.04457497596740723
0.044622182846069336
0.044275522232055664
0.04492616653442383
0.04445314407348633
0.05324721336364746
0.04758810997009277
0.045806884765625
0.045189619064331055
0.045179128646850586
0.05282139778137207
0.04444289207458496
0.04419279098510742
0.045183658599853516
0.04976534843444824
0.05383729934692383
0.04940986633300781
0.0465695858001709
0.04503130912780762
0.053418636322021484
0.052298545837402344
0.04517221450805664
0.04464221000671387
0.05106687545776367
0.045767784118652344
0.04672360420227051
0.04473710060119629
0.04463958740234375
0.04503750801086426
0.04480457305908203
0.04482150077819824
0.0455775260925293
0.0587160587310791
0.5443367958068848
0.05183696746826172
0.05022454261779785
0.04985189437866211
0.04986453056335449
0.049654483795166016
0.04969143867492676
0.04889059066772461
0.04857039451599121
0.05472564697265625
0.05677294731140137
0.04912734031677246
0.049071550369262695
0.05072617530822754
0.04742431640625
0.04889392852783203
0.049272775650024414
0.04875469207763672
0.053554534912109375
0.047348976135253906
0.04808807373046875
0.0487065315246582
0.04800534248352051
0.04719424247741699
0.04831337928771973
0.04575967788696289
0.0460963249206543
0.052953481674194336
0.04917645454406738
0.04678177833557129
0.04642152786254883
0.046502113342285156
0.04646468162536621
0.04598212242126465
0.047419071197509766
0.045372724533081055
0.05246734619140625
0.04759693145751953
0.046185970306396484
0.04561138153076172
0.04586505889892578
0.045305490493774414
0.04673051834106445
0.045128583908081055
0.045581817626953125
0.06285238265991211
0.05308175086975098
0.04810929298400879
0.050866127014160156
0.047028303146362305
0.04506063461303711
0.04787874221801758
0.05550408363342285
0.04722332954406738
0.0513155460357666
0.046154022216796875
0.04849696159362793
0.04567527770996094
0.045491695404052734
0.04576587677001953
0.047812700271606445
0.0454714298248291
0.044751644134521484
0.05473828315734863
0.04840540885925293
0.05413341522216797
0.04560065269470215
0.04516315460205078
0.04690861701965332
0.04528164863586426
0.045339107513427734
0.04483675956726074
0.0505979061126709
0.04575657844543457
0.04552888870239258
0.045145273208618164
0.0453944206237793
0.04761314392089844
0.04718732833862305
0.04780769348144531
0.04865145683288574
0.052634239196777344
0.04546761512756348
0.0473170280456543
0.04688310623168945
0.04724764823913574
0.047393798828125
0.04696321487426758
0.04766082763671875
0.047280311584472656
0.052572011947631836
0.04758620262145996
0.0488429069519043
0.04769396781921387
0.04702019691467285
0.04706311225891113
0.044776201248168945
0.045052289962768555
0.04520153999328613
0.0525970458984375
0.04775571823120117
0.05016922950744629
0.0453488826751709
0.04865527153015137
0.047461748123168945
0.0469210147857666
0.04736185073852539
0.047566890716552734
0.05033063888549805
0.045633792877197266
0.045529842376708984
0.04535984992980957
0.04497075080871582
0.04588937759399414
0.04587578773498535
0.045226335525512695
0.046814680099487305
0.050360679626464844
0.052991390228271484
0.052992820739746094
0.04563331604003906
0.045383453369140625
0.0450441837310791
0.04513192176818848
0.052941083908081055
0.04423666000366211
0.050246477127075195
0.05378127098083496
0.04573965072631836
0.05366373062133789
0.04523420333862305
0.04470348358154297
0.045220136642456055
0.04502272605895996
0.0449824333190918
0.05227208137512207
0.04578089714050293
0.04526114463806152
0.045536041259765625
0.04542946815490723
0.04503750801086426
0.04487943649291992
0.045754432678222656
0.04502391815185547
0.05011487007141113
0.04583859443664551
0.04581117630004883
0.04585742950439453
0.044831037521362305
0.044693708419799805
0.04486250877380371
0.04677462577819824
0.044722557067871094
0.05051755905151367
0.054053544998168945
0.04637742042541504
0.045401811599731445
0.04497075080871582
0.045201778411865234
0.045126914978027344
0.04505133628845215
0.05282306671142578
0.05096912384033203
0.046109914779663086
0.055762290954589844
0.045430898666381836
0.05488991737365723
0.04648637771606445
0.04480171203613281
0.044986724853515625
0.05251049995422363
0.05360245704650879
0.045204877853393555
0.046691179275512695
0.044852256774902344
0.0451200008392334
0.04484987258911133
0.04484891891479492
0.04477262496948242
0.04453897476196289
0.0591733455657959
0.053377628326416016
0.04513359069824219
0.05261111259460449
0.044992685317993164
0.0451052188873291
0.050035715103149414
0.04431486129760742
0.04485726356506348
0.051605939865112305
0.045554399490356445
0.04485726356506348
0.04511237144470215
0.04472064971923828
0.044518470764160156
0.044977664947509766
0.04421710968017578
0.05222940444946289
0.05217790603637695
0.04513978958129883
0.04524397850036621
0.04578995704650879
0.044483184814453125
0.052748918533325195
0.04499220848083496
0.04608583450317383
0.04449272155761719
0.05013728141784668
0.04556155204772949
0.04498434066772461
0.04473567008972168
0.045186758041381836
0.045023202896118164
0.0449824333190918
0.04479169845581055
0.045091867446899414
0.05803036689758301
0.04514479637145996
0.04511117935180664
0.045050621032714844
0.04480624198913574
0.044570207595825195
0.05355358123779297
0.0475461483001709
0.04499387741088867
0.04919147491455078
0.0448455810546875
0.04485440254211426
0.04469490051269531
0.0444791316986084
0.04485917091369629
0.04517817497253418
0.0448915958404541
0.0454096794128418
0.049536705017089844
0.04517340660095215
0.04577517509460449
0.04685616493225098
0.044837236404418945
0.04418182373046875
0.0448000431060791
0.04479861259460449
0.044600486755371094
0.058606624603271484
0.05296587944030762
0.04944944381713867
0.044478416442871094
0.0442507266998291
0.044259071350097656
0.05794239044189453
0.04937601089477539
0.04700112342834473
0.05217099189758301
0.047818660736083984
0.04509711265563965
0.04760003089904785
0.046045780181884766
0.0467839241027832
0.04423356056213379
0.04662299156188965
0.04668903350830078
0.052461862564086914
0.05339479446411133
0.04761195182800293
0.04858565330505371
0.04559612274169922
0.04491901397705078
0.053363800048828125
0.0447840690612793
0.04477357864379883
0.051679134368896484
0.04581618309020996
0.044803619384765625
0.0450739860534668
0.044522762298583984
0.04448270797729492
0.04517340660095215
0.04399585723876953
0.05270862579345703
0.0542902946472168
0.045413970947265625
0.04505133628845215
0.04522371292114258
0.044460296630859375
0.044675588607788086
0.044492483139038086
0.04429173469543457
0.04449605941772461
0.049904823303222656
0.04506707191467285
0.04486656188964844
0.054358720779418945
0.04712843894958496
0.044989585876464844
0.04474806785583496
0.04389142990112305
0.044365644454956055
0.049683570861816406
0.047744035720825195
0.044841766357421875
0.04653120040893555
0.04487776756286621
0.044808387756347656
0.0452420711517334
0.04539346694946289
0.044528961181640625
0.05129241943359375
0.045635223388671875
0.0448148250579834
0.04450392723083496
0.044844865798950195
0.047403573989868164
0.04669785499572754
0.053411245346069336
0.05339837074279785
0.060288429260253906
0.050757408142089844
0.054410457611083984
0.04970598220825195
0.04470062255859375
0.04526543617248535
0.04525947570800781
0.04475522041320801
0.04530668258666992
0.05208468437194824
0.04588794708251953
0.04532480239868164
0.045762062072753906
0.04475569725036621
0.045337677001953125
0.04482007026672363
0.0445713996887207
0.05256986618041992
0.05421185493469238
0.0450129508972168
0.04466366767883301
0.04510378837585449
0.044431447982788086
0.04409289360046387
0.044569969177246094
0.046082496643066406
0.045000314712524414
0.05187225341796875
0.044971466064453125
0.0452723503112793
0.04489612579345703
0.04449319839477539
0.044547319412231445
0.04467415809631348
0.045001983642578125
0.04498124122619629
0.05129289627075195
0.04680991172790527
0.04557514190673828
0.045085906982421875
0.05278515815734863
0.0447535514831543
0.04520082473754883
0.04675483703613281
0.05091595649719238
0.05035281181335449
0.04568886756896973
0.04542970657348633
0.044617414474487305
0.047071218490600586
0.04473400115966797
0.045313358306884766
0.04470038414001465
0.044272661209106445
0.05017518997192383
0.045443058013916016
0.053021907806396484
0.044877052307128906
0.04490542411804199
0.04478144645690918
0.04635143280029297
0.04703974723815918
0.045461416244506836
0.05020928382873535
0.045560359954833984
0.04678750038146973
0.05753660202026367
0.0469667911529541
0.04853224754333496
0.04700469970703125
0.046499013900756836
0.046560049057006836
0.052327871322631836
0.04768252372741699
0.04736590385437012
0.04682159423828125
0.046552181243896484
0.04699087142944336
0.05095791816711426
0.044606685638427734
0.044884681701660156
0.04969286918640137
0.044892072677612305
0.04650259017944336
0.04477691650390625
0.04691910743713379
0.0468144416809082
0.04796147346496582
0.04665803909301758
0.04694175720214844
0.053934574127197266
0.05351662635803223
0.046613216400146484
0.04587721824645996
0.044376373291015625
0.04475736618041992
0.04451751708984375
0.04476761817932129
0.04650402069091797
0.049408674240112305
0.04492926597595215
0.04607534408569336
0.044592857360839844
0.0442960262298584
0.043651580810546875
0.04446887969970703
0.04409074783325195
0.0443875789642334
0.04936099052429199
0.04516434669494629
0.047145843505859375
0.046863555908203125
0.046721696853637695
0.05202150344848633
0.046599388122558594
0.04654359817504883
0.04766845703125
0.05141043663024902
0.04544186592102051
0.044930219650268555
0.04545092582702637
0.04665994644165039
0.0464780330657959
0.0462946891784668
0.0462496280670166
0.047200918197631836
0.05220937728881836
0.047991275787353516
0.05277299880981445
0.045133352279663086
0.04496288299560547
0.04461169242858887
0.04514026641845703
0.04657912254333496
0.044647216796875
0.05013132095336914
0.04528236389160156
0.07079935073852539
0.04449820518493652
0.0446927547454834
0.04585433006286621
0.04658842086791992
0.044077396392822266
0.04469013214111328
0.05133199691772461
0.04475855827331543
0.047165632247924805
0.045148372650146484
0.044669151306152344
0.044959068298339844
0.044284820556640625
0.044641733169555664
0.0449063777923584
0.051204681396484375
0.0450592041015625
0.04559946060180664
0.0448145866394043
0.04625511169433594
0.044732093811035156
0.04439520835876465
0.04511141777038574
0.04479527473449707
0.050032615661621094
0.04694843292236328
0.046613216400146484
0.04476523399353027
0.04414534568786621
0.04458785057067871
0.052603960037231445
0.04929518699645996
0.0454709529876709
0.049669504165649414
0.04526782035827637
0.046994686126708984
0.054656028747558594
0.04558849334716797
0.04460787773132324
0.04454207420349121
0.044855356216430664
0.045497894287109375
0.05005669593811035
0.04504990577697754
0.0448908805847168
0.04531526565551758
0.04505109786987305
0.04462718963623047
0.04468894004821777
0.04617667198181152
0.048505544662475586
0.04975438117980957
0.04572439193725586
0.04667043685913086
0.045612335205078125
0.04479026794433594
0.04489445686340332
0.044942617416381836
0.04473280906677246
0.04743456840515137
0.05187535285949707
0.045754194259643555
0.045400142669677734
0.045655012130737305
0.052384376525878906
0.04898571968078613
0.04479718208312988
0.04440784454345703
0.04553961753845215
0.049628257751464844
0.046404361724853516
0.04423856735229492
0.044653892517089844
0.05279946327209473
0.05017995834350586
0.04509615898132324
0.05190682411193848
0.04512476921081543
0.05144762992858887
0.04569602012634277
0.04471325874328613
0.048078298568725586
0.04480743408203125
0.04698753356933594
0.04465341567993164
0.04473543167114258
0.0457303524017334
0.05002856254577637
0.04569196701049805
0.044280290603637695
0.044397592544555664
0.044519901275634766
0.04460287094116211
0.04452228546142578
0.04432845115661621
0.04535531997680664
0.0582122802734375
0.05276226997375488
0.047521114349365234
0.04458904266357422
0.05185532569885254
0.04898238182067871
0.04444456100463867
0.04354572296142578
0.04562020301818848
0.04917144775390625
0.04496884346008301
0.04479646682739258
0.04408669471740723
0.04654431343078613
0.044110774993896484
0.0442051887512207
0.05377078056335449
0.0481717586517334
0.0494999885559082
0.046259403228759766
0.044523000717163086
0.05241250991821289
0.044661760330200195
0.04410529136657715
0.04919028282165527
0.044156789779663086
0.04452991485595703
0.049202919006347656
0.044945716857910156
0.046178579330444336
0.04468393325805664
0.04485154151916504
0.04509568214416504
0.055468082427978516
0.0514986515045166
0.045287370681762695
0.04966902732849121
0.045916080474853516
0.05311393737792969
0.04506564140319824
0.045139312744140625
0.044954538345336914
0.0446925163269043
0.044594526290893555
0.04512834548950195
0.049086809158325195
0.04544997215270996
0.0447535514831543
0.04465079307556152
0.04449868202209473
0.04670548439025879
0.04441690444946289
0.044513702392578125
0.046799659729003906
0.04996490478515625
0.0455327033996582
0.044991493225097656
0.05080294609069824
0.04688858985900879
0.04667067527770996
0.04494071006774902
0.04460763931274414
0.046817779541015625
0.049608469009399414
0.0453190803527832
0.04513096809387207
0.04479503631591797
0.044715166091918945
0.04455423355102539
0.04496407508850098
0.04643535614013672
0.04706263542175293
0.051555633544921875
0.04717087745666504
0.047251224517822266
0.04503202438354492
0.04504060745239258
0.04640531539916992
0.0460820198059082
0.04588675498962402
0.0455622673034668
0.050034523010253906
0.04521465301513672
0.045073747634887695
0.046723127365112305
0.0444643497467041
0.04443812370300293
0.0537257194519043
0.04419684410095215
0.052056074142456055
0.05159330368041992
0.04682469367980957
0.04519009590148926
0.044562339782714844
0.04467511177062988
0.05143260955810547
0.053435564041137695
0.04339885711669922
0.04465842247009277
0.050394296646118164
0.04627728462219238
0.04450178146362305
0.04444169998168945
0.04422879219055176
0.044096946716308594
0.04398345947265625
0.05179333686828613
0.04445981979370117
0.04883766174316406
0.052816152572631836
0.04551506042480469
0.0435178279876709
0.04615902900695801
0.04349565505981445
0.043990135192871094
0.045835256576538086
0.049420833587646484
0.05958104133605957
0.044937849044799805
0.046308040618896484
0.04845118522644043
0.04509091377258301
0.04425382614135742
0.04474902153015137
0.0461881160736084
0.04684734344482422
0.04933905601501465
0.04552030563354492
0.04469013214111328
0.04448390007019043
0.04422163963317871
0.04653644561767578
0.04621243476867676
0.04601931571960449
0.05508828163146973
0.05182766914367676
0.0452725887298584
0.05482292175292969
0.045092105865478516
0.04485893249511719
0.044396400451660156
0.04604053497314453
0.04417276382446289
0.046599626541137695
0.048940181732177734
0.04631304740905762
0.04437971115112305
0.04469180107116699
0.044216156005859375
0.044786930084228516
0.04435467720031738
0.05322146415710449
0.045955657958984375
0.0575718879699707
0.044408321380615234
0.04491543769836426
0.04490256309509277
0.04401373863220215
0.04373788833618164
0.044448137283325195
0.044415950775146484
0.04517483711242676
0.04943728446960449
0.04507637023925781
0.04460000991821289
0.04501223564147949
0.0444793701171875
0.044661760330200195
0.04457712173461914
0.04407453536987305
0.04506683349609375
0.050124168395996094
0.04526543617248535
0.04643130302429199
0.04496145248413086
0.04379749298095703
0.045510292053222656
0.04443693161010742
0.044981956481933594
0.04505300521850586
0.04925036430358887
0.044599056243896484
0.04393887519836426
0.04423189163208008
0.044451236724853516
0.043211936950683594
0.045712947845458984
0.04371166229248047
0.04627561569213867
0.051802873611450195
0.05334973335266113
0.045394182205200195
0.04453396797180176
0.04427933692932129
0.04420900344848633
0.04446268081665039
0.04596829414367676
0.04524421691894531
0.05004167556762695
0.04558396339416504
0.0525970458984375
0.0452275276184082
0.04887723922729492
0.044304847717285156
0.04471397399902344
0.04355192184448242
0.04572105407714844
0.05014610290527344
0.04522991180419922
0.04493451118469238
0.052474021911621094
0.044756412506103516
0.04470109939575195
0.04859280586242676
0.045310020446777344
0.04438424110412598
0.05157136917114258
0.04543137550354004
0.0452725887298584
0.04525494575500488
0.04465532302856445
0.04431939125061035
0.04372453689575195
0.04439425468444824
0.04491853713989258
0.04936099052429199
0.04664897918701172
0.04436826705932617
0.05328559875488281
0.04468178749084473
0.04394817352294922
0.044406890869140625
0.04380369186401367
0.04512596130371094
0.04979968070983887
0.04520750045776367
0.0445406436920166
0.04659223556518555
0.04421257972717285
0.05200672149658203
0.04457378387451172
0.04591965675354004
0.04488778114318848
0.049468278884887695
0.04512977600097656
0.04510974884033203
0.0448756217956543
0.05284261703491211
0.05243515968322754
0.04537248611450195
0.044953107833862305
0.04713082313537598
0.04993796348571777
0.0446629524230957
0.04535651206970215
0.045116424560546875
0.0447542667388916
0.04420971870422363
0.044363975524902344
0.04526805877685547
0.04462099075317383
0.04965043067932129
0.044866323471069336
0.04457831382751465
0.04403495788574219
0.04354286193847656
0.043909549713134766
0.0440213680267334
0.043486833572387695
0.04466080665588379
0.04918956756591797
0.044393062591552734
0.04608869552612305
0.05443859100341797
0.0443723201751709
0.05175471305847168
0.04375886917114258
0.04436206817626953
0.04541134834289551
0.05024242401123047
0.04540538787841797
0.045145273208618164
0.04525613784790039
0.051492929458618164
0.04634356498718262
0.04447484016418457
0.044541120529174805
0.04703211784362793
0.049665212631225586
0.05318808555603027
0.04476737976074219
0.0443727970123291
0.04391837120056152
0.052576541900634766
0.05273032188415527
0.044112205505371094
0.05307912826538086
0.04958176612854004
0.045391082763671875
0.047060251235961914
0.046570777893066406
0.04488849639892578
0.04490995407104492
0.04570341110229492
0.04447460174560547
0.044677019119262695
0.0596768856048584
0.049506425857543945
0.044574737548828125
0.04418826103210449
0.044576168060302734
0.045736074447631836
0.0441892147064209
0.04553079605102539
0.04684638977050781
0.0489654541015625
0.044884443283081055
0.04448080062866211
0.055887699127197266
0.055626869201660156
0.04893064498901367
0.04677748680114746
0.05171012878417969
0.047217369079589844
0.053098201751708984
0.05210733413696289
0.04917287826538086
0.04453229904174805
0.04369974136352539
0.04550361633300781
0.043487548828125
0.04630613327026367
0.04697132110595703
0.05140113830566406
0.046011924743652344
0.04439210891723633
0.04611492156982422
0.052599430084228516
0.0492548942565918
0.04405617713928223
0.046091318130493164
0.044918060302734375
0.04990649223327637
0.04493403434753418
0.04407358169555664
0.044287681579589844
0.044634103775024414
0.044187068939208984
0.04511380195617676
0.04440760612487793
0.05254316329956055
0.051017045974731445
0.04459714889526367
0.044130802154541016
0.05269336700439453
0.05151557922363281
0.04425215721130371
0.04417014122009277
0.04392385482788086
0.04476737976074219
0.04967141151428223
0.04565858840942383
0.04469919204711914
0.0447995662689209
0.04602169990539551
0.04429793357849121
0.044141292572021484
0.044287681579589844
0.0470731258392334
0.05172133445739746
0.04495501518249512
0.04448652267456055
0.04382038116455078
0.04401850700378418
0.043413400650024414
0.04408860206604004
0.045386552810668945
0.04463386535644531
0.04874777793884277
0.044779062271118164
0.044925689697265625
0.04650545120239258
0.045914649963378906
0.04426860809326172
0.043781280517578125
0.043868303298950195
0.04486393928527832
0.04931020736694336
0.04489326477050781
0.044645071029663086
0.044190406799316406
0.044318199157714844
0.043784379959106445
0.044028282165527344
0.04355120658874512
0.0449676513671875
0.04937148094177246
0.04523181915283203
0.04438352584838867
0.046709299087524414
0.044081926345825195
0.04428744316101074
0.04343390464782715
0.043524742126464844
0.04505443572998047
0.04954242706298828
0.04501748085021973
0.045061588287353516
0.04462027549743652
0.04425191879272461
0.04427671432495117
0.044318437576293945
0.0520625114440918
0.050962209701538086
0.049500465393066406
0.0444943904876709
0.0464634895324707
0.04441189765930176
0.04401969909667969
0.043775081634521484
0.04572892189025879
0.049294233322143555
0.04512667655944824
0.04963946342468262
0.046990394592285156
0.04672837257385254
0.04455089569091797
0.04614734649658203
0.04390740394592285
0.04376029968261719
0.04365038871765137
0.04418373107910156
0.050980567932128906
0.044944047927856445
0.04440879821777344
0.044321298599243164
0.04384565353393555
0.04357099533081055
0.043927907943725586
0.04394674301147461
0.05246543884277344
0.05463552474975586
0.04424405097961426
0.04654836654663086
0.044368743896484375
0.043990135192871094
0.044085025787353516
0.04475736618041992
0.04504132270812988
0.044637441635131836
0.04914355278015137
0.045033931732177734
0.04466080665588379
0.044512033462524414
0.04439997673034668
0.04474616050720215
0.04456782341003418
0.04403805732727051
0.04513049125671387
0.04859328269958496
0.04467606544494629
0.04457831382751465
0.05467867851257324
0.0446927547454834
0.052127838134765625
0.04625082015991211
0.04439401626586914
0.045276641845703125
0.05088353157043457
0.045228004455566406
0.04488253593444824
0.04497194290161133
0.043854713439941406
0.04475665092468262
0.04445958137512207
0.044164419174194336
0.04499053955078125
0.0512845516204834
0.04477095603942871
0.05353045463562012
0.045026540756225586
0.0444178581237793
0.04454231262207031
0.043935537338256836
0.04418659210205078
0.0452730655670166
0.049901723861694336
0.04435133934020996
0.04474043846130371
0.04460549354553223
0.04434823989868164
0.04585528373718262
0.04562258720397949
0.0516510009765625
0.050397396087646484
0.04892539978027344
0.0446171760559082
0.04473304748535156
0.04496908187866211
0.04632258415222168
0.04384779930114746
0.043532371520996094
0.04427456855773926
0.045407772064208984
0.05109572410583496
0.04444575309753418
0.044266462326049805
0.04399752616882324
0.044484615325927734
0.04418802261352539
0.044814348220825195
0.04364752769470215
0.04542851448059082
0.04918241500854492
0.045142173767089844
0.045972585678100586
0.044348716735839844
0.045419931411743164
0.04392528533935547
0.04439949989318848
0.05522871017456055
0.04722023010253906
0.052396297454833984
0.04894375801086426
0.04864215850830078
0.051142215728759766
0.047852516174316406
0.04701948165893555
0.04641461372375488
0.044158220291137695
0.04475569725036621
0.049974918365478516
0.053633689880371094
0.053488731384277344
0.05315804481506348
0.04573988914489746
0.04478621482849121
0.04626798629760742
0.044358015060424805
0.04425334930419922
0.04871225357055664
0.046700477600097656
0.044826507568359375
0.04443836212158203
0.04620361328125
0.04394841194152832
0.044399261474609375
0.04492640495300293
0.046451568603515625
0.049329519271850586
0.054175376892089844
0.04509139060974121
0.0442507266998291
0.052715301513671875
0.05080008506774902
0.04466414451599121
0.044718027114868164
0.05317950248718262
0.05893588066101074
0.048697710037231445
0.04918074607849121
0.04631805419921875
0.044118642807006836
0.04383707046508789
0.0440220832824707
0.04421377182006836
0.04456281661987305
0.04875016212463379
0.04459667205810547
0.04491591453552246
0.04633784294128418
0.04405546188354492
0.044320106506347656
0.044280290603637695
0.04379677772521973
0.04668760299682617
0.05118966102600098
0.04680967330932617
0.04580354690551758
0.044706106185913086
0.0444028377532959
0.044492483139038086
0.04484057426452637
0.04430723190307617
0.0449221134185791
0.048896074295043945
0.04520726203918457
0.04666280746459961
0.04461956024169922
0.04576992988586426
0.04461336135864258
0.04410576820373535
0.043763160705566406
0.0460050106048584
0.04977846145629883
0.04666543006896973
0.04404711723327637
0.04474616050720215
0.04437541961669922
0.044185638427734375
0.04400038719177246
0.04408526420593262
0.05159163475036621
0.051908016204833984
0.047049522399902344
0.04520750045776367
0.04499077796936035
0.04463672637939453
0.043694496154785156
0.04575300216674805
0.045984745025634766
0.04571700096130371
0.049573659896850586
0.0450899600982666
0.044898033142089844
0.04447340965270996
0.04449653625488281
0.044119834899902344
0.044751644134521484
0.04597139358520508
0.046148061752319336
0.051024675369262695
0.04538393020629883
0.045111894607543945
0.04503488540649414
0.04470086097717285
0.044043779373168945
0.04447746276855469
0.04432082176208496
0.0446774959564209
0.04962420463562012
0.04465031623840332
0.04586601257324219
0.0440821647644043
0.04372429847717285
0.04403376579284668
0.04469585418701172
0.05278897285461426
0.04879641532897949
0.05115079879760742
0.04473447799682617
0.04626774787902832
0.04459071159362793
0.04395008087158203
0.04372406005859375
0.04451775550842285
0.04424095153808594
0.05343031883239746
0.05121207237243652
0.04503130912780762
0.04470658302307129
0.0452117919921875
0.04497551918029785
0.04491591453552246
0.044569969177246094
0.04476451873779297
0.04494166374206543
0.05031251907348633
0.04576563835144043
0.04555344581604004
0.0450131893157959
0.04653739929199219
0.04488778114318848
0.044793128967285156
0.056394338607788086
0.048230648040771484
0.052110910415649414
0.04687976837158203
0.04532599449157715
0.04526662826538086
0.044623374938964844
0.044472694396972656
0.046746015548706055
0.04611968994140625
0.05107998847961426
0.04922056198120117
0.04648280143737793
0.0442507266998291
0.0446467399597168
0.04438519477844238
0.04372406005859375
0.04409146308898926
0.04729509353637695
0.04507112503051758
0.04953646659851074
0.04568743705749512
0.04975104331970215
0.04510354995727539
0.04453897476196289
0.04747486114501953
0.04727816581726074
0.04661846160888672
0.04956245422363281
0.04913210868835449
0.04510498046875
0.04501056671142578
0.04702568054199219
0.04639172554016113
0.04604816436767578
0.04719853401184082
0.04693436622619629
0.04725909233093262
0.052335500717163086
0.04717826843261719
0.04730224609375
0.044126272201538086
0.04443812370300293
0.04662799835205078
0.04633903503417969
0.04636716842651367
0.046712398529052734
0.05113029479980469
0.046993255615234375
0.04475140571594238
0.04714512825012207
0.04820823669433594
0.04574227333068848
0.04448819160461426
0.0440371036529541
0.04482769966125488
0.05108356475830078
0.0492396354675293
0.046991586685180664
0.04468536376953125
0.045973777770996094
0.04379439353942871
0.04414701461791992
0.04630017280578613
0.046909332275390625
0.052689552307128906
0.044495582580566406
0.04380226135253906
0.043915748596191406
0.04401230812072754
0.04638552665710449
0.04654216766357422
0.04592585563659668
0.047158002853393555
0.056679725646972656
0.0495915412902832
0.04741787910461426
0.04716682434082031
0.04807400703430176
0.04814291000366211
0.04752087593078613
0.04630088806152344
0.04882073402404785
0.04898190498352051
0.04607582092285156
0.04419970512390137
0.04416680335998535
0.0438687801361084
0.04644370079040527
0.0538327693939209
0.047473907470703125
0.04728364944458008
0.05794382095336914
0.04937458038330078
0.04868292808532715
0.04855775833129883
0.04610943794250488
0.04656100273132324
0.05390286445617676
0.046555280685424805
0.04691267013549805
0.04980158805847168
0.046384572982788086
0.046233415603637695
0.04545783996582031
0.04646468162536621
0.04470658302307129
0.04378342628479004
0.05137443542480469
0.048194169998168945
0.05166149139404297
0.04519033432006836
0.04465055465698242
0.044887542724609375
0.04415559768676758
0.04454159736633301
0.04436683654785156
0.04379582405090332
0.046621084213256836
0.049654245376586914
0.04518723487854004
0.045083045959472656
0.05212712287902832
0.04461979866027832
0.04385519027709961
0.04370760917663574
0.043875694274902344
0.0454404354095459
0.04957985877990723
0.04478049278259277
0.04431724548339844
0.04463005065917969
0.04389142990112305
0.04426980018615723
0.043648481369018555
0.04375171661376953
0.04451465606689453
0.04902958869934082
0.4115142822265625
0.052190303802490234
0.052300214767456055
0.051602840423583984
0.05201911926269531
0.05901598930358887
0.04962158203125
0.05012392997741699
0.055371999740600586
0.04994559288024902
0.0502777099609375
0.05716824531555176
0.049886226654052734
0.05158853530883789
0.051358699798583984
0.05056643486022949
0.05180525779724121
0.05666995048522949
0.05052542686462402
0.05875444412231445
0.05034518241882324
0.0502314567565918
0.052377939224243164
0.05011105537414551
0.04988217353820801
0.050548553466796875
0.0657050609588623
0.0505831241607666
0.050293684005737305
0.05193281173706055
0.050385236740112305
0.05059194564819336
0.05054807662963867
0.05730175971984863
0.05788564682006836
0.05696415901184082
0.05182480812072754
0.0522000789642334
0.05429983139038086
0.052613258361816406
0.05252861976623535
0.060025691986083984
0.05799126625061035
0.058542728424072266
0.06563854217529297
0.059131622314453125
0.05156564712524414
0.05923581123352051
0.058979034423828125
0.05052542686462402
0.05157780647277832
0.0498960018157959
0.05174446105957031
0.05644416809082031
0.04958343505859375
0.04932141304016113
0.05094575881958008
0.04952883720397949
0.04961824417114258
0.04950976371765137
0.05042910575866699
0.05196356773376465
0.05595684051513672
0.05177140235900879
0.050421953201293945
0.052481651306152344
0.05109548568725586
0.05060076713562012
0.05080580711364746
0.05034661293029785
0.052362680435180664
0.05662655830383301
0.05097317695617676
0.05077981948852539
0.05870938301086426
0.05205845832824707
0.058825016021728516
0.05120205879211426
0.050388336181640625
0.0500490665435791
0.05832719802856445
0.05904722213745117
0.05476498603820801
0.050379037857055664
0.05186152458190918
0.05011105537414551
0.04963111877441406
0.05004167556762695
0.05044245719909668
0.05701017379760742
0.04994559288024902
0.05162954330444336
0.050160884857177734
0.04996490478515625
0.05106234550476074
0.051345109939575195
0.05132246017456055
0.051244497299194336
0.05593609809875488
0.05102896690368652
0.049196720123291016
0.04945707321166992
0.049903154373168945
0.04889512062072754
0.04941511154174805
0.057936906814575195
0.05682015419006348
0.061170339584350586
0.05068230628967285
0.04915452003479004
0.05656123161315918
0.0562593936920166
0.04924178123474121
0.048456430435180664
0.047646284103393555
0.049012184143066406
0.05389881134033203
0.05954480171203613
0.05130600929260254
0.0510408878326416
0.05187106132507324
0.05053377151489258
0.04902529716491699
0.050461530685424805
0.05144071578979492
0.05633687973022461
0.05093240737915039
0.05141496658325195
0.05045628547668457
0.050218820571899414
0.05624890327453613
0.04822516441345215
0.04834294319152832
0.047197580337524414
0.05352950096130371
0.048436880111694336
0.047573089599609375
0.04811382293701172
0.047864437103271484
0.04702472686767578
0.05485057830810547
0.05537295341491699
0.04949212074279785
0.05242514610290527
0.05640578269958496
0.04725456237792969
0.04633474349975586
0.04538536071777344
0.04460740089416504
0.04598569869995117
0.045142412185668945
0.04568314552307129
0.052356719970703125
0.04644441604614258
0.04548168182373047
0.04690909385681152
0.045732736587524414
0.04481029510498047
0.04468393325805664
0.044956207275390625
0.04576706886291504
0.05168938636779785
0.04616045951843262
0.04569077491760254
0.04507088661193848
0.046411991119384766
0.044595956802368164
0.04473686218261719
0.04421353340148926
0.04471945762634277
0.050904273986816406
0.04546618461608887
0.045046329498291016
0.04476356506347656
0.04514431953430176
0.0450284481048584
0.04534196853637695
0.04400920867919922
0.04458332061767578
0.061799049377441406
0.045697689056396484
0.04493999481201172
0.044620513916015625
0.043613433837890625
0.04459500312805176
0.045736074447631836
0.043753862380981445
0.044287919998168945
0.06125020980834961
0.04589390754699707
0.04614543914794922
0.0451807975769043
0.04617428779602051
0.04424405097961426
0.04429435729980469
0.04439258575439453
0.044693708419799805
0.050742387771606445
0.04751253128051758
0.04600667953491211
0.044829368591308594
0.04507708549499512
0.04437446594238281
0.046488046646118164
0.044069766998291016
0.04544210433959961
0.051207542419433594
0.04562830924987793
0.04464840888977051
0.044365644454956055
0.044190406799316406
0.04427337646484375
0.044236183166503906
0.05244588851928711
0.04864764213562012
0.04993319511413574
0.04557609558105469
0.04562854766845703
0.04663205146789551
0.044600486755371094
0.04770827293395996
0.05576300621032715
0.049341678619384766
0.04546761512756348
0.05073976516723633
0.04812169075012207
0.04466557502746582
0.04714655876159668
0.04655885696411133
0.04439854621887207
0.0446474552154541
0.04420042037963867
0.04475998878479004
0.050623416900634766
0.045485496520996094
0.04914212226867676
0.04501008987426758
0.04487299919128418
0.04454612731933594
0.04643058776855469
0.04634451866149902
0.04570364952087402
0.051236867904663086
0.04573178291320801
0.053732872009277344
0.04929184913635254
0.04472470283508301
0.044770002365112305
0.04458951950073242
0.044243574142456055
0.04466652870178223
0.0499875545501709
0.04555320739746094
0.045328378677368164
0.045126914978027344
0.044483184814453125
0.04484701156616211
0.04536914825439453
0.044165849685668945
0.04498100280761719
0.05165243148803711
0.045957326889038086
0.045122385025024414
0.044463396072387695
0.045024871826171875
0.044637203216552734
0.04717421531677246
0.044588565826416016
0.043924808502197266
0.05050373077392578
0.045557498931884766
0.046945810317993164
0.04508376121520996
0.04444479942321777
0.044832706451416016
0.04431414604187012
0.044451236724853516
0.0453646183013916
0.05013251304626465
0.04567742347717285
0.045020103454589844
0.04500532150268555
0.044374942779541016
0.04450345039367676
0.044617414474487305
0.05133175849914551
0.050926923751831055
0.04987597465515137
0.04548382759094238
0.04476022720336914
0.04497814178466797
0.04369235038757324
0.043862342834472656
0.04568171501159668
0.04438328742980957
0.044000864028930664
0.05165362358093262
0.045059919357299805
0.044826507568359375
0.0540010929107666
0.04492688179016113
0.04414987564086914
0.046587467193603516
0.045835018157958984
0.04687976837158203
0.05002117156982422
0.04568195343017578
0.045285701751708984
0.04691028594970703
0.04456377029418945
0.044919490814208984
0.044350385665893555
0.04433774948120117
0.04427790641784668
0.050490617752075195
0.04695272445678711
0.04514050483703613
0.044985294342041016
0.052182912826538086
0.0452578067779541
0.04655647277832031
0.044707536697387695
0.044882774353027344
0.05895662307739258
0.04718375205993652
0.0453639030456543
0.045000553131103516
0.04470682144165039
0.04445219039916992
0.05253124237060547
0.04385781288146973
0.04426980018615723
0.05912899971008301
0.04547429084777832
0.046141624450683594
0.044748783111572266
0.04469728469848633
0.04706764221191406
0.0458531379699707
0.04608631134033203
0.045471906661987305
0.05018115043640137
0.045529842376708984
0.04533529281616211
0.04723858833312988
0.04615426063537598
0.04607748985290527
0.0443425178527832
0.04599785804748535
0.04511690139770508
0.050496578216552734
0.045087575912475586
0.044611215591430664
0.044695377349853516
0.04414105415344238
0.04381418228149414
0.04436922073364258
0.04420828819274902
0.051410675048828125
0.051505327224731445
0.04723310470581055
0.04496026039123535
0.04657459259033203
0.05276823043823242
0.04735136032104492
0.044571876525878906
0.044341325759887695
0.04597878456115723
0.049782514572143555
0.04506540298461914
0.045438289642333984
0.04533743858337402
0.04477500915527344
0.04425168037414551
0.04452085494995117
0.04631853103637695
0.04459810256958008
0.0499112606048584
0.04556536674499512
0.045122385025024414
0.04644417762756348
0.046089887619018555
0.045050859451293945
0.04430794715881348
0.04418778419494629
0.04664921760559082
0.05073833465576172
0.045388221740722656
0.04654860496520996
0.04435396194458008
0.04448437690734863
0.04532504081726074
0.044768571853637695
0.04387712478637695
0.04756641387939453
0.05248284339904785
0.04571700096130371
0.04499363899230957
0.04492068290710449
0.04484105110168457
0.044335365295410156
0.044983863830566406
0.044363975524902344
0.04461407661437988
0.04977703094482422
0.04566049575805664
0.04551815986633301
0.045008182525634766
0.04479861259460449
0.046759843826293945
0.04525637626647949
0.05246424674987793
0.04928231239318848
0.049974918365478516
0.045722007751464844
0.0470583438873291
0.0452115535736084
0.04582476615905762
0.04533052444458008
0.045024871826171875
0.044361114501953125
0.04486250877380371
0.0496976375579834
0.04557633399963379
0.04712247848510742
0.047215938568115234
0.044968366622924805
0.04655742645263672
0.04457902908325195
0.05206608772277832
0.0498809814453125
0.049887657165527344
0.04541826248168945
0.04520702362060547
0.045058488845825195
0.05311274528503418
0.0439600944519043
0.04469132423400879
0.0508725643157959
0.044656991958618164
0.05194520950317383
0.04603910446166992
0.04535388946533203
0.044382572174072266
0.04632878303527832
0.04480385780334473
0.04656505584716797
0.04467010498046875
0.052735090255737305
0.05821514129638672
0.04535865783691406
0.04480338096618652
0.044779300689697266
0.04426240921020508
0.0439453125
0.044190168380737305
0.04525947570800781
0.04525303840637207
0.05009269714355469
0.04630684852600098
0.04879188537597656
0.04452872276306152
0.045310258865356445
0.0442960262298584
0.04411602020263672
0.04372429847717285
0.0443415641784668
0.05121445655822754
0.046356201171875
0.05248379707336426
0.04538416862487793
0.04550743103027344
0.05397367477416992
0.044820547103881836
0.0471186637878418
0.044610023498535156
0.057231903076171875
0.0457003116607666
0.04503679275512695
0.046309471130371094
0.04475688934326172
0.044347286224365234
0.044019222259521484
0.044190406799316406
0.044667720794677734
0.049852848052978516
0.045307159423828125
0.044916629791259766
0.04450511932373047
0.04449105262756348
0.044209957122802734
0.04418444633483887
0.04388570785522461
0.04405641555786133
0.05202507972717285
0.04540538787841797
0.0452885627746582
0.04512953758239746
0.04480171203613281
0.044426679611206055
0.04361391067504883
0.04406619071960449
0.045324087142944336
0.05214571952819824
0.04548048973083496
0.05353808403015137
0.04826498031616211
0.04448342323303223
0.044455528259277344
0.04582405090332031
0.044159650802612305
0.04451560974121094
0.049770355224609375
0.04549527168273926
0.04497790336608887
0.04456043243408203
0.04382586479187012
0.04392743110656738
0.04676532745361328
0.04558587074279785
0.04495549201965332
0.05005311965942383
0.04536032676696777
0.04534745216369629
0.04411816596984863
0.04401588439941406
0.04441523551940918
0.04572463035583496
0.04499411582946777
0.055057525634765625
0.05180931091308594
0.046183109283447266
0.045501708984375
0.04704141616821289
0.05309295654296875
0.045224666595458984
0.044950008392333984
0.05313992500305176
0.05162763595581055
0.05037069320678711
0.04557037353515625
0.04516434669494629
0.044996023178100586
0.045011043548583984
0.04511427879333496
0.051088571548461914
0.04638361930847168
0.04562854766845703
0.05145430564880371
0.045500993728637695
0.04555368423461914
0.04492950439453125
0.044396400451660156
0.044666290283203125
0.05279278755187988
0.04892539978027344
0.04434084892272949
0.05829119682312012
0.04769110679626465
0.04535865783691406
0.04514122009277344
0.04448866844177246
0.04636263847351074
0.04555773735046387
0.044724464416503906
0.04508543014526367
0.05629873275756836
0.045542240142822266
0.044628143310546875
0.04490208625793457
0.04442477226257324
0.04426765441894531
0.04464840888977051
0.04440498352050781
0.04424476623535156
0.05059027671813965
0.045383453369140625
0.045252084732055664
0.04491400718688965
0.04483461380004883
0.04566025733947754
0.04470467567443848
0.04457259178161621
0.04531097412109375
0.05057358741760254
0.04633212089538574
0.04528093338012695
0.045281171798706055
0.04442310333251953
0.04493069648742676
0.05185222625732422
0.046482086181640625
0.048157691955566406
0.0504002571105957
0.04556441307067871
0.04515337944030762
0.04694247245788574
0.044791460037231445
0.04574990272521973
0.04467058181762695
0.04504084587097168
0.04544353485107422
0.053235530853271484
0.04787111282348633
0.04463481903076172
0.04497075080871582
0.047171831130981445
0.04657316207885742
0.04438495635986328
0.044214487075805664
0.04779624938964844
0.050870418548583984
0.045981407165527344
0.047229766845703125
0.04519176483154297
0.05297589302062988
0.053336381912231445
0.048493385314941406
0.0438838005065918
0.044411420822143555
0.0516047477722168
0.04539036750793457
0.044930219650268555
0.04509997367858887
0.04481172561645508
0.04456281661987305
0.0444636344909668
0.04483985900878906
0.04485321044921875
0.05050182342529297
0.046257734298706055
0.045891523361206055
0.04513120651245117
0.04533505439758301
0.044823408126831055
0.04498887062072754
0.04610157012939453
0.044381141662597656
0.050794124603271484
0.04620933532714844
0.052934885025024414
0.0465548038482666
0.04431962966918945
0.044440269470214844
0.044969797134399414
0.04408144950866699
0.044394731521606445
0.050151824951171875
0.04518294334411621
0.04638862609863281
0.04467272758483887
0.044724225997924805
0.0446476936340332
0.045647621154785156
0.04439425468444824
0.04381680488586426
0.04985761642456055
0.04523754119873047
0.04497838020324707
0.04542803764343262
0.04506325721740723
0.04594254493713379
0.04490470886230469
0.04447793960571289
0.046031951904296875
0.050945281982421875
0.04618048667907715
0.04581570625305176
0.044441938400268555
0.04510998725891113
0.044751882553100586
0.0444493293762207
0.04455709457397461
0.04461860656738281
0.04998588562011719
0.04551291465759277
0.05356168746948242
0.04530072212219238
0.04449605941772461
0.04498791694641113
0.04476785659790039
0.04447579383850098
0.04486680030822754
0.0500948429107666
0.04538893699645996
0.046149492263793945
0.05222177505493164
0.04553580284118652
0.04466366767883301
0.044428110122680664
0.04359841346740723
0.04511904716491699
0.05899667739868164
0.046117544174194336
0.05321931838989258
0.04529523849487305
0.04450178146362305
0.045218467712402344
0.04495716094970703
0.05211448669433594
0.04433917999267578
0.05043482780456543
0.045436859130859375
0.045172929763793945
0.04469561576843262
0.04416704177856445
0.04431796073913574
0.04425978660583496
0.04480576515197754
0.045151710510253906
0.050498247146606445
0.044902801513671875
0.04471468925476074
0.044670820236206055
0.044387102127075195
0.044350385665893555
0.05298185348510742
0.04590201377868652
0.04543447494506836
0.05140089988708496
0.0461270809173584
0.045659780502319336
0.045562744140625
0.04437065124511719
0.045110464096069336
0.052442073822021484
0.044817447662353516
0.045366764068603516
0.05053448677062988
0.05049562454223633
0.045140743255615234
0.044701576232910156
0.04445147514343262
0.04448699951171875
0.0449376106262207
0.044455766677856445
0.04474616050720215
0.05101442337036133
0.045995473861694336
0.045287132263183594
0.046636104583740234
0.044557809829711914
0.04460334777832031
0.04494738578796387
0.04437851905822754
0.04590415954589844
0.05077028274536133
0.04622292518615723
0.045847177505493164
0.045960187911987305
0.0450742244720459
0.04465961456298828
0.04542374610900879
0.044294118881225586
0.05423378944396973
0.051729440689086914
0.04710960388183594
0.044908761978149414
0.046668291091918945
0.04474186897277832
0.045090675354003906
0.04417586326599121
0.0442202091217041
0.04508566856384277
0.050141334533691406
0.04474902153015137
0.046147823333740234
0.05501151084899902
0.04655909538269043
0.04458284378051758
0.044515371322631836
0.04389476776123047
0.0450749397277832
0.04985380172729492
0.045087575912475586
0.053087472915649414
0.045156002044677734
0.044779062271118164
0.04414725303649902
0.04453587532043457
0.04602646827697754
0.04427361488342285
0.05013084411621094
0.045442819595336914
0.0531916618347168
0.046712636947631836
0.04408073425292969
0.04383373260498047
0.04461216926574707
0.0441133975982666
0.045064449310302734
0.052045345306396484
0.0477752685546875
0.04519176483154297
0.04502367973327637
0.044820547103881836
0.04441094398498535
0.044654130935668945
0.04476308822631836
0.04460000991821289
0.05071687698364258
0.045609474182128906
0.04567837715148926
0.04509305953979492
0.0547332763671875
0.052382707595825195
0.04447150230407715
0.044129133224487305
0.045011281967163086
0.050121307373046875
0.04522538185119629
0.04506492614746094
0.055518388748168945
0.04962968826293945
0.04686236381530762
0.05506420135498047
0.046291351318359375
0.046799421310424805
0.05853986740112305
0.04755210876464844
0.04517221450805664
0.04551219940185547
0.04565715789794922
0.04680681228637695
0.04568338394165039
0.04511427879333496
0.04664349555969238
0.051035165786743164
0.0459599494934082
0.04527926445007324
0.04674649238586426
0.045389413833618164
0.04400014877319336
0.04571986198425293
0.04619097709655762
0.04552912712097168
0.05043530464172363
0.04567146301269531
0.045983076095581055
0.0452728271484375
0.04495644569396973
0.044910430908203125
0.045298099517822266
0.04465842247009277
0.045252323150634766
0.05092215538024902
0.045952558517456055
0.04525446891784668
0.04507040977478027
0.04487776756286621
0.05309438705444336
0.046946048736572266
0.04488348960876465
0.04459810256958008
0.050284385681152344
0.04605865478515625
0.044800519943237305
0.04471397399902344
0.04497575759887695
0.052559852600097656
0.04855513572692871
0.04431605339050293
0.05493640899658203
0.05380749702453613
0.04539823532104492
0.044526100158691406
0.04485678672790527
0.04424619674682617
0.04448270797729492
0.04503798484802246
0.04408764839172363
0.044274091720581055
0.05897045135498047
0.05543851852416992
0.0450901985168457
0.047742366790771484
0.04439091682434082
0.044266700744628906
0.0444490909576416
0.04464459419250488
0.0447537899017334
0.0500483512878418
0.04566669464111328
0.04517173767089844
0.04433631896972656
0.04410815238952637
0.04438972473144531
0.0445401668548584
0.04421067237854004
0.05267667770385742
0.0544438362121582
0.04556846618652344
0.04578828811645508
0.045066118240356445
0.044640302658081055
0.04421567916870117
0.0447542667388916
0.04469156265258789
0.04526495933532715
0.058908939361572266
0.0507965087890625
0.04523444175720215
0.044640541076660156
0.04497671127319336
0.04436159133911133
0.04449772834777832
0.04414558410644531
0.04745650291442871
0.05030035972595215
0.0469973087310791
0.04670262336730957
0.04466867446899414
0.04470181465148926
0.044527292251586914
0.05265951156616211
0.04443359375
0.04456591606140137
0.051817893981933594
0.05520820617675781
0.04630708694458008
0.044518232345581055
0.04427671432495117
0.04442882537841797
0.04457712173461914
0.04505038261413574
0.04451608657836914
0.05085444450378418
0.04589414596557617
0.04485821723937988
0.04534292221069336
0.04473733901977539
0.04474925994873047
0.04472970962524414
0.04451155662536621
0.04493284225463867
0.050231218338012695
0.04523205757141113
0.04466509819030762
0.04439115524291992
0.04405045509338379
0.044374704360961914
0.04439687728881836
0.051874637603759766
0.04984688758850098
0.0500025749206543
0.0531618595123291
0.045337677001953125
0.045406341552734375
0.044217824935913086
0.04467511177062988
0.044664859771728516
0.044385671615600586
0.044571876525878906
0.05905008316040039
0.04544997215270996
0.04546403884887695
0.04524850845336914
0.05165863037109375
0.04480290412902832
0.04438138008117676
0.043756723403930664
0.04851722717285156
0.05157780647277832
0.057729482650756836
0.052041053771972656
0.046912193298339844
0.046972036361694336
0.047392845153808594
0.04673314094543457
0.04423689842224121
0.044951677322387695
0.05844879150390625
0.04825854301452637
0.0451810359954834
0.0452880859375
0.04483604431152344
0.04458761215209961
0.04484295845031738
0.044403791427612305
0.04501223564147949
0.05985426902770996
0.04601597785949707
0.04897785186767578
0.04607343673706055
0.04573845863342285
0.04488325119018555
0.04509925842285156
0.045195817947387695
0.04531550407409668
0.05139756202697754
0.045950889587402344
0.04573702812194824
0.04567861557006836
0.045389652252197266
0.04546546936035156
0.04484367370605469
0.04501605033874512
0.04462099075317383
0.05166459083557129
0.04619336128234863
0.04606151580810547
0.045435190200805664
0.0449221134185791
0.04491782188415527
0.0449831485748291
0.044765472412109375
0.045722246170043945
0.05089116096496582
0.046494483947753906
0.05402374267578125
0.05070686340332031
0.04456162452697754
0.043732643127441406
0.044931888580322266
0.04453730583190918
0.05248212814331055
0.0551600456237793
0.04587984085083008
0.04691815376281738
0.04539132118225098
0.04481625556945801
0.04481148719787598
0.04479360580444336
0.04487180709838867
0.0467219352722168
0.05236458778381348
0.04633760452270508
0.0454404354095459
0.04471993446350098
0.04882216453552246
0.044553279876708984
0.044799089431762695
0.044020891189575195
0.04399871826171875
0.05042743682861328
0.04688525199890137
0.04620051383972168
0.044950246810913086
0.04444146156311035
0.04455137252807617
0.044365644454956055
0.051543235778808594
0.04529452323913574
0.05114006996154785
0.04629325866699219
0.045450448989868164
0.04763364791870117
0.04669356346130371
0.05256247520446777
0.04709482192993164
0.04486680030822754
0.05249667167663574
0.0607759952545166
0.0541532039642334
0.04799485206604004
0.04568028450012207
0.04543352127075195
0.04700660705566406
0.04525017738342285
0.044786691665649414
0.04468107223510742
0.05053520202636719
0.0460665225982666
0.04692268371582031
0.045391082763671875
0.04516196250915527
0.04509592056274414
0.044922590255737305
0.0444798469543457
0.044388771057128906
0.0521082878112793
0.04711484909057617
0.04520010948181152
0.044873714447021484
0.04471230506896973
0.04458189010620117
0.04471015930175781
0.04505801200866699
0.045356035232543945
0.05085563659667969
0.04552006721496582
0.04511237144470215
0.045317649841308594
0.04656624794006348
0.04407382011413574
0.044852256774902344
0.044443368911743164
0.04503822326660156
0.05198860168457031
0.044933319091796875
0.04491925239562988
0.044270992279052734
0.04563140869140625
0.04621124267578125
0.04488730430603027
0.04503655433654785
0.04503774642944336
0.050762176513671875
0.05297279357910156
0.0456395149230957
0.045290231704711914
0.04453468322753906
0.04498600959777832
0.04663228988647461
0.04416990280151367
0.046610355377197266
0.05089092254638672
0.04539299011230469
0.04591512680053711
0.0455479621887207
0.04512214660644531
0.04490065574645996
0.04510807991027832
0.05292558670043945
0.045271873474121094
0.05492281913757324
0.04799294471740723
0.04543733596801758
0.04522418975830078
0.04456758499145508
0.045331716537475586
0.04469108581542969
0.04445958137512207
0.04497098922729492
0.05048322677612305
0.045401573181152344
0.053789377212524414
0.045156240463256836
0.04442620277404785
0.04515957832336426
0.047019004821777344
0.04464316368103027
0.045252084732055664
0.05264019966125488
0.04595780372619629
0.047113895416259766
0.04553341865539551
0.045239925384521484
0.044731855392456055
0.04709911346435547
0.05051851272583008
0.04624056816101074
0.05186176300048828
0.046175479888916016
0.04594135284423828
0.04553866386413574
0.046482086181640625
0.04507589340209961
0.045142173767089844
0.04468989372253418
0.04591822624206543
0.05101299285888672
0.046172380447387695
0.04736328125
0.04630923271179199
0.04484415054321289
0.04623699188232422
0.044731855392456055
0.04451155662536621
0.04501175880432129
0.050412893295288086
0.04599475860595703
0.054084062576293945
0.053751230239868164
0.04655289649963379
0.04498434066772461
0.044838666915893555
0.045091867446899414
0.044693708419799805
0.05124306678771973
0.05052471160888672
0.0473027229309082
0.04499650001525879
0.04459738731384277
0.04481101036071777
0.04578661918640137
0.04412508010864258
0.045854806900024414
0.05125856399536133
0.04584693908691406
0.04712986946105957
0.04577016830444336
0.045198678970336914
0.045297861099243164
0.052732229232788086
0.0448155403137207
0.044344186782836914
0.050110816955566406
0.045651912689208984
0.04547429084777832
0.04512453079223633
0.04493427276611328
0.045768022537231445
0.05273938179016113
0.04905104637145996
0.04496502876281738
0.05061745643615723
0.04619312286376953
0.04476332664489746
0.04459977149963379
0.04438447952270508
0.04522204399108887
0.04487156867980957
0.04483175277709961
0.045006513595581055
0.052626848220825195
0.04612541198730469
0.04710221290588379
0.04655289649963379
0.04474949836730957
0.044948577880859375
0.043964385986328125
0.04493236541748047
0.045182228088378906
0.05064749717712402
0.046154022216796875
0.04614090919494629
0.053243160247802734
0.04592490196228027
0.05327177047729492
0.04461789131164551
0.04426455497741699
0.04538583755493164
0.05082845687866211
0.046315670013427734
0.04517936706542969
0.04469633102416992
0.044632911682128906
0.05297231674194336
0.0452423095703125
0.04454207420349121
0.04476046562194824
0.05120277404785156
0.05367755889892578
0.04568362236022949
0.04526829719543457
0.04497098922729492
0.04463601112365723
0.04528927803039551
0.05075502395629883
0.04505729675292969
0.05086922645568848
0.39995813369750977
0.0521695613861084
0.05126166343688965
0.051361083984375
0.05082225799560547
0.06262421607971191
0.057227134704589844
0.053633689880371094
0.05323386192321777
0.05980849266052246
0.051782846450805664
0.05348014831542969
0.05268549919128418
0.05116987228393555
0.05114889144897461
0.051172494888305664
0.051259756088256836
0.05148792266845703
0.05784463882446289
0.0606536865234375
0.05152320861816406
0.05134105682373047
0.05269455909729004
0.05088949203491211
0.05062603950500488
0.05065155029296875
0.05068635940551758
0.057494163513183594
0.050338029861450195
0.05095791816711426
0.04992103576660156
0.05031442642211914
0.04961585998535156
0.05167889595031738
0.050231218338012695
0.05021023750305176
0.05645394325256348
0.052762508392333984
0.04982757568359375
0.04966163635253906
0.05171561241149902
0.0501706600189209
0.05005788803100586
0.049849510192871094
0.05017423629760742
0.05547809600830078
0.049791812896728516
0.05200982093811035
0.04964256286621094
0.058368682861328125
0.04897665977478027
0.04670548439025879
0.0470278263092041
0.04642677307128906
0.0537722110748291
0.04830646514892578
0.047606468200683594
0.047742366790771484
0.04691290855407715
0.04648423194885254
0.04650425910949707
0.04712867736816406
0.0461573600769043
0.05304884910583496
0.04684782028198242
0.0463099479675293
0.045868635177612305
0.04551100730895996
0.04766559600830078
0.04516339302062988
0.045710086822509766
0.045723915100097656
0.06163382530212402
0.04922032356262207
0.04612922668457031
0.04749703407287598
0.0459139347076416
0.04548907279968262
0.045262813568115234
0.045552968978881836
0.04618525505065918
0.05210685729980469
0.04597926139831543
0.045903682708740234
0.04594755172729492
0.0455317497253418
0.04583573341369629
0.04573869705200195
0.04576420783996582
0.045787811279296875
0.05937695503234863
0.05187106132507324
0.04459214210510254
0.0447540283203125
0.046720027923583984
0.045424699783325195
0.045542240142822266
0.04432535171508789
0.045223236083984375
0.0512845516204834
0.04521322250366211
0.04501461982727051
0.04434347152709961
0.05335640907287598
0.05306529998779297
0.05345654487609863
0.04720950126647949
0.052857160568237305
0.05096292495727539
0.04540657997131348
0.04544472694396973
0.05320572853088379
0.04732561111450195
0.045064687728881836
0.04511260986328125
0.04624676704406738
0.044751882553100586
0.05063366889953613
0.04598116874694824
0.05601954460144043
0.04785752296447754
0.04901385307312012
0.04675173759460449
0.04662919044494629
0.0449986457824707
0.04499077796936035
0.05031323432922363
0.045326948165893555
0.04480290412902832
0.05081462860107422
0.04528450965881348
0.04439997673034668
0.04427456855773926
0.04610919952392578
0.046616554260253906
0.05157804489135742
0.045496463775634766
0.04510760307312012
0.044579267501831055
0.04387998580932617
0.04433393478393555
0.04421520233154297
0.04431653022766113
0.04541826248168945
0.0501711368560791
0.045729875564575195
0.04506516456604004
0.04538917541503906
0.04500627517700195
0.04486417770385742
0.044698238372802734
0.04522538185119629
0.04471015930175781
0.04975390434265137
0.04494619369506836
0.0446009635925293
0.04479336738586426
0.04469490051269531
0.053442955017089844
0.04797101020812988
0.04380655288696289
0.0448150634765625
0.051044464111328125
0.045577287673950195
0.04474043846130371
0.0447690486907959
0.04665637016296387
0.044304847717285156
0.04604196548461914
0.044242143630981445
0.04470038414001465
0.04959559440612793
0.0449216365814209
0.044794559478759766
0.04649519920349121
0.044580936431884766
0.04637765884399414
0.056612253189086914
0.04674863815307617
0.05010414123535156
0.049878835678100586
0.04483437538146973
0.0482945442199707
0.046209096908569336
0.04436182975769043
0.04384279251098633
0.0433351993560791
0.04630637168884277
0.04611325263977051
0.04877066612243652
0.044899702072143555
0.044153451919555664
0.04376220703125
0.04449892044067383
0.053049325942993164
0.04408526420593262
0.04467892646789551
0.04491615295410156
0.04920506477355957
0.044904232025146484
0.044123172760009766
0.04399561882019043
0.04427623748779297
0.05213356018066406
0.05164504051208496
0.04616856575012207
0.0459747314453125
0.04941439628601074
0.04504895210266113
0.044683218002319336
0.044130802154541016
0.043549537658691406
0.04402422904968262
0.04370903968811035
0.04418182373046875
0.04442000389099121
0.049327850341796875
0.046686410903930664
0.04478573799133301
0.04459810256958008
0.04472851753234863
0.044617414474487305
0.04430747032165527
0.04417562484741211
0.04395413398742676
0.049395084381103516
0.04458022117614746
0.04400229454040527
0.04378914833068848
0.04408860206604004
0.045331716537475586
0.04443478584289551
0.044974327087402344
0.04422163963317871
0.049407005310058594
0.0469050407409668
0.044866085052490234
0.04445028305053711
0.04417562484741211
0.044173479080200195
0.0453646183013916
0.04573845863342285
0.04436993598937988
0.04922676086425781
0.0461575984954834
0.05219435691833496
0.05201077461242676
0.04438900947570801
0.04467439651489258
0.05343198776245117
0.04500985145568848
0.045029401779174805
0.050061941146850586
0.04705166816711426
0.04481101036071777
0.0445253849029541
0.04407763481140137
0.04355263710021973
0.05255842208862305
0.0470430850982666
0.04510831832885742
0.0499269962310791
0.045018672943115234
0.044495582580566406
0.04414677619934082
0.044078826904296875
0.04405474662780762
0.04426693916320801
0.04608750343322754
0.0445101261138916
0.049454450607299805
0.045168161392211914
0.044809818267822266
0.044336557388305664
0.04448366165161133
0.044283151626586914
0.04384136199951172
0.045639753341674805
0.04434919357299805
0.05154228210449219
0.04554939270019531
0.044554710388183594
0.044561147689819336
0.044684648513793945
0.04630756378173828
0.0462489128112793
0.044344425201416016
0.046474456787109375
0.04946637153625488
0.044550418853759766
0.04458045959472656
0.04436540603637695
0.04492044448852539
0.045058250427246094
0.0441436767578125
0.04424786567687988
0.045000314712524414
0.05125689506530762
0.04497671127319336
0.04670977592468262
0.04474925994873047
0.044447898864746094
0.05412697792053223
0.05452871322631836
0.044944047927856445
0.04407835006713867
0.049303531646728516
0.046582698822021484
0.05278158187866211
0.04854607582092285
0.04439496994018555
0.045542240142822266
0.0440831184387207
0.04428601264953613
0.04486799240112305
0.04957246780395508
0.04699301719665527
0.05266690254211426
0.044908761978149414
0.04442906379699707
0.04541277885437012
0.044057607650756836
0.044370412826538086
0.04387497901916504
0.04913592338562012
0.04514575004577637
0.044523000717163086
0.044133663177490234
0.04604053497314453
0.04398918151855469
0.04383111000061035
0.04361224174499512
0.044454097747802734
0.049556732177734375
0.0450899600982666
0.04454302787780762
0.05278968811035156
0.04752349853515625
0.045557498931884766
0.04437589645385742
0.04561424255371094
0.044983863830566406
0.05115485191345215
0.045748233795166016
0.045049428939819336
0.04397320747375488
0.043700456619262695
0.0444188117980957
0.04520845413208008
0.05220746994018555
0.048583030700683594
0.04957246780395508
0.04547595977783203
0.0448153018951416
0.04622149467468262
0.05166816711425781
0.04393601417541504
0.04348301887512207
0.0439910888671875
0.04654979705810547
0.05107903480529785
0.04518866539001465
0.04477643966674805
0.04653143882751465
0.05254340171813965
0.04570627212524414
0.04388999938964844
0.05161857604980469
0.052330970764160156
0.05138230323791504
0.0455935001373291
0.04472994804382324
0.04613041877746582
0.044924259185791016
0.04402947425842285
0.04401898384094238
0.04378986358642578
0.04416942596435547
0.050881147384643555
0.04525947570800781
0.04448747634887695
0.044542551040649414
0.04445219039916992
0.043856143951416016
0.04398202896118164
0.04420304298400879
0.04406452178955078
0.0499727725982666
0.045104265213012695
0.04453539848327637
0.04426288604736328
0.04443955421447754
0.04351472854614258
0.04417061805725098
0.04400062561035156
0.04479837417602539
0.0495908260345459
0.045267343521118164
0.045830726623535156
0.04440617561340332
0.04394173622131348
0.04384112358093262
0.04467892646789551
0.04379391670227051
0.044701337814331055
0.04984545707702637
0.04531216621398926
0.045844316482543945
0.044426918029785156
0.04429125785827637
0.04410862922668457
0.043623924255371094
0.04418635368347168
0.04434323310852051
0.04919743537902832
0.045421600341796875
0.044716596603393555
0.04427170753479004
0.045723676681518555
0.04562997817993164
0.04370427131652832
0.04327678680419922
0.044344425201416016
0.050806283950805664
0.05357241630554199
0.05005812644958496
0.045232295989990234
0.044585227966308594
0.04419350624084473
0.04446244239807129
0.04428410530090332
0.04469656944274902
0.04931330680847168
0.04546856880187988
0.054537296295166016
0.044808387756347656
0.04500460624694824
0.044226646423339844
0.04603695869445801
0.058091163635253906
0.05088376998901367
0.05256319046020508
0.04553651809692383
0.044791221618652344
0.04523015022277832
0.04719042778015137
0.04462146759033203
0.04437375068664551
0.04507946968078613
0.0466005802154541
0.05281329154968262
0.04749321937561035
0.04607820510864258
0.044559478759765625
0.04535031318664551
0.04669785499572754
0.04430675506591797
0.04706549644470215
0.04667544364929199
0.0517730712890625
0.045447587966918945
0.04549050331115723
0.04474687576293945
0.04662728309631348
0.04693245887756348
0.04676246643066406
0.04682779312133789
0.050812482833862305
0.05358695983886719
0.0458526611328125
0.04529404640197754
0.04496335983276367
0.05504608154296875
0.048795461654663086
0.04295706748962402
0.04401874542236328
0.04464459419250488
0.049172163009643555
0.04505467414855957
0.045050859451293945
0.04438924789428711
0.044077157974243164
0.044476985931396484
0.04459381103515625
0.04456639289855957
0.0441131591796875
0.050307273864746094
0.045819997787475586
0.045257568359375
0.044471025466918945
0.04427528381347656
0.044060707092285156
0.04365253448486328
0.04485654830932617
0.046454429626464844
0.05825972557067871
0.04599714279174805
0.04531502723693848
0.05314803123474121
0.04853653907775879
0.04420924186706543
0.04406118392944336
0.04504251480102539
0.04496288299560547
0.0499117374420166
0.04522204399108887
0.04483604431152344
0.04409146308898926
0.0444943904876709
0.043973684310913086
0.04454612731933594
0.04466724395751953
0.0533139705657959
0.05070209503173828
0.04517340660095215
0.04842829704284668
0.04674339294433594
0.04422259330749512
0.04501676559448242
0.04824209213256836
0.04984903335571289
0.04489278793334961
0.060060977935791016
0.04578757286071777
0.044782400131225586
0.045122623443603516
0.04501175880432129
0.04454517364501953
0.04515862464904785
0.04447293281555176
0.04531073570251465
0.0550694465637207
0.04532814025878906
0.045152902603149414
0.044975996017456055
0.044927358627319336
0.05011725425720215
0.0481112003326416
0.04495978355407715
0.045432329177856445
0.05872392654418945
0.04764580726623535
0.04439496994018555
0.04517197608947754
0.04409003257751465
0.044153451919555664
0.04417824745178223
0.04361319541931152
0.04423403739929199
0.058928489685058594
0.046095848083496094
0.045763492584228516
0.0504152774810791
0.04644775390625
0.04455399513244629
0.05171990394592285
0.0444178581237793
0.04524803161621094
0.058954715728759766
0.05026721954345703
0.05269122123718262
0.04768037796020508
0.04420971870422363
0.0443880558013916
0.04397010803222656
0.044118642807006836
0.04406332969665527
0.0500340461730957
0.04451394081115723
0.04409360885620117
0.04374098777770996
0.04470515251159668
0.044028282165527344
0.052178382873535156
0.05487799644470215
0.052809953689575195
0.050913333892822266
0.04549098014831543
0.04494166374206543
0.044387102127075195
0.046293020248413086
0.04410719871520996
0.044916629791259766
0.04388737678527832
0.04386472702026367
0.049560546875
0.0446012020111084
0.04638385772705078
0.04632854461669922
0.04599285125732422
0.04360222816467285
0.04387688636779785
0.044071197509765625
0.04421639442443848
0.04914069175720215
0.045343875885009766
0.04517698287963867
0.044844865798950195
0.04381203651428223
0.04592275619506836
0.04436182975769043
