0.372509241104126
0.07078766822814941
0.05689740180969238
0.05506491661071777
0.05659055709838867
0.04556751251220703
0.04374217987060547
0.044037580490112305
0.05272817611694336
0.04647469520568848
0.04467272758483887
0.04502153396606445
0.044254302978515625
0.047736406326293945
0.04362034797668457
0.04369688034057617
0.043317556381225586
0.043508291244506836
0.04423069953918457
0.04430127143859863
0.043325185775756836
0.04417061805725098
0.047914981842041016
0.04416513442993164
0.04451107978820801
0.04486441612243652
0.04465818405151367
0.04420638084411621
0.05271649360656738
0.05306601524353027
0.05095648765563965
0.04916024208068848
0.04521608352661133
0.04488730430603027
0.05215740203857422
0.04643988609313965
0.044220924377441406
0.04422640800476074
0.052205801010131836
0.052290916442871094
0.048258066177368164
0.04447031021118164
0.044168949127197266
0.051979780197143555
0.05134153366088867
0.04413485527038574
0.043849945068359375
0.04396462440490723
0.04383349418640137
0.04827404022216797
0.044075727462768555
0.04409956932067871
0.044051170349121094
0.04359126091003418
0.04360055923461914
0.0435490608215332
0.04381728172302246
0.044068336486816406
0.04834938049316406
0.04418754577636719
0.04374814033508301
0.04418683052062988
0.043846845626831055
0.044048309326171875
0.04340028762817383
0.043325185775756836
0.04411196708679199
0.04801011085510254
0.04416227340698242
0.043731689453125
0.04391217231750488
0.043885231018066406
0.043413400650024414
0.04412412643432617
0.04346728324890137
0.044481515884399414
0.048558712005615234
0.22832155227661133
0.04639863967895508
0.045866966247558594
0.04604744911193848
0.052602529525756836
0.044960737228393555
0.044190406799316406
0.0439753532409668
0.04930830001831055
0.04547715187072754
0.05308246612548828
0.047942399978637695
0.05219721794128418
0.04849886894226074
0.05084037780761719
0.04890298843383789
0.04383587837219238
0.04981565475463867
0.0447695255279541
0.04468894004821777
0.04452371597290039
0.043985843658447266
0.04372739791870117
0.04371237754821777
0.04377865791320801
0.04393434524536133
0.04935717582702637
0.04506540298461914
0.05270862579345703
0.04502272605895996
0.044309139251708984
0.043828487396240234
0.04391741752624512
0.04388833045959473
0.04421687126159668
0.04980969429016113
0.04496288299560547
0.04472208023071289
0.044397592544555664
0.044303178787231445
0.04379391670227051
0.04409527778625488
0.04356718063354492
0.04375171661376953
0.048522233963012695
0.04466843605041504
0.05184435844421387
0.04417252540588379
0.0435791015625
0.04393148422241211
0.04363417625427246
0.04393935203552246
0.043274641036987305
0.04945945739746094
0.044585466384887695
0.04441022872924805
0.04388761520385742
0.04409909248352051
0.051595211029052734
0.043798208236694336
0.04338192939758301
0.04344010353088379
0.04878497123718262
0.044592857360839844
0.044005393981933594
0.04443001747131348
0.05194401741027832
0.04355001449584961
0.043686866760253906
0.043836116790771484
0.04389381408691406
0.049306631088256836
0.04493451118469238
0.04414677619934082
0.04417300224304199
0.043877363204956055
0.0434565544128418
0.043671607971191406
0.04375433921813965
0.04399752616882324
0.04870176315307617
0.04463982582092285
0.044365882873535156
0.04391121864318848
0.043534040451049805
0.043888092041015625
0.04342508316040039
0.04346013069152832
0.04368901252746582
0.048651933670043945
0.04445314407348633
0.044313669204711914
0.04383349418640137
0.043639421463012695
0.0435481071472168
0.05077409744262695
0.047252655029296875
0.05166983604431152
0.04949760437011719
0.04426693916320801
0.04381990432739258
0.0440218448638916
0.043895721435546875
0.04345417022705078
0.04338407516479492
0.04407215118408203
0.04434943199157715
0.049221038818359375
0.0449373722076416
0.0438380241394043
0.04366564750671387
0.04348874092102051
0.04316544532775879
0.043212890625
0.04322528839111328
0.043436288833618164
0.04902029037475586
0.04440641403198242
0.044031620025634766
0.04355788230895996
0.08013248443603516
0.05180096626281738
0.046183109283447266
0.05080270767211914
0.044274091720581055
0.04866290092468262
0.04484105110168457
0.04408860206604004
0.04379892349243164
0.04381084442138672
0.043224334716796875
0.04294157028198242
0.04339480400085449
0.04340052604675293
0.048493146896362305
0.04490065574645996
0.04457712173461914
0.0441739559173584
0.0437467098236084
0.043417930603027344
0.04398179054260254
0.04355144500732422
0.04403376579284668
0.04892849922180176
0.044609785079956055
0.04385113716125488
0.04320812225341797
0.04384183883666992
0.0428929328918457
0.04424619674682617
0.04414772987365723
0.04419374465942383
0.049253225326538086
0.04499650001525879
0.04468035697937012
0.04439425468444824
0.051343441009521484
0.05039501190185547
0.04424738883972168
0.043612003326416016
0.05174851417541504
0.05609321594238281
0.04396367073059082
0.043672800064086914
0.043586015701293945
0.043337345123291016
0.043343544006347656
0.043241024017333984
0.04323887825012207
0.043549299240112305
0.04863429069519043
0.04401826858520508
0.04446101188659668
0.05198383331298828
0.043546438217163086
0.04297280311584473
0.043540000915527344
0.04329991340637207
0.04392504692077637
0.04888629913330078
0.04471254348754883
0.04400300979614258
0.04401350021362305
0.043190717697143555
0.04374980926513672
0.05150604248046875
0.04383134841918945
0.04469609260559082
0.049660444259643555
0.04552865028381348
0.044597625732421875
0.04440021514892578
0.043735504150390625
0.04341268539428711
0.044119834899902344
0.04385709762573242
0.044164180755615234
0.048659563064575195
0.04462146759033203
0.04513812065124512
0.04438304901123047
0.04417872428894043
0.04412651062011719
0.043763160705566406
0.04365396499633789
0.04465126991271973
0.05738711357116699
0.04486346244812012
0.04446053504943848
0.0463564395904541
0.04412436485290527
0.04351377487182617
0.04334282875061035
0.04358220100402832
0.04448962211608887
0.048586130142211914
0.04573512077331543
0.04403996467590332
0.0441889762878418
0.043471574783325195
0.04339098930358887
0.043410301208496094
0.043877601623535156
0.0437924861907959
0.04878497123718262
0.04456019401550293
0.04429912567138672
0.044005393981933594
0.043663978576660156
0.04355812072753906
0.04318737983703613
0.04398298263549805
0.044027090072631836
0.048722267150878906
0.044188499450683594
0.04479479789733887
0.04400229454040527
0.043610572814941406
0.04298734664916992
0.04387855529785156
0.043647050857543945
0.04359889030456543
0.04864835739135742
0.04426431655883789
0.04402875900268555
0.04401683807373047
0.04385709762573242
0.04360032081604004
0.043784141540527344
0.04367351531982422
0.04396390914916992
0.04902839660644531
0.0438535213470459
0.043511390686035156
0.04376578330993652
0.04317331314086914
0.0505826473236084
0.04303407669067383
0.04289984703063965
0.0514068603515625
0.04976916313171387
0.044317007064819336
0.044228553771972656
0.043843984603881836
0.04339265823364258
0.04302716255187988
0.042884111404418945
0.043851613998413086
0.051258087158203125
0.04915571212768555
0.04477739334106445
0.05146050453186035
0.05021977424621582
0.04330849647521973
0.04299020767211914
0.04298090934753418
0.048937320709228516
0.04303479194641113
0.048299551010131836
0.04387712478637695
0.04346776008605957
0.043723106384277344
0.04308938980102539
0.04323840141296387
0.0425419807434082
0.04329967498779297
0.043181419372558594
0.048357248306274414
0.0438380241394043
0.04451751708984375
0.04341244697570801
0.043067216873168945
0.04278731346130371
0.04367327690124512
0.0435941219329834
0.043582916259765625
0.04782557487487793
0.051618337631225586
0.0444488525390625
0.04370284080505371
0.04306387901306152
0.04316258430480957
0.04282855987548828
0.04372262954711914
0.042916059494018555
0.049423933029174805
0.05185556411743164
0.04364204406738281
0.04326581954956055
0.0426943302154541
0.04285097122192383
0.042713165283203125
0.04317140579223633
0.04288339614868164
0.04789257049560547
0.043932437896728516
0.043338775634765625
0.04334139823913574
0.04357719421386719
0.043149471282958984
0.042992591857910156
0.0431673526763916
0.04345989227294922
0.04827094078063965
0.04404163360595703
0.04407024383544922
0.04322648048400879
0.0428924560546875
0.04348444938659668
0.0434110164642334
0.04404425621032715
0.04396867752075195
0.04833078384399414
0.04399991035461426
0.04345202445983887
0.04374861717224121
0.043489933013916016
0.04305887222290039
0.04279971122741699
0.04345393180847168
0.0435330867767334
0.04823660850524902
0.04361414909362793
0.04376101493835449
0.05138897895812988
0.043506622314453125
0.051722049713134766
0.04401803016662598
0.04288792610168457
0.04365730285644531
0.047998905181884766
0.04406404495239258
0.043630361557006836
0.04388689994812012
0.04346966743469238
0.04325246810913086
0.043697357177734375
0.04334592819213867
0.04343867301940918
0.05710768699645996
0.045168161392211914
0.04404616355895996
0.04381060600280762
0.04360532760620117
0.04346489906311035
0.04356884956359863
0.04247450828552246
0.04355359077453613
0.048069000244140625
0.04432201385498047
0.052309274673461914
0.04716658592224121
0.04347038269042969
0.04316115379333496
0.04322934150695801
0.04349493980407715
0.05071663856506348
0.05530977249145508
0.052767276763916016
0.05152320861816406
0.04541611671447754
0.04359626770019531
0.047968387603759766
0.043311119079589844
0.04372596740722656
0.043760061264038086
0.04920649528503418
0.04439902305603027
0.04401063919067383
0.04420161247253418
0.04332542419433594
0.0435333251953125
0.0431668758392334
0.04349374771118164
0.043878793716430664
0.048520565032958984
0.04448556900024414
0.04444766044616699
0.043729543685913086
0.043515682220458984
0.04312753677368164
0.044014930725097656
0.04352688789367676
0.0442044734954834
0.04874753952026367
0.044258832931518555
0.04448890686035156
0.04539036750793457
0.043380022048950195
0.043366193771362305
0.0437164306640625
0.04330158233642578
0.04331707954406738
0.04827404022216797
0.043993473052978516
0.04366040229797363
0.04361104965209961
0.04352402687072754
0.04369163513183594
0.05079817771911621
0.04311633110046387
0.050878047943115234
0.048723459243774414
0.04369497299194336
0.051738739013671875
0.049950599670410156
0.04363679885864258
0.04346203804016113
0.04334902763366699
0.04311680793762207
0.04328131675720215
0.04775595664978027
0.04348015785217285
0.04389548301696777
0.05101513862609863
0.05352306365966797
0.0514979362487793
0.0451815128326416
0.04346942901611328
0.043877363204956055
0.05529046058654785
0.04423022270202637
0.044234514236450195
0.04348897933959961
0.043727874755859375
0.045011043548583984
0.04513287544250488
0.04355573654174805
0.04368329048156738
0.04845380783081055
0.049123525619506836
0.055417776107788086
0.04548215866088867
0.04395031929016113
0.043396949768066406
0.043519020080566406
0.04322624206542969
0.043727874755859375
0.05741119384765625
0.04920840263366699
0.04407668113708496
0.044042110443115234
0.043651580810546875
0.05121016502380371
0.04666781425476074
0.043599843978881836
0.04434323310852051
0.04922676086425781
0.04433250427246094
0.04447150230407715
0.044058799743652344
0.043897390365600586
0.04427695274353027
0.0444340705871582
0.04422950744628906
0.04515719413757324
0.049048423767089844
0.044107913970947266
0.04444003105163574
0.043740034103393555
0.04412531852722168
0.04395580291748047
0.04410099983215332
0.0445404052734375
0.04436373710632324
0.05682706832885742
0.044449806213378906
0.04407072067260742
0.04404592514038086
0.04380464553833008
0.04439091682434082
0.050798654556274414
0.04530811309814453
0.04388594627380371
0.04988408088684082
0.04553985595703125
0.04448509216308594
0.04389667510986328
0.04349112510681152
0.043295860290527344
0.043756723403930664
0.04358172416687012
0.04365658760070801
0.049376487731933594
0.04453587532043457
0.04423189163208008
0.04396796226501465
0.04392099380493164
0.05148792266845703
0.04543924331665039
0.04308938980102539
0.044112205505371094
0.049286842346191406
0.04454207420349121
0.044672489166259766
0.044022560119628906
0.043163299560546875
0.04366564750671387
0.0437161922454834
0.0430750846862793
0.044268131256103516
0.04920196533203125
0.04468393325805664
0.04468488693237305
0.043888092041015625
0.04334211349487305
0.054639339447021484
0.045072317123413086
0.04390525817871094
0.044045448303222656
0.049639225006103516
0.04464006423950195
0.052503108978271484
0.04498147964477539
0.04445290565490723
0.04444527626037598
0.04387092590332031
0.04445314407348633
0.043909549713134766
0.04911494255065918
0.04415702819824219
0.043894052505493164
0.04412364959716797
0.0521395206451416
0.047698259353637695
0.04388785362243652
0.04383420944213867
0.04454994201660156
0.04981231689453125
0.04488396644592285
0.04508233070373535
0.05182385444641113
0.04633617401123047
0.04414772987365723
0.04426217079162598
0.04450273513793945
0.04525589942932129
0.04993319511413574
0.04469466209411621
0.045246124267578125
0.04454612731933594
0.05475759506225586
0.048271894454956055
0.0460658073425293
0.045714616775512695
0.046266794204711914
0.04993486404418945
0.0454859733581543
0.0469965934753418
0.044640302658081055
0.04380488395690918
0.044408559799194336
0.044594764709472656
0.0443267822265625
0.04451107978820801
0.0500946044921875
0.04536724090576172
0.04474639892578125
0.044252634048461914
0.04455280303955078
0.04433107376098633
0.04638552665710449
0.046344757080078125
0.046662092208862305
0.051383018493652344
0.04682302474975586
0.04651308059692383
0.04472088813781738
0.04350876808166504
0.044292449951171875
0.04634451866149902
0.045969247817993164
0.046079158782958984
0.05830788612365723
0.05094742774963379
0.04449748992919922
0.04478335380554199
0.045296669006347656
0.04411673545837402
0.044281005859375
0.04437112808227539
0.04514789581298828
0.050262451171875
0.044908761978149414
0.04486513137817383
0.04429149627685547
0.04463481903076172
0.04628896713256836
0.0444788932800293
0.04418540000915527
0.04454517364501953
0.05043673515319824
0.04545903205871582
0.04699254035949707
0.052368879318237305
0.04436540603637695
0.04362607002258301
0.04582071304321289
0.04568910598754883
0.04663228988647461
0.052034616470336914
0.047208309173583984
0.04500889778137207
0.05197000503540039
0.04429197311401367
0.05136680603027344
0.04414057731628418
0.04384279251098633
0.04410433769226074
0.050077199935913086
0.052060604095458984
0.05219078063964844
0.05185246467590332
0.044199466705322266
0.044400930404663086
0.044161319732666016
0.04447484016418457
0.04825925827026367
0.04907822608947754
0.04452776908874512
0.044142723083496094
0.043311119079589844
0.04419231414794922
0.04373335838317871
0.043689727783203125
0.04414677619934082
0.04416799545288086
0.05089116096496582
0.044893503189086914
0.04442906379699707
0.04402589797973633
0.04386329650878906
0.04328274726867676
0.04406261444091797
0.05142807960510254
0.04412031173706055
0.05067253112792969
0.04427909851074219
0.04401659965515137
0.04360628128051758
0.043788909912109375
0.04315519332885742
0.04398155212402344
0.04346585273742676
0.04401421546936035
0.04921269416809082
0.04457736015319824
0.044100284576416016
0.0438995361328125
0.04728388786315918
0.044281721115112305
0.04406118392944336
0.044396400451660156
0.044165849685668945
0.0509037971496582
0.04525327682495117
0.044534921646118164
0.04403567314147949
0.04370760917663574
0.0523989200592041
0.04393458366394043
0.04369068145751953
0.0440518856048584
0.049741268157958984
0.04477047920227051
0.044515132904052734
0.04408669471740723
0.044022321701049805
0.04402899742126465
0.052661895751953125
0.05257391929626465
0.04478597640991211
0.049033403396606445
0.04477405548095703
0.04425668716430664
0.044019222259521484
0.043561458587646484
0.0442194938659668
0.05495715141296387
0.04998898506164551
0.04614877700805664
0.051996469497680664
0.04713726043701172
0.04683089256286621
0.05271458625793457
0.04620242118835449
0.04870104789733887
0.046684980392456055
0.04582619667053223
0.046749114990234375
0.05573725700378418
0.046844482421875
0.0448610782623291
0.044596195220947266
0.04457664489746094
0.04462790489196777
0.04448556900024414
0.04394793510437012
0.04499483108520508
0.05172324180603027
0.04512763023376465
0.044594764709472656
0.04476189613342285
0.044669389724731445
0.044313669204711914
0.04467034339904785
0.044373512268066406
0.04497408866882324
0.052512407302856445
0.04732012748718262
0.04689431190490723
0.04751276969909668
0.052164554595947266
0.049398183822631836
0.04440593719482422
0.04407787322998047
0.0463871955871582
0.05011272430419922
0.04518532752990723
0.04467630386352539
0.04508471488952637
0.045821189880371094
0.04603290557861328
0.04604768753051758
0.0459132194519043
0.04598593711853027
0.05185842514038086
0.05271196365356445
0.04729962348937988
0.052338361740112305
0.046321868896484375
0.04618239402770996
0.049012184143066406
0.04552865028381348
0.04646420478820801
0.05182671546936035
0.04730677604675293
0.046732425689697266
0.0443267822265625
0.04606795310974121
0.04584074020385742
0.04607796669006348
0.04352283477783203
0.052285194396972656
0.052911996841430664
0.044678688049316406
0.04407072067260742
0.04328465461730957
0.0434880256652832
0.04391646385192871
0.05200624465942383
0.05134725570678711
0.04472804069519043
0.04950737953186035
0.04482388496398926
0.04392409324645996
0.04377627372741699
0.04358506202697754
0.043390512466430664
0.04393506050109863
0.044338226318359375
0.04508471488952637
0.04953455924987793
0.04472947120666504
0.0448153018951416
0.044365644454956055
0.04390668869018555
0.04391193389892578
0.04382443428039551
0.04364466667175293
0.04437088966369629
0.04987454414367676
0.04521965980529785
0.04422593116760254
0.045188188552856445
0.044214725494384766
0.043910980224609375
0.04432940483093262
0.04385209083557129
0.043302059173583984
0.04967236518859863
0.044736623764038086
0.04447293281555176
0.04406404495239258
0.04286360740661621
0.04393744468688965
0.04385638236999512
0.0439298152923584
0.04395794868469238
0.050083160400390625
0.045013427734375
0.045560359954833984
0.04464244842529297
0.05164003372192383
0.04807710647583008
0.04423069953918457
0.04360246658325195
0.044328927993774414
0.04987335205078125
0.0454096794128418
0.04454851150512695
0.044525861740112305
0.04353451728820801
0.043535470962524414
0.04381251335144043
0.04338574409484863
0.04397773742675781
0.04973459243774414
0.04497194290161133
0.04433321952819824
0.04600644111633301
0.04355216026306152
0.043462276458740234
0.04424095153808594
0.043799638748168945
0.0439605712890625
0.04974555969238281
0.04479193687438965
0.04465055465698242
0.04426264762878418
0.04404568672180176
0.04455423355102539
0.04376339912414551
0.04373478889465332
0.04419398307800293
0.049387454986572266
0.04512453079223633
0.04456043243408203
0.04377555847167969
0.04389524459838867
0.04351496696472168
0.043290138244628906
0.044085025787353516
0.044183969497680664
0.04931235313415527
0.04502129554748535
0.044358015060424805
0.04376053810119629
0.05152726173400879
0.044873714447021484
0.044350624084472656
0.04396677017211914
0.04422259330749512
0.050328969955444336
0.04488706588745117
0.04437375068664551
0.04459571838378906
0.04437732696533203
0.04406452178955078
0.04453587532043457
0.04394841194152832
0.04433298110961914
0.04909801483154297
0.044983625411987305
0.04474759101867676
0.04422950744628906
0.044526100158691406
0.04358839988708496
0.04445791244506836
0.04369759559631348
0.04391670227050781
0.05001473426818848
0.044907331466674805
0.04502725601196289
0.04494118690490723
0.04450035095214844
0.04404425621032715
0.04368257522583008
0.04342818260192871
0.04462313652038574
0.049210548400878906
0.04453682899475098
0.044730186462402344
0.04470467567443848
0.051862239837646484
0.04473233222961426
0.05168604850769043
0.04404091835021973
0.04374241828918457
0.04977273941040039
0.04481625556945801
0.04414510726928711
0.05236196517944336
0.05209851264953613
0.04685020446777344
0.04349493980407715
0.04335427284240723
0.044628143310546875
0.053948402404785156
0.04482412338256836
0.04410743713378906
0.04464101791381836
0.04489946365356445
0.043833017349243164
0.04425358772277832
0.05245065689086914
0.0484004020690918
0.05065655708312988
0.045189857482910156
0.04485940933227539
0.045135498046875
0.04450249671936035
0.0443110466003418
0.04407072067260742
0.044374942779541016
0.04460501670837402
0.058266401290893555
0.044924259185791016
0.04429054260253906
0.051819562911987305
0.044878244400024414
0.04427528381347656
0.044502973556518555
0.04411935806274414
0.043968915939331055
0.049370765686035156
0.04505610466003418
0.04454612731933594
0.04482746124267578
0.04410433769226074
0.04441046714782715
0.044411659240722656
0.04420876502990723
0.04391026496887207
0.04963994026184082
0.04480314254760742
0.04472661018371582
0.044226646423339844
0.04348397254943848
0.04394841194152832
0.04378557205200195
0.04350614547729492
0.044100046157836914
0.049306631088256836
0.044538021087646484
0.0447695255279541
0.0442194938659668
0.04421854019165039
0.04357409477233887
0.043677568435668945
0.043488264083862305
0.043691158294677734
0.0498960018157959
0.04521322250366211
0.04580807685852051
0.05223584175109863
0.05213737487792969
0.04438972473144531
0.04365706443786621
0.04355359077453613
0.04387187957763672
0.04965925216674805
0.0447845458984375
0.04447770118713379
0.04449772834777832
0.04397439956665039
0.04390740394592285
0.043656349182128906
0.04377341270446777
0.04365420341491699
0.049112558364868164
0.04425549507141113
0.04416179656982422
0.04360461235046387
0.043540000915527344
0.049072265625
0.04378986358642578
0.04320240020751953
0.04397320747375488
0.04965949058532715
0.04468965530395508
0.04471468925476074
0.044217824935913086
0.04352593421936035
0.04438591003417969
0.04420280456542969
0.0435638427734375
0.05091524124145508
0.05002164840698242
0.04457664489746094
0.04389548301696777
0.04423952102661133
0.04392242431640625
0.051991939544677734
0.047306060791015625
0.04335618019104004
0.0440218448638916
0.049454689025878906
0.04504752159118652
0.04452991485595703
0.044115543365478516
0.04395937919616699
0.04406404495239258
0.04407620429992676
0.0518648624420166
0.05255246162414551
0.05314373970031738
0.04484748840332031
0.04428434371948242
0.04435467720031738
0.04422307014465332
0.04427647590637207
0.044370412826538086
0.044274091720581055
0.04486536979675293
0.049780845642089844
0.04478120803833008
0.04466605186462402
0.04425811767578125
0.04413795471191406
0.04378032684326172
0.043930768966674805
0.044158935546875
0.044622182846069336
0.04996943473815918
0.04489707946777344
0.04496598243713379
0.0443882942199707
0.04368019104003906
0.04449343681335449
0.04378795623779297
0.044115543365478516
0.04505634307861328
0.04998588562011719
0.044814109802246094
0.044353485107421875
0.044083595275878906
0.04401373863220215
0.044367313385009766
0.04424715042114258
0.04435110092163086
0.04442930221557617
0.049429893493652344
0.04524064064025879
0.052068471908569336
0.044657230377197266
0.0440068244934082
0.05093574523925781
0.044638872146606445
0.04351401329040527
0.044878244400024414
0.049720048904418945
0.045151710510253906
0.044677734375
0.04391074180603027
0.04414701461791992
0.05177474021911621
0.04420065879821777
0.04413652420043945
0.045110464096069336
0.05509638786315918
0.044889211654663086
0.044362783432006836
0.0441136360168457
0.043733835220336914
0.043752193450927734
0.0433499813079834
0.0433201789855957
0.045711517333984375
0.050347328186035156
0.045465707778930664
0.04521369934082031
0.044930458068847656
0.04412508010864258
0.047933340072631836
0.04373478889465332
0.04336357116699219
0.044695377349853516
0.0578765869140625
0.05254650115966797
0.044799089431762695
0.04427671432495117
0.04379534721374512
0.04357433319091797
0.0443878173828125
0.04449629783630371
0.05228567123413086
0.05361127853393555
0.044545650482177734
0.044396400451660156
0.04437088966369629
0.0434114933013916
0.05149078369140625
0.04423642158508301
0.04374575614929199
0.04452013969421387
0.04958605766296387
0.30289554595947266
0.04989004135131836
0.04828000068664551
0.049124956130981445
0.04959702491760254
0.04883289337158203
0.048984527587890625
0.056453704833984375
0.04984021186828613
0.05421090126037598
0.0483396053314209
0.04853391647338867
0.048679351806640625
0.04816007614135742
0.04825711250305176
0.04846978187561035
0.047626495361328125
0.04869890213012695
0.05436348915100098
0.056165456771850586
0.04865074157714844
0.052495718002319336
0.04757547378540039
0.047161102294921875
0.04690718650817871
0.04680585861206055
0.04731607437133789
0.05354452133178711
0.04731035232543945
0.04703664779663086
0.05415654182434082
0.049320220947265625
0.04774045944213867
0.04633522033691406
0.04596710205078125
0.04500389099121094
0.052057504653930664
0.047278642654418945
0.04614973068237305
0.046068429946899414
0.04543304443359375
0.04498624801635742
0.04523181915283203
0.052666425704956055
0.04527688026428223
0.05181550979614258
0.04623150825500488
0.04586935043334961
0.04553341865539551
0.04527926445007324
0.05238842964172363
0.048090457916259766
0.04442310333251953
0.04529428482055664
0.05042409896850586
0.04472994804382324
0.04511737823486328
0.04479169845581055
0.04449653625488281
0.04389476776123047
0.04418659210205078
0.04405641555786133
0.04429030418395996
0.04942941665649414
0.04447603225708008
0.045015573501586914
0.04470658302307129
0.04519295692443848
0.0441439151763916
0.04479217529296875
0.04495644569396973
0.04459428787231445
0.04976940155029297
0.04574131965637207
0.04495596885681152
0.04428577423095703
0.044565677642822266
0.0443568229675293
0.04441666603088379
0.04416775703430176
0.04467511177062988
0.050220489501953125
0.0449371337890625
0.044129371643066406
0.04398846626281738
0.04424023628234863
0.04410243034362793
0.044725656509399414
0.044599056243896484
0.0524747371673584
0.050052642822265625
0.044600486755371094
0.04428434371948242
0.04374098777770996
0.04447007179260254
0.04387021064758301
0.043427467346191406
0.04422187805175781
0.0442352294921875
0.04924774169921875
0.04463458061218262
0.0448300838470459
0.04444551467895508
0.04397463798522949
0.04434633255004883
0.04383707046508789
0.04415011405944824
0.043709516525268555
0.049558162689208984
0.04493236541748047
0.044405221939086914
0.04429197311401367
0.0441744327545166
0.054755449295043945
0.050681352615356445
0.046196699142456055
0.0461423397064209
0.0515284538269043
0.04665064811706543
0.046419620513916016
0.044525861740112305
0.04587697982788086
0.04418158531188965
0.04595184326171875
0.04419589042663574
0.04603743553161621
0.05138683319091797
0.05240368843078613
0.04985499382019043
0.046189069747924805
0.04559135437011719
0.04604697227478027
0.045884132385253906
0.05152416229248047
0.04638075828552246
0.0511629581451416
0.04640793800354004
0.04613304138183594
0.04654693603515625
0.05121326446533203
0.04544806480407715
0.04592704772949219
0.04319882392883301
0.04327893257141113
0.04835319519042969
0.04645180702209473
0.046231985092163086
0.04323101043701172
0.043407440185546875
0.043684959411621094
0.045471906661987305
0.0455930233001709
0.04418826103210449
0.051302194595336914
0.046994924545288086
0.04609942436218262
0.04350090026855469
0.043816566467285156
0.04333353042602539
0.043426513671875
0.04363656044006348
0.043701887130737305
0.04865670204162598
0.04658102989196777
0.04356503486633301
0.04631495475769043
0.045735836029052734
0.043647050857543945
0.04549431800842285
0.043083906173706055
0.05225062370300293
0.04904437065124512
0.0440516471862793
0.04386329650878906
0.04369401931762695
0.04364728927612305
0.04328155517578125
0.04362154006958008
0.04358315467834473
0.04388165473937988
0.04950547218322754
0.04466128349304199
0.04449152946472168
0.044320106506347656
0.043959617614746094
0.044028282165527344
0.04343891143798828
0.043976545333862305
0.044030189514160156
0.04882526397705078
0.043985605239868164
0.044144630432128906
0.043698787689208984
0.04290938377380371
0.04347681999206543
0.043836355209350586
0.0435483455657959
0.04369521141052246
0.048651933670043945
0.044594526290893555
0.04405045509338379
0.04428815841674805
0.043308258056640625
0.04330587387084961
0.04391837120056152
0.05161118507385254
0.04565858840942383
0.04888439178466797
0.04368925094604492
0.043560028076171875
0.043578386306762695
0.043091535568237305
0.0434575080871582
0.0431818962097168
0.04352521896362305
0.044302940368652344
0.05632925033569336
0.04712677001953125
0.04350686073303223
0.043683767318725586
0.043372154235839844
0.05162501335144043
0.04821896553039551
0.04363870620727539
0.05153989791870117
0.048676252365112305
0.044754743576049805
0.046112060546875
0.04408550262451172
0.04418182373046875
0.04353737831115723
0.04323458671569824
0.043869972229003906
0.04492378234863281
0.04919147491455078
0.0447993278503418
0.04417920112609863
0.05155539512634277
0.04925036430358887
0.04376101493835449
0.04372239112854004
0.04391050338745117
0.043823957443237305
0.04883527755737305
0.04462695121765137
0.044098615646362305
0.04368925094604492
0.0444025993347168
0.04361534118652344
0.04361557960510254
0.04386115074157715
0.04431939125061035
0.04928112030029297
0.044420480728149414
0.044365882873535156
0.04399466514587402
0.04411911964416504
0.04404258728027344
0.0432429313659668
0.043427467346191406
0.04441356658935547
0.048899173736572266
0.04493975639343262
0.044175148010253906
0.04361081123352051
0.04429149627685547
0.043865203857421875
0.04388022422790527
0.04383420944213867
0.044095516204833984
0.057379961013793945
0.04478335380554199
0.04502129554748535
0.04457235336303711
0.045755863189697266
0.05112481117248535
0.05132031440734863
0.04984855651855469
0.04374814033508301
0.048415422439575195
0.044402122497558594
0.044028520584106445
0.04360842704772949
0.05159592628479004
0.05412459373474121
0.05025911331176758
0.04422950744628906
0.04441380500793457
0.048656463623046875
0.04446744918823242
0.043824195861816406
0.04612112045288086
0.04561662673950195
0.04395174980163574
0.04321718215942383
0.04367947578430176
0.04379582405090332
0.04907393455505371
0.04478645324707031
0.04368734359741211
0.043905019760131836
0.051660776138305664
0.043575286865234375
0.04697751998901367
0.048272132873535156
0.04355311393737793
0.048529863357543945
0.04465079307556152
0.04357337951660156
0.0437774658203125
0.04382967948913574
0.04369401931762695
0.043579816818237305
0.04393124580383301
0.05167245864868164
0.04912161827087402
0.04620480537414551
0.04426693916320801
0.04354524612426758
0.04410195350646973
0.04374217987060547
0.043428659439086914
0.04389071464538574
0.04413437843322754
0.0485687255859375
0.044431209564208984
0.04443502426147461
0.04417157173156738
0.05131959915161133
0.04385566711425781
0.0433192253112793
0.04382967948913574
0.0446314811706543
0.04890775680541992
0.0447237491607666
0.04416775703430176
0.04419875144958496
0.04381275177001953
0.051279544830322266
0.04357767105102539
0.04397773742675781
0.04415011405944824
0.05718588829040527
0.044864654541015625
0.04355454444885254
0.04357409477233887
0.04313230514526367
0.04369926452636719
0.043126583099365234
0.04329514503479004
0.043740272521972656
0.04939413070678711
0.0446774959564209
0.04408431053161621
0.04387974739074707
0.043987274169921875
0.04407525062561035
0.043000221252441406
0.04347348213195801
0.04350471496582031
0.05668306350708008
0.04420900344848633
0.043907880783081055
0.04886317253112793
0.043564796447753906
0.043324947357177734
0.05129647254943848
0.04899954795837402
0.044350624084472656
0.04903435707092285
0.0442967414855957
0.043888092041015625
0.04345059394836426
0.043737173080444336
0.043639421463012695
0.04314088821411133
0.04352092742919922
0.05124306678771973
0.05707263946533203
0.04443097114562988
0.04390358924865723
0.04341626167297363
0.04530072212219238
0.04407358169555664
0.04331183433532715
0.04356551170349121
0.05160999298095703
0.048811912536621094
0.049773216247558594
0.04389047622680664
0.043598175048828125
0.04300951957702637
0.05155348777770996
0.04811239242553711
0.04839372634887695
0.044196367263793945
0.04901742935180664
0.04401254653930664
0.04374051094055176
0.04347062110900879
0.043657779693603516
0.04374337196350098
0.043662309646606445
0.04405951499938965
0.04414844512939453
0.04880571365356445
0.04451489448547363
0.044487953186035156
0.04418230056762695
0.04347491264343262
0.043730974197387695
0.042894840240478516
0.04298043251037598
0.04346919059753418
0.04927182197570801
0.044469594955444336
0.04401850700378418
0.04370856285095215
0.05111980438232422
0.04439139366149902
0.04386425018310547
0.04441213607788086
0.04406547546386719
0.04929614067077637
0.04556775093078613
0.04478311538696289
0.044080257415771484
0.04409909248352051
0.04422259330749512
0.04370617866516113
0.043038368225097656
0.04435563087463379
0.04929995536804199
0.044196128845214844
0.044649600982666016
0.04439282417297363
0.04408121109008789
0.05107998847961426
0.04371237754821777
0.044371843338012695
0.04427671432495117
0.0491795539855957
0.045166015625
0.04432082176208496
0.043996334075927734
0.04487466812133789
0.04374194145202637
0.043982744216918945
0.04323911666870117
0.04475069046020508
0.050850868225097656
0.044933319091796875
0.044471025466918945
0.044294118881225586
0.051635026931762695
0.04362654685974121
0.043190956115722656
0.04396510124206543
0.04431486129760742
0.049126625061035156
0.044725894927978516
0.04427170753479004
0.04409074783325195
0.04378700256347656
0.04463529586791992
0.04415464401245117
0.043506622314453125
0.04351973533630371
0.049054622650146484
0.04433441162109375
0.04430079460144043
0.04447293281555176
0.04324078559875488
0.04337763786315918
0.042975425720214844
0.04352736473083496
0.045171499252319336
0.04911041259765625
0.044829368591308594
0.04429984092712402
0.04360055923461914
0.043288230895996094
0.0436093807220459
0.04377865791320801
0.0436549186706543
0.04394412040710449
0.04914975166320801
0.0442965030670166
0.04395174980163574
0.04384636878967285
0.045168161392211914
0.04482698440551758
0.043144941329956055
0.044157981872558594
0.044371604919433594
0.04841256141662598
0.04473280906677246
0.04396176338195801
0.04416370391845703
0.05226755142211914
0.04439210891723633
0.04811549186706543
0.04382634162902832
0.04395794868469238
0.04928851127624512
0.044306039810180664
0.04421687126159668
0.04378247261047363
0.043149471282958984
0.04366803169250488
0.043662071228027344
0.04316377639770508
0.0434725284576416
0.04881024360656738
0.04470491409301758
0.052314043045043945
0.049071550369262695
0.04349255561828613
0.04386496543884277
0.043874502182006836
0.04417920112609863
0.04442763328552246
0.04781627655029297
0.044744253158569336
0.04438328742980957
0.04413437843322754
0.044005393981933594
0.04364204406738281
0.04330158233642578
0.04382801055908203
0.044359683990478516
0.05753445625305176
0.04450845718383789
0.04449295997619629
0.04319286346435547
0.04355812072753906
0.04362750053405762
0.04346346855163574
0.05146336555480957
0.044452667236328125
0.048775434494018555
0.044037580490112305
0.04442453384399414
0.04353666305541992
0.0442967414855957
0.04382443428039551
0.043767690658569336
0.04395461082458496
0.043610334396362305
0.0575258731842041
0.04632997512817383
0.04405999183654785
0.04435157775878906
0.04396772384643555
0.04380917549133301
0.04352927207946777
0.043053388595581055
0.04372072219848633
0.048946380615234375
0.044562578201293945
0.045403480529785156
0.04459881782531738
0.04363584518432617
0.04409337043762207
0.04355502128601074
0.044138193130493164
0.04873228073120117
0.057372331619262695
0.04429030418395996
0.04395127296447754
0.05160355567932129
0.04476761817932129
0.04390382766723633
0.0433809757232666
0.043593406677246094
0.04392719268798828
0.04871678352355957
0.04479789733886719
0.04467654228210449
0.044251441955566406
0.04369616508483887
0.04472708702087402
0.05181431770324707
0.05113530158996582
0.044063568115234375
0.04921841621398926
0.04758477210998535
0.044487714767456055
0.04396772384643555
0.04393649101257324
0.043778419494628906
0.043636322021484375
0.044415950775146484
0.04407334327697754
0.0497283935546875
0.045487165451049805
0.04452037811279297
0.0444488525390625
0.0443572998046875
0.04442620277404785
0.051279306411743164
0.05113506317138672
0.04432392120361328
0.04914355278015137
0.04480314254760742
0.044194936752319336
0.043402671813964844
0.04391145706176758
0.04337453842163086
0.04299449920654297
0.043306827545166016
0.04475831985473633
0.04918074607849121
0.04485487937927246
0.04442143440246582
0.044548988342285156
0.04385805130004883
0.04394412040710449
0.04388308525085449
0.044127464294433594
0.044664859771728516
0.056726694107055664
0.04446291923522949
0.044243574142456055
0.05184793472290039
0.05127215385437012
0.043582916259765625
0.04374337196350098
0.04390072822570801
0.0472865104675293
0.04962944984436035
0.04421067237854004
0.04428720474243164
0.05251955986022949
0.05143117904663086
0.04467415809631348
0.04408407211303711
0.044646263122558594
0.044457435607910156
0.04918217658996582
0.0451657772064209
0.04504728317260742
0.04446911811828613
0.04382014274597168
0.04409956932067871
0.04378032684326172
0.044112443923950195
0.0445704460144043
0.04819083213806152
0.04454755783081055
0.04368257522583008
0.04372215270996094
0.04362964630126953
0.04349780082702637
0.04363250732421875
0.04358625411987305
0.04429030418395996
0.048449039459228516
0.04442310333251953
0.04377627372741699
0.04406332969665527
0.04405045509338379
0.0435488224029541
0.04410672187805176
0.044496774673461914
0.044710636138916016
0.049265384674072266
0.04514622688293457
0.044402360916137695
0.04394888877868652
0.04475831985473633
0.043610334396362305
0.04370737075805664
0.04384469985961914
0.04413938522338867
0.04895615577697754
0.04523491859436035
0.04435133934020996
0.044437408447265625
0.04375720024108887
0.04347348213195801
0.04431796073913574
0.04413318634033203
0.044486045837402344
0.04923844337463379
0.04560732841491699
0.04486203193664551
0.0447847843170166
0.044431447982788086
0.04433107376098633
0.04416990280151367
0.05171060562133789
0.04878735542297363
0.0493321418762207
0.0454714298248291
0.044412851333618164
0.043979644775390625
0.05114483833312988
0.05150771141052246
0.04437112808227539
0.04377484321594238
0.04471182823181152
0.050318002700805664
0.045105695724487305
0.04440450668334961
0.044242143630981445
0.04390120506286621
0.04355216026306152
0.04375481605529785
0.04415154457092285
0.052258968353271484
0.053431034088134766
0.04481387138366699
0.04390907287597656
0.04465770721435547
0.044470787048339844
0.044626712799072266
0.04392647743225098
0.044167518615722656
0.04386568069458008
0.04943704605102539
0.04535365104675293
0.0446019172668457
0.04439687728881836
0.04404330253601074
0.044268131256103516
0.044075727462768555
0.052398681640625
0.04497122764587402
0.0577392578125
0.04549837112426758
0.04424095153808594
0.044310569763183594
0.05041003227233887
0.04383397102355957
0.043912649154663086
0.043691396713256836
0.04406261444091797
0.04930734634399414
0.044973134994506836
0.044257402420043945
0.04387378692626953
0.0436863899230957
0.04441356658935547
0.04384493827819824
0.044005393981933594
0.04452252388000488
0.04932761192321777
0.05234169960021973
0.04410290718078613
0.0438075065612793
0.043587684631347656
0.043369293212890625
0.051474571228027344
0.047127723693847656
0.04442238807678223
0.04883265495300293
0.04439592361450195
0.04400992393493652
0.04378819465637207
0.051644086837768555
0.050331830978393555
0.04375767707824707
0.0441892147064209
0.04400372505187988
0.0488123893737793
0.04453420639038086
0.0442807674407959
0.04423689842224121
0.04388904571533203
0.04393458366394043
0.04344582557678223
0.04317617416381836
0.04362940788269043
0.04893994331359863
0.04485964775085449
0.04419350624084473
0.043852806091308594
0.0435025691986084
0.04372525215148926
0.043924808502197266
0.04351663589477539
0.04373025894165039
0.048944711685180664
0.04462385177612305
0.044300079345703125
0.043657779693603516
0.04344367980957031
0.04375147819519043
0.043846845626831055
0.0445101261138916
0.044393301010131836
0.04894733428955078
0.04458165168762207
0.044558048248291016
0.04428863525390625
0.043787479400634766
0.04358100891113281
0.04382634162902832
0.044135093688964844
0.04392123222351074
0.04890275001525879
0.05267667770385742
0.04523825645446777
0.04409074783325195
0.05218696594238281
0.04552602767944336
0.04409337043762207
0.04356074333190918
0.04453396797180176
0.049257755279541016
0.04452681541442871
0.04443168640136719
0.04387092590332031
0.05115938186645508
0.04403185844421387
0.04332423210144043
0.04351210594177246
0.04387068748474121
0.04858589172363281
0.04431915283203125
0.04408097267150879
0.04372882843017578
0.04285693168640137
0.0441739559173584
0.044214725494384766
0.05211305618286133
0.04412126541137695
0.04892396926879883
0.044962167739868164
0.04454612731933594
0.04404616355895996
0.04428553581237793
0.04465842247009277
0.04403805732727051
0.043781280517578125
0.04419732093811035
0.04898715019226074
0.04487729072570801
0.046637773513793945
0.04512143135070801
0.04433035850524902
0.044168949127197266
0.04395031929016113
0.043782711029052734
0.04472684860229492
0.049826622009277344
0.04500722885131836
0.04457521438598633
0.04388904571533203
0.04414844512939453
0.04413485527038574
0.04381537437438965
0.04419231414794922
0.05129384994506836
0.052092790603637695
0.045040130615234375
0.044679880142211914
0.043817996978759766
0.043631792068481445
0.04453086853027344
0.044243574142456055
0.04399991035461426
0.04353904724121094
0.04885697364807129
0.051621198654174805
0.04495573043823242
0.043338775634765625
0.043704986572265625
0.04445838928222656
0.04390144348144531
0.04385566711425781
0.04382038116455078
0.049581289291381836
0.04488635063171387
0.044087886810302734
0.04449963569641113
0.04438972473144531
0.04398465156555176
0.04349064826965332
0.04391908645629883
0.04394054412841797
0.048614501953125
0.04514002799987793
0.04451918601989746
0.04396963119506836
0.04322195053100586
0.04400777816772461
0.04318809509277344
0.04396533966064453
0.05163145065307617
0.05295443534851074
0.0443873405456543
0.04421806335449219
0.044074058532714844
0.04374051094055176
0.04347634315490723
0.04370307922363281
0.04377102851867676
0.04417753219604492
0.04882669448852539
0.04462313652038574
0.043981313705444336
0.04402899742126465
0.05216789245605469
0.0438690185546875
0.043612003326416016
0.04352545738220215
0.05182480812072754
0.058167457580566406
0.046404123306274414
0.05161786079406738
0.04399371147155762
0.044127702713012695
0.0441441535949707
0.04394268989562988
0.04351329803466797
0.04392743110656738
0.0487818717956543
0.04381585121154785
0.043988704681396484
0.04337906837463379
0.043756723403930664
0.051527976989746094
0.04396200180053711
0.05142664909362793
0.044915199279785156
0.04926800727844238
0.043871164321899414
0.04417252540588379
0.04360389709472656
0.050992727279663086
0.04930925369262695
0.04408740997314453
0.04337620735168457
0.04414010047912598
0.048552513122558594
0.04415297508239746
0.044265031814575195
0.04382205009460449
0.04403376579284668
0.04324603080749512
0.04338526725769043
0.04337787628173828
0.04393768310546875
0.04893612861633301
0.04466652870178223
0.04393815994262695
0.043701887130737305
0.043623924255371094
0.05135035514831543
0.04936552047729492
0.051989078521728516
0.04718637466430664
0.04904770851135254
0.044283151626586914
0.04395246505737305
0.0440220832824707
0.04388928413391113
0.04260420799255371
0.0435941219329834
0.043630123138427734
0.04368734359741211
0.048750877380371094
0.04415631294250488
0.0438075065612793
0.043595314025878906
0.04399871826171875
0.04398083686828613
0.04422473907470703
0.04382824897766113
0.04376721382141113
0.04898262023925781
0.04420113563537598
0.04451870918273926
0.05153822898864746
0.04437732696533203
0.044060707092285156
0.04329109191894531
0.043924808502197266
0.04448127746582031
0.04914498329162598
0.044725894927978516
0.04422140121459961
0.044081687927246094
0.04398345947265625
0.05207419395446777
0.044452667236328125
0.05148911476135254
0.044464111328125
0.04943990707397461
0.04472494125366211
0.04420781135559082
0.04364514350891113
0.04393887519836426
0.04361772537231445
0.043480634689331055
0.044001102447509766
0.04385852813720703
0.04873538017272949
0.04436779022216797
0.04400157928466797
0.04408574104309082
0.044100284576416016
0.04413866996765137
0.043836116790771484
0.04414105415344238
0.04427933692932129
0.048670053482055664
0.04534602165222168
0.04448437690734863
0.04460597038269043
0.04415702819824219
0.04408621788024902
0.04385662078857422
0.04425525665283203
0.044338226318359375
0.04930996894836426
0.0442509651184082
0.04415011405944824
0.043736934661865234
0.0443723201751709
0.04314756393432617
0.04278397560119629
0.04400014877319336
0.044333457946777344
0.04898214340209961
0.04466366767883301
0.0441737174987793
0.043674468994140625
0.04385256767272949
0.043921709060668945
0.04343008995056152
0.04400157928466797
0.0436854362487793
0.04958295822143555
0.04487943649291992
0.044350385665893555
0.04422879219055176
0.04434537887573242
0.04393577575683594
0.04352903366088867
0.044062137603759766
0.05196976661682129
0.05269336700439453
0.044521331787109375
0.044205665588378906
0.044654130935668945
0.04395723342895508
0.04395151138305664
0.04426980018615723
0.04395866394042969
0.04442000389099121
0.048998117446899414
0.044419288635253906
0.044133663177490234
0.0443575382232666
0.04395794868469238
0.044014692306518555
0.04337453842163086
0.04412388801574707
0.044348955154418945
0.04894828796386719
0.04476785659790039
0.044402360916137695
0.044415950775146484
0.04393577575683594
0.05173492431640625
0.04874730110168457
0.04388618469238281
0.04419875144958496
0.04908132553100586
0.04486584663391113
0.04441499710083008
0.0445556640625
0.05193758010864258
0.048110008239746094
0.043869733810424805
0.04390358924865723
0.04424595832824707
0.04921245574951172
0.04495072364807129
0.05109548568725586
0.04459190368652344
0.04462838172912598
0.04345583915710449
0.04328441619873047
0.04363298416137695
0.04390430450439453
0.048889875411987305
0.0444793701171875
0.04446673393249512
0.04421377182006836
0.044101715087890625
0.04421186447143555
0.04465913772583008
0.04413914680480957
0.043946266174316406
0.049390554428100586
0.04483914375305176
0.04442262649536133
0.044191598892211914
0.0444638729095459
0.04380607604980469
0.04427146911621094
0.044132232666015625
0.051343441009521484
0.05176568031311035
0.04458785057067871
0.04439115524291992
0.051915884017944336
0.0439915657043457
0.05189180374145508
0.05142354965209961
0.05118918418884277
0.04607582092285156
0.049413204193115234
0.04449963569641113
0.04443097114562988
0.04383254051208496
0.044306039810180664
0.044297218322753906
0.051854610443115234
0.0443720817565918
0.044138431549072266
0.04896044731140137
0.05309915542602539
0.044080495834350586
0.04400205612182617
0.04383277893066406
0.04330039024353027
0.043444156646728516
0.043340444564819336
0.04459381103515625
0.0488734245300293
0.044792890548706055
0.04487729072570801
0.044309139251708984
0.043616294860839844
0.04407644271850586
0.044545888900756836
0.04333090782165527
0.043914794921875
0.04895424842834473
0.04448223114013672
0.0442507266998291
0.05204153060913086
0.04419732093811035
0.04413557052612305
0.0433506965637207
0.04415082931518555
0.04497170448303223
0.04923415184020996
0.04462575912475586
0.04420065879821777
0.044210195541381836
0.04448437690734863
0.05505943298339844
0.043561458587646484
0.04632997512817383
0.04435014724731445
0.048951148986816406
0.04457712173461914
0.044179439544677734
0.0515286922454834
0.05185842514038086
0.04440426826477051
0.043654680252075195
0.0433499813079834
0.04457449913024902
0.049101829528808594
0.04487204551696777
0.0444338321685791
0.05211997032165527
0.05139040946960449
0.0458834171295166
0.04396486282348633
0.04450035095214844
0.04356813430786133
0.04954886436462402
0.04460644721984863
0.04504895210266113
0.04374289512634277
0.04426741600036621
0.04395556449890137
0.04428410530090332
0.05114030838012695
0.04458355903625488
0.049112796783447266
0.04466509819030762
0.043843984603881836
0.043717145919799805
0.0435025691986084
0.04365873336791992
0.043340444564819336
0.04392242431640625
0.04402279853820801
0.04867196083068848
0.04798579216003418
0.05274629592895508
0.0444643497467041
0.04384946823120117
0.0436549186706543
0.04382491111755371
0.043287038803100586
0.04444527626037598
0.04854631423950195
0.04458951950073242
0.04367566108703613
0.04387378692626953
0.0445709228515625
0.0438687801361084
0.04437136650085449
0.043708086013793945
0.04472780227661133
0.05679631233215332
0.04514455795288086
0.04365825653076172
0.04384326934814453
0.04340076446533203
0.04353976249694824
0.043985843658447266
0.04348111152648926
0.04445481300354004
0.048876047134399414
0.0449824333190918
0.04401969909667969
0.04378223419189453
0.04385089874267578
0.04345250129699707
0.04390239715576172
0.04352259635925293
0.043967485427856445
0.04874253273010254
0.04387712478637695
0.04452109336853027
0.04413270950317383
0.04380059242248535
0.0440981388092041
0.04350113868713379
0.04373311996459961
0.0446162223815918
0.04901909828186035
0.353898286819458
0.04979395866394043
0.0574488639831543
0.05117917060852051
0.049807071685791016
0.05000138282775879
0.050188541412353516
0.050002336502075195
0.05608487129211426
0.05628061294555664
0.050122976303100586
0.04977154731750488
0.05026817321777344
0.05039715766906738
0.05019402503967285
0.05008435249328613
0.05042243003845215
0.0510714054107666
0.05666232109069824
0.050177812576293945
0.050458669662475586
0.05049252510070801
0.049750328063964844
0.04973268508911133
0.049674034118652344
0.04991793632507324
0.050484418869018555
0.05707859992980957
0.05061674118041992
0.05034232139587402
0.04913210868835449
0.0494837760925293
0.050171852111816406
0.05069255828857422
0.04991960525512695
0.04952812194824219
0.05708050727844238
0.05001091957092285
0.056963443756103516
0.04925656318664551
0.049181461334228516
0.05689382553100586
0.05566692352294922
0.04907822608947754
0.049614906311035156
0.05610179901123047
0.04900193214416504
0.04914498329162598
0.04916787147521973
0.04869675636291504
0.049046993255615234
0.057897090911865234
0.054224491119384766
0.05797719955444336
0.05611991882324219
0.049344778060913086
0.0502626895904541
0.04953813552856445
0.05002951622009277
0.049944400787353516
0.05003619194030762
0.04998135566711426
0.04999256134033203
0.05655097961425781
0.05250239372253418
0.050705671310424805
0.0508570671081543
0.05040621757507324
0.04993557929992676
0.057573795318603516
0.05650901794433594
0.050264596939086914
0.06540727615356445
0.05033159255981445
0.050496578216552734
0.0498509407043457
0.050477027893066406
0.050013065338134766
0.04960489273071289
0.04914116859436035
0.04944753646850586
0.05590391159057617
0.04982113838195801
0.049655914306640625
0.04901313781738281
0.0485682487487793
0.04830312728881836
0.05572152137756348
0.049367666244506836
0.049143314361572266
0.05481672286987305
0.04797697067260742
0.04830741882324219
0.049031972885131836
0.05021929740905762
0.0498964786529541
0.04924297332763672
0.04895734786987305
0.0494844913482666
0.05466198921203613
0.048950910568237305
0.04903554916381836
0.04867744445800781
0.04841351509094238
0.04780149459838867
0.05630660057067871
0.05476713180541992
0.04741501808166504
0.0551607608795166
0.046860456466674805
0.046607017517089844
0.04728198051452637
0.047490835189819336
0.047411441802978516
0.047728776931762695
0.046952009201049805
0.04728889465332031
0.05363035202026367
0.04692578315734863
0.046897172927856445
0.047067880630493164
0.04627060890197754
0.046534061431884766
0.046149253845214844
0.04655575752258301
0.04606819152832031
0.06014275550842285
0.04689335823059082
0.04649853706359863
0.04648876190185547
0.04619288444519043
0.05325818061828613
0.045119285583496094
0.046446800231933594
0.04584527015686035
0.05210995674133301
0.0457761287689209
0.04575204849243164
0.04549813270568848
0.04447603225708008
0.04493570327758789
0.04377031326293945
0.043959617614746094
0.044790029525756836
0.05135059356689453
0.0454258918762207
0.04529094696044922
0.0444340705871582
0.04445600509643555
0.04399847984313965
0.04513978958129883
0.04477214813232422
0.04484152793884277
0.05070090293884277
0.04555845260620117
0.04476141929626465
0.04390668869018555
0.04404330253601074
0.0437779426574707
0.043322086334228516
0.04318642616271973
0.04404854774475098
0.049973487854003906
0.04463052749633789
0.04423046112060547
0.043221235275268555
0.04328584671020508
0.043175458908081055
0.04318809509277344
0.04396843910217285
0.044454097747802734
0.04940485954284668
0.04513978958129883
0.04463911056518555
0.04386496543884277
0.043415069580078125
0.04326152801513672
0.04360532760620117
0.04343152046203613
0.04424619674682617
0.04914450645446777
0.044780731201171875
0.04450726509094238
0.04457688331604004
0.043041229248046875
0.0430598258972168
0.043935537338256836
0.043070077896118164
0.043487548828125
0.04852581024169922
0.04471993446350098
0.04478192329406738
0.04523468017578125
0.04382443428039551
0.043601274490356445
0.05462312698364258
0.04552578926086426
0.044072866439819336
0.04888749122619629
0.044751882553100586
0.04414677619934082
0.04416084289550781
0.04456162452697754
0.05111360549926758
0.051752567291259766
0.05156254768371582
0.05161881446838379
0.05755352973937988
0.04433131217956543
0.04412078857421875
0.04444432258605957
0.04406428337097168
0.043822288513183594
0.044129133224487305
0.043421268463134766
0.04404759407043457
0.049233198165893555
0.04459834098815918
0.05128765106201172
0.04966616630554199
0.04344892501831055
0.043509483337402344
0.043520450592041016
0.04339337348937988
0.04379415512084961
0.04805755615234375
0.04413580894470215
0.043903350830078125
0.043920040130615234
0.04335927963256836
0.043534278869628906
0.04328727722167969
0.04416489601135254
0.04314684867858887
0.04854464530944824
0.04403495788574219
0.043935537338256836
0.043582916259765625
0.04352688789367676
0.04389667510986328
0.0437469482421875
0.04323315620422363
0.04435276985168457
0.04822945594787598
0.043822288513183594
0.04404449462890625
0.04290294647216797
0.0430140495300293
0.04286623001098633
0.043326377868652344
0.04416942596435547
0.04355311393737793
0.04876089096069336
0.04447150230407715
0.043956756591796875
0.043555259704589844
0.043451786041259766
0.04360342025756836
0.04346060752868652
0.043029069900512695
0.04325151443481445
0.0502622127532959
0.04424691200256348
0.043975830078125
0.043938398361206055
0.050893306732177734
0.04343891143798828
0.050624847412109375
0.05028390884399414
0.04386281967163086
0.04787492752075195
0.043662309646606445
0.04409193992614746
0.052237749099731445
0.045205116271972656
0.04323315620422363
0.0431976318359375
0.043433427810668945
0.04375648498535156
0.04860734939575195
0.044425010681152344
0.04430365562438965
0.043898582458496094
0.04369068145751953
0.04295754432678223
0.0435183048248291
0.0430908203125
0.043875932693481445
0.04929304122924805
0.04508376121520996
0.04445028305053711
0.04457259178161621
0.04384565353393555
0.043686628341674805
0.04377150535583496
0.04420757293701172
0.0440213680267334
0.04886746406555176
0.04447293281555176
0.04450488090515137
0.043505191802978516
0.04377126693725586
0.043508291244506836
0.0433506965637207
0.04291200637817383
0.04358816146850586
0.04820442199707031
0.04405999183654785
0.04395174980163574
0.044135332107543945
0.04367470741271973
0.04389643669128418
0.04421353340148926
0.044100284576416016
0.04342460632324219
0.04841041564941406
0.04427075386047363
0.04423832893371582
0.04397869110107422
0.043560028076171875
0.0437312126159668
0.044243812561035156
0.05144929885864258
0.044211387634277344
0.04938554763793945
0.05385875701904297
0.04438352584838867
0.04665684700012207
0.044495344161987305
0.044611215591430664
0.044173240661621094
0.04394245147705078
0.04547286033630371
0.05972480773925781
0.04488825798034668
0.04377388954162598
0.043981313705444336
0.043784379959106445
0.04405689239501953
0.044156789779663086
0.04424166679382324
0.05130600929260254
0.05727839469909668
0.04556107521057129
0.04457545280456543
0.04401659965515137
0.044152259826660156
0.04371166229248047
0.044137001037597656
0.04413604736328125
0.04434013366699219
0.048902034759521484
0.04482841491699219
0.04414534568786621
0.04420137405395508
0.04460024833679199
0.04404878616333008
0.04385542869567871
0.04355764389038086
0.04442930221557617
0.04974842071533203
0.0449213981628418
0.04431581497192383
0.04421710968017578
0.0440826416015625
0.044698476791381836
0.0439300537109375
0.044168710708618164
0.04380464553833008
0.0486903190612793
0.04419255256652832
0.04393315315246582
0.043605804443359375
0.044083595275878906
0.04380393028259277
0.04380035400390625
0.04418158531188965
0.04466986656188965
0.057622432708740234
0.046613216400146484
0.044066429138183594
0.05155301094055176
0.04339194297790527
0.04398369789123535
0.05151629447937012
0.04674530029296875
0.05175638198852539
0.054889678955078125
0.04445075988769531
0.04418635368347168
0.04440569877624512
0.04410362243652344
0.04868936538696289
0.04442477226257324
0.043859004974365234
0.0446927547454834
0.057157278060913086
0.052754878997802734
0.045061588287353516
0.0446772575378418
0.044030189514160156
0.04420280456542969
0.044072628021240234
0.04341530799865723
0.044455766677856445
0.049566030502319336
0.04446864128112793
0.04466414451599121
0.04401135444641113
0.043482065200805664
0.05135774612426758
0.047153472900390625
0.04370856285095215
0.043418169021606445
0.04897952079772949
0.04415082931518555
0.04468202590942383
0.04413461685180664
0.04346132278442383
0.04359936714172363
0.043213605880737305
0.043627023696899414
0.043506622314453125
0.04892563819885254
0.044400930404663086
0.043956756591796875
0.043866872787475586
0.043305158615112305
0.04372525215148926
0.04372811317443848
0.04345560073852539
0.04440188407897949
0.048726558685302734
0.04464530944824219
0.04347872734069824
0.04400634765625
0.04337191581726074
0.04324507713317871
0.04375314712524414
0.04338884353637695
0.04360198974609375
0.04863405227661133
0.04410409927368164
0.04362916946411133
0.043424129486083984
0.04387164115905762
0.04381847381591797
0.0439753532409668
0.0428924560546875
0.051854848861694336
0.05239462852478027
0.044419050216674805
0.04407668113708496
0.044129133224487305
0.0440676212310791
0.05146980285644531
0.05046224594116211
0.043802499771118164
0.04395627975463867
0.04851388931274414
0.044521331787109375
0.05030107498168945
0.04392838478088379
0.04357337951660156
0.043463706970214844
0.04340696334838867
0.04375028610229492
0.05188584327697754
0.05855393409729004
0.04439997673034668
0.04485344886779785
0.04487729072570801
0.04601931571960449
0.05139780044555664
0.04434919357299805
0.044199228286743164
0.044228315353393555
0.04918956756591797
0.04462552070617676
0.0445857048034668
0.04395699501037598
0.04465460777282715
0.04442262649536133
0.04420948028564453
0.04360675811767578
0.04457712173461914
0.04959535598754883
0.04517388343811035
0.04518485069274902
0.04433751106262207
0.05152583122253418
0.047371625900268555
0.04430246353149414
0.043590545654296875
0.044391632080078125
0.049358367919921875
0.0451045036315918
0.04483461380004883
0.04408884048461914
0.04447054862976074
0.05254220962524414
0.05547380447387695
0.05488276481628418
0.050598859786987305
0.058832406997680664
0.04705929756164551
0.05205988883972168
0.04918980598449707
0.04395008087158203
0.044422149658203125
0.046408653259277344
0.045946359634399414
0.04629325866699219
0.051191091537475586
0.04717516899108887
0.04635739326477051
0.04613828659057617
0.045896291732788086
0.04566836357116699
0.04582667350769043
0.045332908630371094
0.0462496280670166
0.048857688903808594
0.05237913131713867
0.05069565773010254
0.04408764839172363
0.0431208610534668
0.05218505859375
0.043917179107666016
0.04403090476989746
0.044291019439697266
0.04914069175720215
0.04478287696838379
0.04441118240356445
0.04391050338745117
0.05153155326843262
0.051666259765625
0.044521331787109375
0.04371976852416992
0.04475545883178711
0.04957699775695801
0.044891357421875
0.04439425468444824
0.052066802978515625
0.044182777404785156
0.043801069259643555
0.04414081573486328
0.04311013221740723
0.04392218589782715
0.04906749725341797
0.04455447196960449
0.044297218322753906
0.044119834899902344
0.04346632957458496
0.04419660568237305
0.044031620025634766
0.04402732849121094
0.04421067237854004
0.04876279830932617
0.044620513916015625
0.044242143630981445
0.044471025466918945
0.04401540756225586
0.044321298599243164
0.044286489486694336
0.05156230926513672
0.05206799507141113
0.04963231086730957
0.044440269470214844
0.04789304733276367
0.04406094551086426
0.043493032455444336
0.04374217987060547
0.04445624351501465
0.043578386306762695
0.044817209243774414
0.04930758476257324
0.044321298599243164
0.04455900192260742
0.044271230697631836
0.04337000846862793
0.04405808448791504
0.04409193992614746
0.044124603271484375
0.04461407661437988
0.04887700080871582
0.044411420822143555
0.04442548751831055
0.044606685638427734
0.04402446746826172
0.04381155967712402
0.04423975944519043
0.050809383392333984
0.045896053314208984
0.049646854400634766
0.04463696479797363
0.04428505897521973
0.044556617736816406
0.0518035888671875
0.04573535919189453
0.04442763328552246
0.04432177543640137
0.04483461380004883
0.0489654541015625
0.04445028305053711
0.04436635971069336
0.04378962516784668
0.04354095458984375
0.04427051544189453
0.043549537658691406
0.04375505447387695
0.043961286544799805
0.04956531524658203
0.044464111328125
0.044189453125
0.04433012008666992
0.04440712928771973
0.04481244087219238
0.04368185997009277
0.043383121490478516
0.04439425468444824
0.049045562744140625
0.0454106330871582
0.04422307014465332
0.04370260238647461
0.04381060600280762
0.044019460678100586
0.051375389099121094
0.051232337951660156
0.0512850284576416
0.051331281661987305
0.04452943801879883
0.0440826416015625
0.04433608055114746
0.04400157928466797
0.043791770935058594
0.04401874542236328
0.0429995059967041
0.04367327690124512
0.04840588569641113
0.04457211494445801
0.044138431549072266
0.044240474700927734
0.044159650802612305
0.04385948181152344
0.04367780685424805
0.04392218589782715
0.04453110694885254
0.04886603355407715
0.0446927547454834
0.04427337646484375
0.04335761070251465
0.04344320297241211
0.0437932014465332
0.04381084442138672
0.043703317642211914
0.044394731521606445
0.04881167411804199
0.04446744918823242
0.04412269592285156
0.043872833251953125
0.04340362548828125
0.04380393028259277
0.04357194900512695
0.043752431869506836
0.054373741149902344
0.05428600311279297
0.0466306209564209
0.04671645164489746
0.04402923583984375
0.043730974197387695
0.04372143745422363
0.04608559608459473
0.04334592819213867
0.04360151290893555
0.048793792724609375
0.04654812812805176
0.046088457107543945
0.04626584053039551
0.04562783241271973
0.05108022689819336
0.04355597496032715
0.04631328582763672
0.04390883445739746
0.0483553409576416
0.04709434509277344
0.04618501663208008
0.0459744930267334
0.04613304138183594
0.04579520225524902
0.045912981033325195
0.045835018157958984
0.04380488395690918
0.0489048957824707
0.044243574142456055
0.04423975944519043
0.04397988319396973
0.0432279109954834
0.04300999641418457
0.043827056884765625
0.043190956115722656
0.04367470741271973
0.04884028434753418
0.04416608810424805
0.04673910140991211
0.04623007774353027
0.04594826698303223
0.04567742347717285
0.04342842102050781
0.04635310173034668
0.04602670669555664
0.048497676849365234
0.04485750198364258
0.044133901596069336
0.0438997745513916
0.043496131896972656
0.04371762275695801
0.043546199798583984
0.0438694953918457
0.051328420639038086
0.057448625564575195
0.04813361167907715
0.04443049430847168
0.04415440559387207
0.04380989074707031
0.04411029815673828
0.04395484924316406
0.043953895568847656
0.04448533058166504
0.0498652458190918
0.0446317195892334
0.04447484016418457
0.04405808448791504
0.04385948181152344
0.043530941009521484
0.043767452239990234
0.043326616287231445
0.04435396194458008
0.04922294616699219
0.04442453384399414
0.04409360885620117
0.04408144950866699
0.04351615905761719
0.04452109336853027
0.04295158386230469
0.043625593185424805
0.044188499450683594
0.04928231239318848
0.04468941688537598
0.044435977935791016
0.043802499771118164
0.04361224174499512
0.04336285591125488
0.04361414909362793
0.04383730888366699
0.04379773139953613
0.0487215518951416
0.04449272155761719
0.04370546340942383
0.04375743865966797
0.04375576972961426
0.04376482963562012
0.04390287399291992
0.04391145706176758
0.044287919998168945
0.04867076873779297
0.04419422149658203
0.04466104507446289
0.04425692558288574
0.051107168197631836
0.04369187355041504
0.043013811111450195
0.042888641357421875
0.044595956802368164
0.05754280090332031
0.047978878021240234
0.04427480697631836
0.04378843307495117
0.04323554039001465
0.043294668197631836
0.04437541961669922
0.04400920867919922
0.04380011558532715
0.048636436462402344
0.044484853744506836
0.04403042793273926
0.04375743865966797
0.04315662384033203
0.04423832893371582
0.04415011405944824
0.043779611587524414
0.04443097114562988
0.04914283752441406
0.044060468673706055
0.044028520584106445
0.05164980888366699
0.043639421463012695
0.0514523983001709
0.043936729431152344
0.04834270477294922
0.04407334327697754
0.04896426200866699
0.045064449310302734
0.044196128845214844
0.043871402740478516
0.04316139221191406
0.04351043701171875
0.0433039665222168
0.04384493827819824
0.04397916793823242
0.04917788505554199
0.04453897476196289
0.04409527778625488
0.044257164001464844
0.04381155967712402
0.043295860290527344
0.043802738189697266
0.043573856353759766
0.04376721382141113
0.04872441291809082
0.04415488243103027
0.044112443923950195
0.04408526420593262
0.04537320137023926
0.04376411437988281
0.04456925392150879
0.04327869415283203
0.04418373107910156
0.049277305603027344
0.04443645477294922
0.04431772232055664
0.043662309646606445
0.04388785362243652
0.043085575103759766
0.04378247261047363
0.04368948936462402
0.04397988319396973
0.04880714416503906
0.04428410530090332
0.051793575286865234
0.05259108543395996
0.04534769058227539
0.04381918907165527
0.04323720932006836
0.04344296455383301
0.043993234634399414
0.04870343208312988
0.04394364356994629
0.044077157974243164
0.054831743240356445
0.04627227783203125
0.04369688034057617
0.043288469314575195
0.04339480400085449
0.04412961006164551
0.051345109939575195
0.04655861854553223
0.0469965934753418
0.04407024383544922
0.046106576919555664
0.04344964027404785
0.04604315757751465
0.04608583450317383
0.05169367790222168
0.053473472595214844
0.04463362693786621
0.043649911880493164
0.04396319389343262
0.044046878814697266
0.05187416076660156
0.048845529556274414
0.04390525817871094
0.05182981491088867
0.049013376235961914
0.05243372917175293
0.04575490951538086
0.04445958137512207
0.04380917549133301
0.044057607650756836
0.04365849494934082
0.04328489303588867
0.04430270195007324
0.0491337776184082
0.04445767402648926
0.0447850227355957
0.043839454650878906
0.043729305267333984
0.04343366622924805
0.04356718063354492
0.043686628341674805
0.04415631294250488
0.048891544342041016
0.04444766044616699
0.04450106620788574
0.044236183166503906
0.04377412796020508
0.04379773139953613
0.04402446746826172
0.04356217384338379
0.04386496543884277
0.049211740493774414
0.04475140571594238
0.04423785209655762
0.04413485527038574
0.043352603912353516
0.04313063621520996
0.04433703422546387
0.04375457763671875
0.04426074028015137
0.04841923713684082
0.04468345642089844
0.04413652420043945
0.04375934600830078
0.043717145919799805
0.04350447654724121
0.0441286563873291
0.04331803321838379
0.04422116279602051
0.04897308349609375
0.04406905174255371
0.04401040077209473
0.04451417922973633
0.04372811317443848
0.04515981674194336
0.043810129165649414
0.043646812438964844
0.044465065002441406
0.049566030502319336
0.044608354568481445
0.04381966590881348
0.04911327362060547
0.04398298263549805
0.04362344741821289
0.042871713638305664
0.04318070411682129
0.053537607192993164
0.049254655838012695
0.04462862014770508
0.04423332214355469
0.04429292678833008
0.04373788833618164
0.04368329048156738
0.04380083084106445
0.043494462966918945
0.04403376579284668
0.0487980842590332
0.0446622371673584
0.044252634048461914
0.04437994956970215
0.04407644271850586
0.05121302604675293
0.044019460678100586
0.04418611526489258
0.04404139518737793
0.04864025115966797
0.04417777061462402
0.04340934753417969
0.04379081726074219
0.044269561767578125
0.04391169548034668
0.04370617866516113
0.05100440979003906
0.051299095153808594
0.04884958267211914
0.0444486141204834
0.04383277893066406
0.043761253356933594
0.052030086517333984
0.043625593185424805
0.04329991340637207
0.04363298416137695
0.045136451721191406
0.04908442497253418
0.04429507255554199
0.04453277587890625
0.05197262763977051
0.04392862319946289
0.04322385787963867
0.042966365814208984
0.04307866096496582
0.04335594177246094
0.04895210266113281
0.04447746276855469
0.043882131576538086
0.04359269142150879
0.043009042739868164
0.04347944259643555
0.05140495300292969
0.04369711875915527
0.04465460777282715
0.049155235290527344
0.0446774959564209
