              precision    recall  f1-score   support

           0       1.00      1.00      1.00       237
           1       1.00      1.00      1.00       596
           2       0.99      0.97      0.98       271
           3       0.98      0.98      0.98       686
           4       0.98      0.98      0.98       247
           5       1.00      0.99      0.99       335
           6       0.99      1.00      1.00       477
           7       0.97      0.98      0.97       570

    accuracy                           0.99      3419
   macro avg       0.99      0.99      0.99      3419
weighted avg       0.99      0.99      0.99      3419

