4.542616605758667
0.18077802658081055
0.19179654121398926
0.17566633224487305
0.18174242973327637
0.18648815155029297
0.1921858787536621
0.17034292221069336
0.17765188217163086
0.1804485321044922
0.17486929893493652
0.179412841796875
0.17791175842285156
0.17766785621643066
0.16953730583190918
0.17879438400268555
0.1694965362548828
0.17782020568847656
0.1779954433441162
0.17302560806274414
0.177642822265625
0.18111371994018555
0.17989444732666016
0.19529509544372559
0.18615937232971191
0.1716303825378418
0.17905211448669434
0.17239665985107422
0.163010835647583
0.17946434020996094
0.17567658424377441
0.1799006462097168
0.1733548641204834
0.18474602699279785
0.1813371181488037
0.18565750122070312
0.18810725212097168
0.16489124298095703
0.18052434921264648
0.18414664268493652
0.1761643886566162
0.1695704460144043
0.17595601081848145
0.17863106727600098
0.18254613876342773
0.16937017440795898
0.17065668106079102
0.17583703994750977
0.17171502113342285
0.176116943359375
0.16418695449829102
0.17690706253051758
0.17528438568115234
0.1879734992980957
0.17460298538208008
0.17954063415527344
0.16950201988220215
0.1760694980621338
0.1798715591430664
0.1782083511352539
0.18321943283081055
0.1788465976715088
0.17295217514038086
0.1808314323425293
0.18094301223754883
0.1774578094482422
0.18833470344543457
0.17100143432617188
0.1633744239807129
0.1817920207977295
0.18516063690185547
0.1755208969116211
0.16997194290161133
0.17220401763916016
0.1744523048400879
0.18321466445922852
0.1721971035003662
0.18441987037658691
0.1898484230041504
0.17211246490478516
0.16763925552368164
0.16469287872314453
0.17264676094055176
0.16625213623046875
0.17377114295959473
0.1679689884185791
0.17925620079040527
0.17807388305664062
0.17410850524902344
0.18079066276550293
0.178541898727417
0.16833209991455078
0.16794824600219727
0.175246000289917
0.167205810546875
0.16637563705444336
0.1770157814025879
0.17162752151489258
0.1748979091644287
0.16048192977905273
0.1686253547668457
0.16185522079467773
0.16485285758972168
0.16564512252807617
0.16294550895690918
0.17905306816101074
0.17037391662597656
0.17145609855651855
0.1665506362915039
0.17221379280090332
0.17656874656677246
0.17084407806396484
0.18334364891052246
0.16752099990844727
0.18153929710388184
0.1755228042602539
0.17387008666992188
0.1683189868927002
0.17429137229919434
0.16871380805969238
0.16126322746276855
0.1700451374053955
0.1702573299407959
0.17670106887817383
0.17596697807312012
0.17322707176208496
0.17279982566833496
0.16529464721679688
0.1657428741455078
0.17026066780090332
0.1755363941192627
0.17609500885009766
0.18084406852722168
0.18100333213806152
0.177581787109375
0.16826367378234863
0.16883397102355957
0.17317557334899902
0.16952085494995117
0.17454028129577637
0.17920732498168945
0.17871999740600586
0.1709456443786621
0.16785764694213867
0.17721986770629883
0.17777419090270996
0.17428374290466309
0.1893017292022705
0.17755770683288574
0.17455601692199707
0.19017314910888672
