              precision    recall  f1-score   support

           0       1.00      0.93      0.96        14
           1       0.89      0.62      0.73        13
           2       0.46      0.72      0.57        18
           3       0.83      1.00      0.90        19
           4       0.83      0.91      0.87        32
           5       0.54      0.64      0.58        11
           6       1.00      0.08      0.15        12
           7       0.80      0.57      0.67         7
           8       0.80      0.57      0.67         7
           9       0.95      1.00      0.97        18

    accuracy                           0.77       151
   macro avg       0.81      0.70      0.71       151
weighted avg       0.81      0.77      0.75       151

