              precision    recall  f1-score   support

           0       1.00      1.00      1.00       298
           1       1.00      0.99      1.00       261
           2       0.97      0.99      0.98       465
           3       1.00      1.00      1.00       593
           4       1.00      0.97      0.98       269
           5       0.99      0.96      0.97       164
           6       1.00      0.99      1.00       135
           7       1.00      1.00      1.00       493

    accuracy                           0.99      2678
   macro avg       0.99      0.99      0.99      2678
weighted avg       0.99      0.99      0.99      2678
