0.4110240936279297
0.20085406303405762
0.20548224449157715
0.20447897911071777
0.20674705505371094
0.2120358943939209
0.2029867172241211
0.20311331748962402
0.2020246982574463
0.20362353324890137
0.21247100830078125
0.19840359687805176
0.20113134384155273
0.20255637168884277
0.20119380950927734
0.22995948791503906
0.2141129970550537
0.23206591606140137
0.21360445022583008
0.2027440071105957
0.21078753471374512
0.2031564712524414
0.197371244430542
0.19934391975402832
0.19927000999450684
0.20989584922790527
0.21400928497314453
0.19924473762512207
0.20909571647644043
0.2194511890411377
0.20902419090270996
0.20918941497802734
0.20261812210083008
0.19651341438293457
0.210174560546875
0.1994321346282959
0.2032945156097412
0.20688700675964355
0.20971179008483887
0.20550107955932617
0.2068636417388916
0.19780373573303223
0.19990873336791992
0.18886065483093262
0.19187402725219727
0.20105814933776855
0.19019174575805664
0.20790600776672363
0.20182490348815918
0.1903519630432129
0.21661996841430664
0.19971013069152832
0.21450495719909668
0.20158672332763672
0.20509958267211914
0.20605182647705078
0.20395684242248535
0.17851877212524414
0.19166135787963867
0.18641924858093262
0.20211219787597656
0.2049260139465332
0.20303654670715332
0.19188714027404785
0.19292950630187988
0.17989087104797363
0.2131028175354004
0.20230484008789062
0.20044684410095215
0.20434021949768066
0.19778919219970703
0.17511606216430664
0.20727777481079102
0.20521092414855957
0.20356011390686035
0.1878821849822998
0.20191621780395508
0.2027721405029297
0.19878101348876953
0.20338702201843262
0.1915876865386963
0.19888830184936523
0.200653076171875
0.20175457000732422
0.21039867401123047
0.20361900329589844
0.20772910118103027
0.19254469871520996
0.20878982543945312
0.20399832725524902
0.20138001441955566
0.20720505714416504
0.18986248970031738
0.20662999153137207
0.19132757186889648
0.19730401039123535
0.21123266220092773
0.19596624374389648
0.18652939796447754
0.18862581253051758
0.1968555450439453
0.1957075595855713
0.19621658325195312
0.1977682113647461
0.1976461410522461
0.19179987907409668
0.16804122924804688
0.18025922775268555
0.18664193153381348
0.2049698829650879
0.21084094047546387
0.1964123249053955
0.21384620666503906
0.19030475616455078
0.20389246940612793
0.20819664001464844
0.20033693313598633
0.18979930877685547
0.1842942237854004
0.20710015296936035
0.20051074028015137
0.19896554946899414
0.20987224578857422
0.19934439659118652
0.18607091903686523
0.21076536178588867
0.21480345726013184
0.2008981704711914
0.20777320861816406
0.20151424407958984
0.20569825172424316
0.20918631553649902
0.20140457153320312
0.21385502815246582
0.20517921447753906
0.21058154106140137
0.19947147369384766
0.2038254737854004
0.2020719051361084
0.20970654487609863
0.2047271728515625
0.20038938522338867
0.2148134708404541
0.2050037384033203
0.20181012153625488
0.20542645454406738
0.20254254341125488
0.2068188190460205
0.20815610885620117
0.2074127197265625
0.2003791332244873
