              precision    recall  f1-score   support

           0       0.80      0.86      0.83        14
           1       0.77      0.77      0.77        13
           2       0.48      0.61      0.54        18
           3       0.94      0.89      0.92        19
           4       0.87      0.84      0.86        32
           5       0.50      0.64      0.56        11
           6       0.25      0.17      0.20        12
           7       0.57      0.57      0.57         7
           8       1.00      0.43      0.60         7
           9       0.89      0.94      0.92        18

    accuracy                           0.73       151
   macro avg       0.71      0.67      0.68       151
weighted avg       0.74      0.73      0.72       151

