              precision    recall  f1-score   support

           0       0.98      0.99      0.98       237
           1       1.00      1.00      1.00       596
           2       1.00      0.98      0.99       294
           3       0.98      0.99      0.98       311
           4       1.00      1.00      1.00       466
           5       0.97      0.96      0.96       618
           6       0.99      0.99      0.99       242
           7       0.97      0.97      0.97       655

    accuracy                           0.98      3419
   macro avg       0.98      0.99      0.98      3419
weighted avg       0.98      0.98      0.98      3419

