              precision    recall  f1-score   support

           0       0.92      0.93      0.92       237
           1       0.98      0.99      0.98       596
           2       0.97      0.88      0.92       294
           3       0.90      0.86      0.88       311
           4       0.99      1.00      0.99       466
           5       0.86      0.90      0.88       618
           6       0.90      0.94      0.92       242
           7       0.95      0.93      0.94       655

    accuracy                           0.94      3419
   macro avg       0.93      0.93      0.93      3419
weighted avg       0.94      0.94      0.94      3419

