              precision    recall  f1-score   support

           0       0.00      0.00      0.00       298
           1       0.00      0.00      0.00       261
           2       0.00      0.00      0.00       465
           3       0.00      0.00      0.00       593
           4       0.00      0.00      0.00       269
           5       0.00      0.00      0.00       164
           6       0.00      0.00      0.00       135
           7       0.18      1.00      0.31       493

    accuracy                           0.18      2678
   macro avg       0.02      0.12      0.04      2678
weighted avg       0.03      0.18      0.06      2678
