              precision    recall  f1-score   support

           0       1.00      0.99      1.00       239
           1       0.97      0.99      0.98       265
           2       0.77      0.82      0.79       239
           3       0.98      0.98      0.98       656
           4       0.78      0.77      0.77       129
           5       0.84      0.77      0.81       198
           6       1.00      1.00      1.00       239
           7       1.00      1.00      1.00       644

    accuracy                           0.95      2609
   macro avg       0.92      0.91      0.92      2609
weighted avg       0.95      0.95      0.95      2609

