              precision    recall  f1-score   support

           0       0.61      0.68      0.64       237
           1       0.64      0.69      0.67       596
           2       0.75      0.50      0.60       294
           3       0.44      0.08      0.13       311
           4       0.87      0.97      0.92       466
           5       0.54      0.69      0.60       618
           6       0.78      0.78      0.78       242
           7       0.83      0.90      0.87       655

    accuracy                           0.70      3419
   macro avg       0.68      0.66      0.65      3419
weighted avg       0.69      0.70      0.68      3419

