              precision    recall  f1-score   support

           0       0.80      0.41      0.54       237
           1       0.87      0.89      0.88       596
           2       0.65      0.80      0.72       294
           3       0.81      0.65      0.72       311
           4       0.93      0.92      0.93       466
           5       0.67      0.87      0.76       618
           6       0.82      0.62      0.71       242
           7       0.85      0.84      0.84       655

    accuracy                           0.80      3419
   macro avg       0.80      0.75      0.76      3419
weighted avg       0.81      0.80      0.79      3419

