2.357389211654663
0.11512398719787598
0.08866119384765625
0.07960844039916992
0.0724039077758789
0.08202576637268066
0.1269826889038086
0.12411808967590332
0.07422780990600586
0.08473658561706543
0.08703088760375977
0.08625936508178711
0.09430336952209473
0.08874750137329102
0.08663487434387207
0.07370948791503906
0.07330155372619629
0.11405706405639648
0.14831089973449707
0.07963871955871582
0.0856020450592041
0.09295010566711426
0.09007692337036133
0.09708428382873535
0.09243226051330566
0.08449554443359375
0.07860207557678223
0.07632660865783691
0.08734893798828125
0.1279592514038086
0.0764768123626709
0.08510088920593262
0.1011807918548584
0.09205222129821777
0.08220481872558594
0.09427404403686523
0.08465123176574707
0.07718300819396973
0.07039284706115723
0.07237887382507324
0.10921263694763184
0.15558576583862305
0.07785248756408691
0.09293627738952637
0.08767414093017578
0.08321046829223633
0.07991909980773926
0.08600950241088867
0.09135818481445312
0.0813760757446289
0.07562994956970215
0.07458615303039551
0.1185464859008789
0.10930371284484863
0.10860872268676758
0.08204174041748047
0.08841800689697266
0.0830230712890625
0.08849906921386719
0.10451817512512207
0.07930660247802734
0.07345771789550781
0.07547330856323242
0.12088656425476074
0.12324380874633789
0.07150053977966309
0.09029555320739746
0.08535265922546387
0.09140419960021973
1.482982873916626
0.07770061492919922
0.08850598335266113
0.13038873672485352
0.14113712310791016
0.10048580169677734
0.1034243106842041
0.10208964347839355
0.10751056671142578
0.10659909248352051
0.08402562141418457
0.07397103309631348
0.0724029541015625
0.1395859718322754
0.10506391525268555
0.09170675277709961
0.09804582595825195
0.09111714363098145
0.10884952545166016
0.0987699031829834
0.08777856826782227
0.08783125877380371
0.07453179359436035
0.08121895790100098
0.1504662036895752
0.08706498146057129
0.10029244422912598
0.1123192310333252
0.09795022010803223
0.10033321380615234
0.093475341796875
0.08230090141296387
0.07459855079650879
0.07102537155151367
0.11554622650146484
0.1157991886138916
0.0993185043334961
0.09507894515991211
0.08623218536376953
0.08966970443725586
0.09744596481323242
0.08584213256835938
0.08165216445922852
0.07036685943603516
0.06862783432006836
0.12746977806091309
0.1293468475341797
0.07576918601989746
0.08951711654663086
0.08656764030456543
0.09040164947509766
0.09608745574951172
0.08881187438964844
0.08760595321655273
0.09282112121582031
0.0765533447265625
0.09035205841064453
0.14046645164489746
0.08477783203125
0.08720159530639648
0.09655523300170898
0.08599543571472168
0.09871149063110352
0.10121774673461914
0.08071780204772949
0.07691359519958496
0.06927323341369629
0.07834029197692871
0.14727497100830078
0.11029052734375
0.09175229072570801
0.08843660354614258
0.1149132251739502
0.08649110794067383
0.09289240837097168
0.08263158798217773
0.07181763648986816
0.07291698455810547
0.14683294296264648
0.09536170959472656
0.07266545295715332
0.08642196655273438
0.08645081520080566
0.08838558197021484
0.08996963500976562
0.0958106517791748
0.0758509635925293
0.08376002311706543
0.07402157783508301
0.09626960754394531
0.14316368103027344
0.07941746711730957
0.08590865135192871
0.08986425399780273
0.08585309982299805
0.08590006828308105
0.09010505676269531
0.08316349983215332
0.07838606834411621
0.0776214599609375
0.08272433280944824
0.12287592887878418
0.08820104598999023
0.07953071594238281
0.08457183837890625
0.0978095531463623
0.09042072296142578
0.09186530113220215
0.09780621528625488
0.07897663116455078
0.07445549964904785
0.06980395317077637
0.11326289176940918
0.11660528182983398
0.06855201721191406
0.08489489555358887
0.08997464179992676
0.09632682800292969
0.0989236831665039
0.08385062217712402
0.08090925216674805
0.06853985786437988
0.06668281555175781
0.06690764427185059
0.08617639541625977
0.13968443870544434
0.11378931999206543
0.08414292335510254
0.10658955574035645
0.08155202865600586
0.09940290451049805
0.10190796852111816
0.0760660171508789
0.0712287425994873
0.06023001670837402
0.06840014457702637
0.06319141387939453
0.06873703002929688
0.06760454177856445
0.06397724151611328
0.06361913681030273
0.06161308288574219
0.06240248680114746
0.06183671951293945
0.07004022598266602
0.050913095474243164
0.0583803653717041
0.05778074264526367
0.052642822265625
0.05601000785827637
0.05489158630371094
0.05879998207092285
0.058809757232666016
0.06242537498474121
0.0510706901550293
0.050768136978149414
0.05558419227600098
0.05010056495666504
0.049916982650756836
0.06075787544250488
0.0585331916809082
0.05035662651062012
0.05525398254394531
0.04981851577758789
0.06281661987304688
0.05623817443847656
0.04996204376220703
0.050230979919433594
0.05032086372375488
0.049530744552612305
0.05037879943847656
0.06405806541442871
0.05061030387878418
0.06136155128479004
0.061751604080200195
0.05189847946166992
0.051209449768066406
0.05621981620788574
0.049732208251953125
0.0553281307220459
0.05484271049499512
0.05591320991516113
0.05595684051513672
0.04969334602355957
0.04977607727050781
0.05496525764465332
0.049768686294555664
0.050034523010253906
0.04980206489562988
0.0548398494720459
0.05049538612365723
0.048989057540893555
0.04940032958984375
0.04964637756347656
0.0492253303527832
0.04995417594909668
0.049506425857543945
0.05444812774658203
0.05724477767944336
0.04970145225524902
0.04968428611755371
0.049883127212524414
0.049916982650756836
0.049718618392944336
0.058460235595703125
0.05273556709289551
0.05040574073791504
0.05508899688720703
0.05090212821960449
0.05289435386657715
0.06720161437988281
0.06922125816345215
0.0518956184387207
0.05232810974121094
0.07029461860656738
0.06298518180847168
0.06395864486694336
0.06516790390014648
0.06515645980834961
0.05078268051147461
0.06316661834716797
0.07025742530822754
0.05538058280944824
0.06137561798095703
0.06721639633178711
0.07393479347229004
0.06821298599243164
0.0692594051361084
0.06295061111450195
0.052660465240478516
0.06601691246032715
0.06084752082824707
0.05190873146057129
0.06214165687561035
0.06172895431518555
0.049909353256225586
0.06380057334899902
0.06444215774536133
0.05117535591125488
0.05775022506713867
0.06135725975036621
0.05518388748168945
0.05850672721862793
0.07610058784484863
0.06435608863830566
0.06128287315368652
0.07444190979003906
0.06226468086242676
0.056714534759521484
0.06808304786682129
0.06037020683288574
0.052797794342041016
0.0834808349609375
0.05438232421875
0.05646467208862305
0.06003832817077637
0.056081533432006836
0.050638675689697266
0.05753803253173828
0.06155514717102051
0.05330324172973633
0.06767153739929199
0.05753159523010254
0.05296182632446289
0.05644702911376953
0.059411048889160156
0.0523829460144043
0.050606727600097656
0.07249569892883301
0.06273341178894043
0.05510973930358887
0.05872058868408203
0.06820893287658691
0.059238433837890625
0.07131600379943848
0.06873869895935059
0.05925416946411133
0.06711792945861816
0.0646970272064209
0.07041263580322266
0.07784390449523926
0.0666966438293457
0.05915522575378418
0.06710267066955566
0.06649470329284668
0.05989503860473633
0.0652153491973877
0.06536674499511719
0.06551718711853027
0.06319928169250488
0.06802892684936523
0.05149364471435547
0.05617880821228027
0.0736684799194336
0.05985689163208008
0.0562291145324707
0.05876970291137695
0.05922341346740723
0.06666326522827148
0.06353425979614258
0.050981998443603516
0.05551600456237793
0.057213544845581055
0.052664756774902344
0.05821537971496582
0.0782632827758789
0.05885124206542969
0.050389766693115234
0.05878710746765137
0.056862592697143555
0.051552772521972656
0.05558419227600098
0.05957436561584473
0.05145907402038574
0.07041192054748535
0.07829618453979492
0.05544543266296387
0.0558011531829834
0.05718064308166504
0.05277872085571289
0.049196720123291016
0.05673575401306152
0.05840277671813965
0.051954030990600586
0.058615922927856445
0.06981730461120605
0.0642385482788086
0.055628061294555664
0.07011842727661133
0.05153083801269531
0.0506746768951416
0.058794498443603516
0.058881521224975586
0.06602191925048828
0.06634998321533203
0.06623578071594238
0.060631513595581055
0.05751323699951172
0.05717206001281738
0.06047224998474121
0.06194472312927246
0.06600308418273926
0.06572151184082031
0.06639981269836426
0.06608796119689941
0.05416059494018555
0.05285167694091797
0.057734012603759766
0.06949448585510254
0.05965018272399902
0.07837772369384766
0.06618499755859375
0.05113506317138672
0.06304264068603516
0.06223034858703613
0.055670738220214844
0.06310081481933594
0.06200122833251953
0.05118083953857422
0.05859088897705078
0.06946802139282227
0.05130815505981445
0.05242109298706055
0.07395362854003906
0.050628662109375
0.04935336112976074
0.0627131462097168
0.05799555778503418
0.05118751525878906
0.06703495979309082
0.05579519271850586
0.06419897079467773
0.06263232231140137
0.054238080978393555
0.04939913749694824
0.05271792411804199
0.05625104904174805
0.06046700477600098
0.0651235580444336
0.05897855758666992
0.06399822235107422
0.05114483833312988
0.05444955825805664
0.05640697479248047
0.06054496765136719
0.05188632011413574
0.06293725967407227
0.0651545524597168
0.05892014503479004
0.06340599060058594
0.06445789337158203
0.05852365493774414
0.06348729133605957
0.07065224647521973
0.05887866020202637
0.05179953575134277
0.060239553451538086
0.05390477180480957
0.04881620407104492
0.05713367462158203
0.07496094703674316
0.0588078498840332
0.04994320869445801
0.06054544448852539
0.06334090232849121
0.054612159729003906
0.05637097358703613
0.07397103309631348
0.06347346305847168
0.05794858932495117
0.06247520446777344
0.05015707015991211
0.049954891204833984
0.07074618339538574
0.06445693969726562
0.05996561050415039
0.07693243026733398
0.0689997673034668
0.06339240074157715
0.06405925750732422
0.06545257568359375
0.051166534423828125
0.06441068649291992
0.06898069381713867
0.05111289024353027
0.05671334266662598
0.056292057037353516
0.051254987716674805
0.04811573028564453
0.07327938079833984
0.052622079849243164
0.050530433654785156
0.06306934356689453
0.06452250480651855
0.05099368095397949
0.06406354904174805
0.06641054153442383
0.059287309646606445
0.06378579139709473
0.07664871215820312
0.059639692306518555
0.07092809677124023
0.07159423828125
0.057376861572265625
0.05775952339172363
0.06314206123352051
0.05110645294189453
0.05199623107910156
0.0569303035736084
0.06376981735229492
0.05504798889160156
0.0656590461730957
0.06749939918518066
0.05088376998901367
0.053908348083496094
0.0766453742980957
0.06502103805541992
0.062094688415527344
0.07283902168273926
0.05938363075256348
0.06026339530944824
0.06366300582885742
0.06827640533447266
0.05785655975341797
0.056607723236083984
0.06617498397827148
0.05049538612365723
0.06108736991882324
0.060950279235839844
0.0508725643157959
0.05276894569396973
0.05817914009094238
0.05718731880187988
0.050086021423339844
0.056054115295410156
0.05643463134765625
0.05170726776123047
0.06165647506713867
0.06547236442565918
0.05182456970214844
0.05126142501831055
0.05907750129699707
0.06930947303771973
0.06449484825134277
0.07500505447387695
0.06389737129211426
0.07703876495361328
0.0715939998626709
0.05407381057739258
0.06573271751403809
0.06694674491882324
0.05934405326843262
0.06665754318237305
0.06012272834777832
0.05195808410644531
0.05597543716430664
0.08479928970336914
0.053591251373291016
0.05093836784362793
0.07150745391845703
0.06110239028930664
0.0503232479095459
0.05381965637207031
0.06652522087097168
0.06586194038391113
0.053698062896728516
0.05669379234313965
0.05238533020019531
0.049299001693725586
0.055263519287109375
0.0545198917388916
0.051557064056396484
0.061417579650878906
0.062368154525756836
0.06598973274230957
0.053591012954711914
0.060608863830566406
0.05673408508300781
0.05127882957458496
0.053211212158203125
0.05564522743225098
0.05783843994140625
0.05635261535644531
0.05636763572692871
0.06546926498413086
0.05865001678466797
0.0643320083618164
0.06596016883850098
0.054857730865478516
0.05258631706237793
0.05583667755126953
0.06577038764953613
0.06313967704772949
0.0649406909942627
0.05162334442138672
0.05477595329284668
0.05802011489868164
0.053252458572387695
0.04874086380004883
0.05699563026428223
0.06662702560424805
0.0507054328918457
0.05340576171875
0.0658712387084961
0.0656735897064209
0.06307482719421387
0.059932708740234375
0.05687093734741211
0.05483603477478027
0.06598091125488281
0.053952932357788086
0.05024123191833496
0.06163978576660156
0.05668759346008301
0.058603763580322266
0.054261207580566406
0.07136082649230957
0.05730843544006348
0.06077265739440918
0.05768275260925293
0.0634467601776123
0.07495713233947754
0.062345266342163086
0.05391716957092285
0.06027483940124512
0.06860852241516113
0.05162668228149414
0.058133602142333984
0.07306838035583496
0.05244636535644531
0.05116701126098633
0.06621599197387695
0.06278610229492188
0.050203561782836914
0.05615711212158203
0.07523155212402344
0.05811023712158203
0.054139137268066406
0.05817675590515137
0.05708742141723633
0.05277872085571289
0.07559847831726074
0.056383371353149414
0.050231218338012695
0.05855751037597656
0.06407022476196289
0.052861928939819336
0.04968762397766113
0.0688164234161377
0.07312345504760742
0.051413774490356445
0.06864452362060547
0.05963730812072754
0.051286935806274414
0.06424427032470703
0.06322598457336426
0.050926923751831055
0.053366899490356445
0.05794692039489746
0.05269265174865723
0.04971814155578613
0.05407834053039551
0.05832219123840332
0.06269431114196777
0.05671215057373047
0.06852030754089355
0.05008506774902344
0.05105113983154297
0.07438111305236816
0.06161975860595703
0.052184343338012695
0.07185769081115723
0.07079076766967773
0.05144333839416504
0.06469869613647461
0.05495023727416992
0.05299663543701172
0.0647437572479248
0.053791046142578125
0.04936480522155762
0.05446028709411621
0.059346675872802734
0.04996037483215332
0.054906368255615234
0.05807805061340332
0.052033185958862305
0.056442975997924805
0.07067441940307617
0.053732872009277344
0.05028271675109863
0.06797552108764648
0.06440329551696777
0.0529177188873291
0.06420493125915527
0.07167911529541016
0.058475494384765625
0.07708334922790527
0.06649184226989746
0.05849623680114746
0.0727231502532959
0.057996511459350586
0.05010485649108887
0.06634831428527832
0.060300588607788086
0.049657583236694336
0.05304718017578125
0.058014869689941406
0.06077289581298828
0.06820821762084961
0.07144451141357422
0.05415177345275879
0.04977679252624512
0.05869603157043457
0.054616451263427734
0.05040287971496582
0.057604074478149414
0.06379556655883789
0.0730445384979248
0.0681915283203125
0.07026004791259766
0.07033419609069824
0.06839537620544434
0.06656956672668457
0.06488680839538574
0.07215499877929688
0.0700993537902832
0.05753159523010254
0.05598616600036621
0.05654573440551758
0.05286979675292969
0.05228757858276367
0.05758929252624512
0.06952428817749023
0.06394767761230469
0.07160043716430664
0.06727075576782227
0.06636977195739746
0.07184767723083496
0.0525815486907959
0.05046272277832031
0.059253692626953125
0.06765222549438477
0.06382179260253906
0.07117366790771484
0.06872391700744629
0.06848812103271484
0.06812596321105957
0.06752419471740723
0.06608438491821289
0.07419061660766602
0.06044769287109375
0.06211733818054199
0.07926678657531738
0.06217837333679199
0.05007314682006836
0.04993796348571777
0.05828213691711426
0.050040245056152344
0.049187660217285156
0.06014084815979004
0.05750107765197754
0.05968809127807617
0.06659197807312012
0.05143141746520996
0.0495295524597168
0.049868106842041016
0.04976081848144531
0.04903125762939453
0.04937744140625
0.04874897003173828
0.04978036880493164
0.05483269691467285
0.04986906051635742
0.04922676086425781
0.05852198600769043
0.05313873291015625
0.05242729187011719
0.04927372932434082
0.0494389533996582
0.058722734451293945
0.06305599212646484
0.049933433532714844
0.06389093399047852
0.04979872703552246
0.050624847412109375
0.04941725730895996
0.049932241439819336
0.0492854118347168
0.05559492111206055
0.054871559143066406
0.04996037483215332
0.049764156341552734
0.04979991912841797
0.0581057071685791
0.05046248435974121
0.049104928970336914
0.05491781234741211
0.04974198341369629
0.06259536743164062
0.0490870475769043
0.04927372932434082
0.05558323860168457
0.04953408241271973
0.04962635040283203
0.05439114570617676
0.04882502555847168
0.05117058753967285
0.053641557693481445
0.04967951774597168
0.04972100257873535
0.04939103126525879
0.049410104751586914
0.04875612258911133
0.04895615577697754
0.048162221908569336
0.048889875411987305
0.053995370864868164
0.04916238784790039
0.04950261116027832
0.04966235160827637
0.05488991737365723
0.05901765823364258
0.04882311820983887
0.05368542671203613
0.05705428123474121
0.05459761619567871
0.04974985122680664
0.05432629585266113
0.049039602279663086
0.0492253303527832
0.05799245834350586
0.05818891525268555
0.06297922134399414
0.06115269660949707
0.05669856071472168
0.06741905212402344
0.05711245536804199
0.04969191551208496
0.04953479766845703
0.05022287368774414
0.049218177795410156
0.049831390380859375
0.05224800109863281
0.05719423294067383
0.05371570587158203
0.052846670150756836
0.05022597312927246
0.0599827766418457
0.05596327781677246
0.051964521408081055
0.0514521598815918
0.05202436447143555
0.05510973930358887
0.05053210258483887
0.05555868148803711
0.05464768409729004
0.05385136604309082
0.050083160400390625
0.051811933517456055
0.057013750076293945
0.05199241638183594
0.057332515716552734
0.061185359954833984
0.04870462417602539
0.04813504219055176
0.04813885688781738
0.04845738410949707
0.04940652847290039
0.04886317253112793
0.054234981536865234
0.05759549140930176
0.052346229553222656
0.05012321472167969
0.05398440361022949
0.05256772041320801
0.054636240005493164
0.052399396896362305
0.05720257759094238
0.049459218978881836
0.0535731315612793
0.04889512062072754
0.048412322998046875
0.0485227108001709
0.04844546318054199
0.048600196838378906
0.06268763542175293
0.05870628356933594
0.049619197845458984
0.05449700355529785
0.04990553855895996
0.0521237850189209
0.05447030067443848
0.06319856643676758
0.049694061279296875
0.05004239082336426
0.05040264129638672
0.050283193588256836
0.055062294006347656
0.0580449104309082
0.05883073806762695
0.05023837089538574
0.05886363983154297
0.05889439582824707
0.04941153526306152
0.05068778991699219
0.05688071250915527
0.0606386661529541
0.05557537078857422
0.049985647201538086
0.06257057189941406
0.05133938789367676
0.049777984619140625
0.04993438720703125
0.053534507751464844
0.055013179779052734
0.05552101135253906
0.05209088325500488
0.05141162872314453
0.05539202690124512
0.04960274696350098
0.05471539497375488
0.05462384223937988
0.04846334457397461
0.054219961166381836
0.05459928512573242
0.04863405227661133
0.04954981803894043
0.049788475036621094
0.04826235771179199
0.05022096633911133
0.055231571197509766
0.054933786392211914
0.058211326599121094
0.055849552154541016
0.04887962341308594
0.04944157600402832
0.051193952560424805
0.05134439468383789
0.05125308036804199
0.050818681716918945
0.05916905403137207
0.048768043518066406
0.055970191955566406
0.048607826232910156
0.05092501640319824
0.05950593948364258
0.04937934875488281
0.05045604705810547
0.04998278617858887
0.059072017669677734
0.05116772651672363
0.05376076698303223
0.0518956184387207
0.056259870529174805
0.05087471008300781
0.04797554016113281
0.0481109619140625
0.05076479911804199
0.05467677116394043
0.04928183555603027
0.05323338508605957
0.05483245849609375
0.04940032958984375
0.049332380294799805
0.05036163330078125
0.04891180992126465
0.053763389587402344
0.04845786094665527
0.05867886543273926
0.056453704833984375
0.049665212631225586
0.04934525489807129
0.04918098449707031
0.051178693771362305
0.05782008171081543
0.050481319427490234
0.05916237831115723
0.05174756050109863
0.05658602714538574
0.04989218711853027
0.05911445617675781
0.053362131118774414
0.05272483825683594
0.051481008529663086
0.06022071838378906
0.0650334358215332
0.05765128135681152
0.07528424263000488
0.06560182571411133
0.07102370262145996
0.07388019561767578
0.07455897331237793
0.06834959983825684
0.07322430610656738
0.06267619132995605
0.1104898452758789
0.18384337425231934
0.08999156951904297
0.09609270095825195
0.07101297378540039
0.05859375
0.07251286506652832
0.07541298866271973
0.1013326644897461
0.07916998863220215
0.08672332763671875
0.08357548713684082
0.12628841400146484
0.16580605506896973
0.08063745498657227
0.10209512710571289
0.07446813583374023
0.07123780250549316
0.09973454475402832
0.10628151893615723
0.08667802810668945
0.12057685852050781
0.14467859268188477
0.12539410591125488
0.0801079273223877
0.07306981086730957
0.08991885185241699
0.12445616722106934
0.11303210258483887
0.09230828285217285
0.1370530128479004
0.17540431022644043
0.07972455024719238
0.09250092506408691
0.08264899253845215
0.0773005485534668
0.09040641784667969
0.10289907455444336
0.08033394813537598
0.10671567916870117
0.1588304042816162
0.1402139663696289
0.11254024505615234
0.08115768432617188
0.08256030082702637
0.09526801109313965
0.10095858573913574
0.08490276336669922
0.12881827354431152
0.1380913257598877
0.11495709419250488
0.11237359046936035
0.07592439651489258
0.0653529167175293
0.09989786148071289
0.0943307876586914
0.08784055709838867
0.12131476402282715
0.0942697525024414
0.16878795623779297
0.08114504814147949
0.08192014694213867
0.07725763320922852
0.07442212104797363
0.11118698120117188
0.09273433685302734
0.0901029109954834
0.12019205093383789
0.1518864631652832
0.11047911643981934
0.07192039489746094
0.09222769737243652
0.07346296310424805
0.07370924949645996
0.08481645584106445
0.08302831649780273
0.08027386665344238
0.11131596565246582
0.11164164543151855
0.16338610649108887
0.09803605079650879
0.07554149627685547
0.09943747520446777
0.06844091415405273
0.09696722030639648
0.08996152877807617
0.07873082160949707
0.11251020431518555
0.136214017868042
0.15137982368469238
0.09456491470336914
0.10202932357788086
0.07768821716308594
0.0707540512084961
0.10739874839782715
0.09383916854858398
0.10335540771484375
0.13164591789245605
0.16878080368041992
0.10708332061767578
0.08780622482299805
0.0852808952331543
0.10252070426940918
0.09181737899780273
0.08539319038391113
0.11539506912231445
0.12438654899597168
0.1469879150390625
0.0870213508605957
0.09232854843139648
0.07158803939819336
0.06958317756652832
0.08583784103393555
0.07953119277954102
0.08091235160827637
0.098388671875
0.13228845596313477
0.16354942321777344
0.06985211372375488
0.079864501953125
0.08200430870056152
0.08000659942626953
0.07855105400085449
0.0862722396850586
0.07551360130310059
0.09166383743286133
0.11894512176513672
0.17654156684875488
0.08064007759094238
0.08517909049987793
0.07417893409729004
0.07683825492858887
0.0961294174194336
0.08675289154052734
0.08966970443725586
0.12804460525512695
0.1905677318572998
0.09330534934997559
0.0834658145904541
0.07817673683166504
0.07204651832580566
0.09936094284057617
0.08351850509643555
0.08069825172424316
0.12799787521362305
0.19326353073120117
0.09370017051696777
0.08341526985168457
0.07584977149963379
0.06889915466308594
0.09825730323791504
0.07905983924865723
0.0799415111541748
0.10901856422424316
0.14012551307678223
0.15437984466552734
0.09386038780212402
0.07353663444519043
0.06343221664428711
0.07086920738220215
0.08977603912353516
0.08655643463134766
0.07966899871826172
0.12402558326721191
0.14161300659179688
0.13973259925842285
0.09488654136657715
0.0989525318145752
0.0912785530090332
0.10612893104553223
0.08557796478271484
0.08852100372314453
0.13406944274902344
0.14732766151428223
0.16539216041564941
0.11421346664428711
0.07030177116394043
0.07694864273071289
0.07792496681213379
0.08648133277893066
0.0799858570098877
0.08590197563171387
0.13538479804992676
0.16356444358825684
0.1039431095123291
0.10351967811584473
0.08848261833190918
0.07506537437438965
0.08033943176269531
0.08965516090393066
0.09002113342285156
0.0956885814666748
0.1382296085357666
0.15805625915527344
0.08280110359191895
0.09785008430480957
0.08978652954101562
0.07881641387939453
0.08982419967651367
0.08150696754455566
0.08620643615722656
0.13559722900390625
0.14174389839172363
0.11909246444702148
0.09163761138916016
0.0846555233001709
0.06670117378234863
0.10264945030212402
0.08948373794555664
0.08964180946350098
0.13039827346801758
0.17714476585388184
0.09044051170349121
0.08953642845153809
0.0911557674407959
0.08726000785827637
0.08697319030761719
0.08315253257751465
0.12848496437072754
0.16793417930603027
0.1244804859161377
0.08639192581176758
0.07483386993408203
0.06657886505126953
0.06309127807617188
0.08992767333984375
0.07690238952636719
0.08187127113342285
0.11577534675598145
0.1691274642944336
0.10925769805908203
0.09458494186401367
0.09276223182678223
0.06960153579711914
0.08226966857910156
0.10166668891906738
0.08147501945495605
0.0982820987701416
0.14068007469177246
0.1670377254486084
0.06505846977233887
0.0879063606262207
0.08827543258666992
0.07884812355041504
0.08058333396911621
0.09475398063659668
0.08700156211853027
0.09215497970581055
0.1472306251525879
0.16493487358093262
0.07751297950744629
0.09004592895507812
0.08441615104675293
0.0850989818572998
0.10662508010864258
0.07545614242553711
0.08214473724365234
0.14474272727966309
0.17464637756347656
0.09329748153686523
0.09122276306152344
0.08909225463867188
0.08587861061096191
0.10338091850280762
0.07974648475646973
0.07950258255004883
0.1128697395324707
0.14368391036987305
0.14538955688476562
0.08942818641662598
0.08925509452819824
0.1065986156463623
0.09320569038391113
0.08378005027770996
0.08271312713623047
0.10581445693969727
0.14115476608276367
0.17270112037658691
0.09166121482849121
0.09343171119689941
0.0705714225769043
0.06318044662475586
0.0641024112701416
0.0627586841583252
0.06681609153747559
0.062317609786987305
0.060836076736450195
0.05990266799926758
0.060461997985839844
0.05779862403869629
0.05984091758728027
0.05908036231994629
0.05994057655334473
0.06010580062866211
0.050850868225097656
0.050852298736572266
0.059859514236450195
0.0594639778137207
0.06401395797729492
0.059120893478393555
0.059244394302368164
0.05185985565185547
0.05241107940673828
0.05598640441894531
0.04869580268859863
0.0521693229675293
0.052506446838378906
0.06181025505065918
0.06175374984741211
0.0722956657409668
0.07049822807312012
0.0691072940826416
0.06653261184692383
0.0483701229095459
0.06169557571411133
0.05819225311279297
0.08775734901428223
0.07435965538024902
0.07428979873657227
0.05246162414550781
0.04890251159667969
0.05399942398071289
0.06557250022888184
0.08116936683654785
0.0701436996459961
0.0868062973022461
0.05074119567871094
0.06669783592224121
0.06312966346740723
0.10037422180175781
0.08456802368164062
0.0702660083770752
0.061807870864868164
0.07015776634216309
0.08385658264160156
0.09338855743408203
0.07503533363342285
0.07040786743164062
0.05715799331665039
0.05858254432678223
0.0525667667388916
0.07950019836425781
0.0832672119140625
0.07559704780578613
0.06294059753417969
0.06666088104248047
0.06307315826416016
0.07193160057067871
0.07387566566467285
0.07421469688415527
0.05014657974243164
0.049048662185668945
0.05790972709655762
0.05324959754943848
0.049207210540771484
0.04929757118225098
0.04910755157470703
0.04888010025024414
0.05790591239929199
0.05789995193481445
0.049870967864990234
0.05344986915588379
0.04945206642150879
0.0550990104675293
0.05827212333679199
0.05746769905090332
0.05466294288635254
0.053861379623413086
0.04755854606628418
0.04906463623046875
0.054457664489746094
0.05483555793762207
0.04829597473144531
0.04918527603149414
0.0480341911315918
0.04798579216003418
0.04727816581726074
0.0487825870513916
0.04895472526550293
0.05933570861816406
0.05000901222229004
0.04913592338562012
0.048340559005737305
0.04887986183166504
0.048395633697509766
0.05682253837585449
0.05233144760131836
0.057157278060913086
0.05942535400390625
0.04984092712402344
0.04906749725341797
0.05045342445373535
0.048630475997924805
0.047821044921875
0.04845762252807617
0.047585487365722656
0.049120426177978516
0.059197187423706055
0.05077004432678223
0.04876255989074707
0.04885101318359375
0.04927253723144531
0.04842209815979004
0.048375844955444336
0.04840898513793945
0.04811573028564453
0.05369257926940918
0.04921579360961914
0.04949808120727539
0.04913759231567383
0.04979443550109863
0.048401594161987305
0.04873800277709961
0.048838138580322266
0.05479240417480469
0.05469393730163574
0.04944801330566406
0.04949498176574707
0.051213741302490234
0.04916858673095703
0.04875993728637695
0.048279523849487305
0.05295610427856445
0.04999279975891113
0.05541181564331055
0.05817890167236328
0.05137228965759277
0.05016469955444336
0.04886126518249512
0.054572105407714844
0.049753665924072266
0.04887032508850098
0.04884004592895508
0.059943437576293945
0.055101871490478516
0.053862571716308594
0.04974842071533203
0.04863333702087402
0.04925799369812012
0.0491480827331543
0.048136234283447266
0.04915142059326172
0.054515838623046875
0.057938575744628906
0.0505833625793457
0.0606379508972168
0.04924726486206055
0.05435037612915039
0.049048662185668945
0.048948049545288086
0.06158638000488281
0.05674600601196289
0.05188941955566406
0.05760669708251953
0.05154871940612793
0.05158281326293945
0.05056619644165039
0.05097651481628418
0.0506589412689209
0.05137348175048828
0.06373262405395508
0.05596613883972168
0.05193901062011719
0.05161142349243164
0.050824880599975586
0.05543780326843262
0.05134749412536621
0.051146745681762695
0.05154848098754883
0.06185555458068848
0.04912614822387695
0.04915642738342285
0.049405574798583984
0.04883289337158203
0.05062580108642578
0.05046987533569336
0.05110573768615723
0.051133155822753906
0.056359291076660156
0.05131816864013672
0.05219459533691406
0.051003217697143555
0.04858684539794922
0.057103633880615234
0.05237913131713867
0.04835247993469238
0.04848337173461914
0.06301617622375488
0.06298446655273438
0.0517725944519043
0.04945230484008789
0.04841113090515137
0.04874396324157715
0.04850196838378906
0.048244476318359375
0.04912900924682617
0.05384707450866699
0.050730228424072266
0.04966235160827637
0.04889559745788574
0.04849958419799805
0.04867720603942871
0.048630475997924805
0.04868149757385254
0.048532724380493164
0.05365896224975586
0.04969072341918945
0.04934525489807129
0.04915332794189453
0.048645973205566406
0.056841135025024414
0.04915571212768555
0.04835963249206543
0.05343031883239746
0.05318284034729004
0.04883313179016113
0.04837822914123535
0.04883074760437012
0.05369210243225098
0.04757118225097656
0.0485231876373291
0.054140329360961914
0.0489349365234375
0.05294966697692871
0.04884505271911621
0.04816627502441406
0.05405449867248535
0.04842877388000488
0.04799485206604004
0.05382418632507324
0.04927563667297363
0.05016160011291504
0.05301809310913086
0.057202816009521484
0.058452606201171875
0.04949784278869629
0.048159122467041016
0.057776689529418945
0.04889678955078125
0.05729341506958008
0.0489957332611084
0.053179264068603516
0.04897785186767578
0.049488067626953125
0.06160235404968262
0.052678823471069336
0.05485272407531738
0.058161258697509766
0.052809953689575195
0.05423784255981445
0.07204651832580566
0.058287620544433594
0.05800175666809082
0.049571990966796875
0.04824948310852051
0.047888994216918945
0.04861092567443848
0.0489346981048584
0.05002593994140625
0.053130149841308594
0.5064182281494141
0.05507636070251465
0.05549359321594238
0.05507230758666992
0.056990623474121094
0.0550994873046875
0.06105470657348633
0.055008888244628906
0.0602266788482666
0.05977988243103027
0.05497336387634277
0.0543975830078125
0.05434727668762207
0.053499698638916016
0.05420494079589844
0.058081865310668945
0.05462932586669922
0.06050229072570801
0.06256651878356934
0.07008957862854004
0.058495283126831055
0.06191372871398926
0.053507328033447266
0.05426168441772461
0.0625600814819336
0.055051326751708984
0.060350656509399414
0.05294156074523926
0.05436825752258301
0.05358386039733887
0.05345892906188965
0.053931474685668945
0.06793880462646484
0.05776524543762207
0.05894875526428223
0.06575751304626465
0.05448508262634277
0.054822444915771484
0.054465293884277344
0.0536198616027832
0.05474710464477539
0.053694963455200195
0.05343508720397949
0.05921053886413574
0.06623506546020508
0.05379629135131836
0.05370616912841797
0.05407214164733887
0.05369448661804199
0.06219649314880371
0.0533444881439209
0.0591282844543457
0.05429983139038086
0.060585975646972656
0.05370640754699707
0.0532073974609375
0.06212615966796875
0.0564885139465332
0.05324554443359375
0.05883026123046875
0.05361294746398926
0.059018850326538086
0.06006169319152832
0.05339765548706055
0.05921792984008789
0.0585017204284668
0.053243398666381836
0.05852389335632324
0.05410432815551758
0.05367779731750488
0.060466766357421875
0.05982208251953125
0.05924558639526367
0.05417776107788086
0.05441570281982422
0.05453777313232422
0.06742429733276367
0.06119036674499512
0.05376553535461426
0.05943918228149414
0.06100201606750488
0.05377793312072754
0.054395437240600586
0.06376123428344727
0.057188987731933594
0.060814619064331055
0.0690922737121582
0.06019759178161621
0.05505633354187012
0.06667685508728027
0.05499601364135742
0.055129051208496094
0.0689840316772461
0.060808420181274414
0.05439448356628418
0.05453681945800781
0.05536842346191406
0.06024312973022461
0.062378644943237305
0.05516552925109863
0.05758500099182129
0.05563068389892578
0.05511927604675293
0.0550994873046875
0.0555267333984375
0.05578780174255371
0.05558013916015625
0.061921119689941406
0.054499149322509766
0.0545806884765625
0.06888604164123535
0.06293749809265137
0.06006050109863281
0.053992509841918945
0.054377079010009766
0.06553530693054199
0.06887197494506836
0.05635499954223633
0.06128549575805664
0.06094026565551758
0.05679821968078613
0.061087846755981445
0.056540489196777344
0.05452704429626465
0.055197715759277344
0.06159853935241699
0.05316042900085449
0.06223416328430176
0.05578494071960449
0.0536954402923584
0.05426216125488281
0.054352521896362305
0.05905342102050781
0.05950212478637695
0.05842018127441406
0.05284762382507324
0.05341362953186035
0.059369564056396484
0.07083845138549805
0.059576988220214844
0.09878683090209961
0.0948948860168457
0.08895277976989746
0.16904664039611816
0.20000219345092773
0.11748361587524414
0.08534884452819824
0.07921648025512695
0.10282158851623535
0.09205794334411621
0.09179544448852539
0.12883615493774414
0.24881911277770996
0.12140941619873047
0.08817410469055176
0.08981466293334961
0.09253048896789551
0.09431672096252441
0.07992243766784668
0.09171295166015625
0.1287689208984375
0.21254372596740723
0.12287163734436035
0.08879685401916504
0.06751203536987305
0.09710144996643066
0.08939886093139648
0.07701563835144043
0.11958026885986328
0.1890404224395752
0.14224600791931152
0.09596800804138184
0.07790637016296387
0.07489514350891113
0.10248374938964844
0.08716869354248047
0.09078311920166016
0.14124798774719238
0.20183849334716797
0.13605213165283203
0.06770706176757812
0.07715725898742676
0.09216928482055664
0.09390735626220703
0.08665251731872559
0.15026378631591797
0.2173633575439453
0.10697555541992188
0.09088587760925293
0.0768289566040039
0.11010265350341797
0.08896780014038086
0.07773494720458984
0.11266946792602539
0.16438770294189453
0.14186310768127441
0.0877225399017334
0.08718204498291016
0.06444454193115234
0.12104487419128418
0.08810949325561523
0.07683229446411133
0.1254870891571045
0.20470452308654785
0.09707832336425781
0.08197355270385742
0.0879213809967041
0.08278036117553711
0.09479713439941406
0.0794365406036377
0.10874009132385254
0.1365964412689209
0.16065096855163574
0.1210627555847168
0.07049751281738281
0.08027219772338867
0.09880900382995605
0.10006165504455566
0.08109569549560547
0.126678466796875
0.19870328903198242
0.11069059371948242
0.08545804023742676
0.07630181312561035
0.06990981101989746
0.10187816619873047
0.08595037460327148
0.0910942554473877
0.12900948524475098
0.18131661415100098
0.11218929290771484
0.08090996742248535
0.08049678802490234
0.08000946044921875
0.1099081039428711
0.09204483032226562
0.10611128807067871
0.13848876953125
0.1616816520690918
0.105194091796875
0.07561755180358887
0.08824491500854492
0.10632920265197754
0.0917520523071289
0.09169912338256836
0.12569880485534668
0.18779492378234863
0.10967350006103516
0.08594083786010742
0.0840463638305664
0.08515310287475586
0.09515976905822754
0.08065629005432129
0.10214996337890625
0.13972020149230957
0.16689705848693848
0.10701251029968262
0.10797619819641113
0.08392190933227539
0.10966086387634277
0.09250831604003906
0.11531829833984375
0.17557001113891602
0.13736581802368164
0.1088566780090332
0.08663439750671387
0.08098173141479492
0.09295082092285156
0.08955121040344238
0.08695292472839355
0.11886358261108398
0.17091107368469238
0.10851216316223145
0.09800028800964355
0.07459068298339844
0.07896924018859863
0.09565281867980957
0.08707404136657715
0.07979178428649902
0.09393787384033203
0.12345361709594727
0.18950414657592773
0.10590434074401855
0.08512449264526367
0.07907342910766602
0.08336663246154785
0.08077263832092285
0.08936166763305664
0.10095453262329102
0.12528729438781738
0.18286919593811035
0.09108257293701172
0.07431411743164062
0.0682981014251709
0.10301446914672852
0.08579444885253906
0.0861668586730957
0.11384701728820801
0.12511444091796875
0.17357468605041504
0.11101555824279785
0.07621979713439941
0.07772135734558105
0.07515883445739746
0.10155391693115234
0.08715009689331055
0.12036514282226562
0.1726534366607666
0.14238309860229492
0.09789156913757324
0.08214688301086426
0.06768274307250977
0.09187674522399902
0.08090996742248535
0.09555459022521973
0.13097643852233887
0.17947173118591309
0.1177985668182373
0.08237123489379883
0.07154226303100586
0.06968498229980469
0.09758543968200684
0.08201265335083008
0.1099100112915039
0.11398863792419434
0.17699766159057617
0.09647488594055176
0.08415913581848145
0.08131599426269531
0.0821232795715332
0.09385013580322266
0.09388494491577148
0.08116292953491211
0.11943292617797852
0.14899778366088867
0.15352225303649902
0.09591937065124512
0.07271122932434082
0.06995606422424316
0.09561991691589355
0.09498858451843262
0.09193849563598633
0.12720227241516113
0.20088410377502441
0.08484506607055664
0.09658956527709961
0.0800771713256836
0.0887751579284668
0.08293890953063965
0.07355928421020508
0.1217045783996582
0.14641833305358887
0.1438899040222168
0.1006009578704834
0.0774240493774414
0.08540463447570801
0.09233856201171875
0.08287358283996582
0.07693886756896973
0.16960573196411133
0.1979827880859375
0.09419560432434082
0.09624242782592773
0.07778072357177734
0.0891122817993164
0.07979536056518555
0.08044314384460449
0.1077582836151123
0.2158346176147461
0.11005234718322754
0.07958436012268066
0.07487344741821289
0.0760505199432373
0.09778928756713867
0.08183598518371582
0.10025525093078613
0.11915802955627441
0.204939603805542
0.12541484832763672
0.09303474426269531
0.07909297943115234
0.08112668991088867
0.10719060897827148
0.07847142219543457
0.1004173755645752
0.13725757598876953
0.2058858871459961
0.08841729164123535
0.07800459861755371
0.07446599006652832
0.07789921760559082
0.09470343589782715
0.08066415786743164
0.11261796951293945
0.15700006484985352
0.16972041130065918
0.10682845115661621
0.06000018119812012
0.05907893180847168
0.06043887138366699
0.06116533279418945
0.06041765213012695
0.06053733825683594
0.061315298080444336
0.07497358322143555
0.06715011596679688
0.08767080307006836
0.08223342895507812
0.06884908676147461
0.051100969314575195
0.05116462707519531
0.054605722427368164
0.06471133232116699
0.09824228286743164
0.08534836769104004
0.07749438285827637
0.05894923210144043
0.059227943420410156
0.06390166282653809
0.09297704696655273
0.08381056785583496
0.06873965263366699
0.06610989570617676
0.07193565368652344
0.06812405586242676
0.09082770347595215
0.07379388809204102
0.07239270210266113
0.062393903732299805
0.060710906982421875
0.06614089012145996
0.10263848304748535
0.07961130142211914
0.08004117012023926
0.06013774871826172
0.06209540367126465
0.06727433204650879
0.08901166915893555
0.07775020599365234
0.0714578628540039
0.06647205352783203
0.06818652153015137
0.08893203735351562
0.07543396949768066
0.07284712791442871
0.06097149848937988
0.059735774993896484
0.05942392349243164
0.05826592445373535
0.06602692604064941
0.06099247932434082
0.06000494956970215
0.05786395072937012
0.057439327239990234
0.060321807861328125
0.06011033058166504
0.05754351615905762
0.05231332778930664
0.05534195899963379
0.05202221870422363
0.049736976623535156
0.05530118942260742
0.059595584869384766
0.049310922622680664
0.05072283744812012
0.05067586898803711
0.05735945701599121
0.05831408500671387
0.0495452880859375
0.05099773406982422
0.05027961730957031
0.04859519004821777
0.04842185974121094
0.04855775833129883
0.0483250617980957
0.047536611557006836
0.05392599105834961
0.04854750633239746
0.05102849006652832
0.051152706146240234
0.05069708824157715
0.04936790466308594
0.0528562068939209
0.05916428565979004
0.05085325241088867
0.054114341735839844
0.0491640567779541
0.05004692077636719
0.04750227928161621
0.05390048027038574
0.047727346420288086
0.0570371150970459
0.05117344856262207
0.048499345779418945
0.05437827110290527
0.04992556571960449
0.04947066307067871
0.048741817474365234
0.04893207550048828
0.04864215850830078
0.048623085021972656
0.04843783378601074
0.04940533638000488
0.05617928504943848
0.05004286766052246
0.04955935478210449
0.049295663833618164
0.04838275909423828
0.049570560455322266
0.04961800575256348
0.0587000846862793
0.05609583854675293
0.05556154251098633
0.04961967468261719
0.05263710021972656
0.05107283592224121
0.048793792724609375
0.04881429672241211
0.04879593849182129
0.05043959617614746
0.05123281478881836
0.06071639060974121
0.05058622360229492
0.049178123474121094
0.04909086227416992
0.04883217811584473
0.04837179183959961
0.047982215881347656
0.048491477966308594
0.049542903900146484
0.06348872184753418
0.05042695999145508
0.051007747650146484
0.04981422424316406
0.052194833755493164
0.05434918403625488
0.050928592681884766
0.054776668548583984
0.05330300331115723
0.05763649940490723
0.057068824768066406
0.04953455924987793
0.04859209060668945
0.04859614372253418
0.05384039878845215
0.04814934730529785
0.04825019836425781
0.05385446548461914
0.06358623504638672
0.05196833610534668
0.04927420616149902
0.04864025115966797
0.048711538314819336
0.04870772361755371
0.05435371398925781
0.04859185218811035
0.04847836494445801
0.06411981582641602
0.05006527900695801
0.049160003662109375
0.04903388023376465
0.05312633514404297
0.0497288703918457
0.06016278266906738
0.05349135398864746
0.048866987228393555
0.0636439323425293
0.05824899673461914
0.05002880096435547
0.04918932914733887
0.04891777038574219
0.06337904930114746
0.05534720420837402
0.04848361015319824
0.05454063415527344
0.055554866790771484
0.0520176887512207
0.04962277412414551
0.04923725128173828
0.048558712005615234
0.048586130142211914
0.048641204833984375
0.04865694046020508
0.04893922805786133
0.06034660339355469
0.056070566177368164
0.04908275604248047
0.047986745834350586
0.0488123893737793
0.056591033935546875
0.05635881423950195
0.04794621467590332
0.05627894401550293
0.053867340087890625
0.0493159294128418
0.04890108108520508
0.04892158508300781
0.047842979431152344
0.048226356506347656
0.04861116409301758
0.048662662506103516
0.04774141311645508
0.06347155570983887
0.05008101463317871
0.05108189582824707
0.04804635047912598
0.047832489013671875
0.05669593811035156
0.049041748046875
0.04863572120666504
0.04874396324157715
0.05435037612915039
0.04996085166931152
0.05509805679321289
0.048706769943237305
0.05048251152038574
0.04805707931518555
0.048917293548583984
0.04750490188598633
0.04845690727233887
0.05353069305419922
0.049503326416015625
0.05157923698425293
0.048513174057006836
0.05576515197753906
0.04850006103515625
0.049170732498168945
0.05116581916809082
0.05396533012390137
0.05569052696228027
0.05077075958251953
0.057708740234375
0.04918384552001953
0.05748462677001953
0.05853843688964844
0.04909372329711914
0.048675537109375
0.050421714782714844
0.0565798282623291
0.05488419532775879
0.04965519905090332
0.04885530471801758
0.04835224151611328
0.0575411319732666
0.04969191551208496
0.04896903038024902
0.05014491081237793
0.054996490478515625
0.0499272346496582
0.04958057403564453
0.04941844940185547
0.04839062690734863
0.04981422424316406
0.0573582649230957
0.05137228965759277
0.04883432388305664
0.05709362030029297
0.05023932456970215
0.049457550048828125
0.04945945739746094
0.05536079406738281
0.04908394813537598
0.048787593841552734
0.04994630813598633
0.057706356048583984
0.056081295013427734
0.04968118667602539
0.05300760269165039
0.04961419105529785
0.053922414779663086
0.049260854721069336
0.056485891342163086
0.04882550239562988
0.04887127876281738
0.05475211143493652
0.053879499435424805
0.04957079887390137
0.049706220626831055
0.04896426200866699
0.04865431785583496
0.05428433418273926
0.04853677749633789
0.048682212829589844
0.05489826202392578
0.04976320266723633
0.04929947853088379
0.04919171333312988
0.04840230941772461
0.0492556095123291
0.05725216865539551
0.059642791748046875
0.04947209358215332
0.054210662841796875
0.05397772789001465
0.04959845542907715
0.048597097396850586
0.04842042922973633
0.04876279830932617
0.04912924766540527
0.05762052536010742
0.05167746543884277
0.060460567474365234
0.0495600700378418
0.04935717582702637
0.04930758476257324
0.04913020133972168
0.04905438423156738
0.049603939056396484
0.05048418045043945
0.04882931709289551
0.054462432861328125
0.049600839614868164
0.0494234561920166
0.04912447929382324
0.04890012741088867
0.04914355278015137
0.048162221908569336
0.04873394966125488
0.04836249351501465
0.0537409782409668
0.05492734909057617
0.05963397026062012
0.047731637954711914
0.04957938194274902
0.049677133560180664
0.04837632179260254
0.05916190147399902
0.04856991767883301
0.0567626953125
0.04956173896789551
0.04892373085021973
0.05137944221496582
0.047699928283691406
0.04982137680053711
0.04728126525878906
0.04970073699951172
0.04754519462585449
0.054114341735839844
0.05473446846008301
0.048407793045043945
0.04839634895324707
0.04787707328796387
0.04864001274108887
0.0630795955657959
0.05614972114562988
0.05373525619506836
0.05347776412963867
0.054730892181396484
0.04991507530212402
0.05377316474914551
0.04851055145263672
0.057704925537109375
0.05090212821960449
0.0536196231842041
0.04767179489135742
0.05516958236694336
0.05157613754272461
0.04895424842834473
0.05386614799499512
0.047937870025634766
0.05780911445617676
0.05453157424926758
0.04829525947570801
0.04731893539428711
0.05620455741882324
0.048323869705200195
0.05083274841308594
0.048409223556518555
0.04835152626037598
0.048662424087524414
0.05391407012939453
0.049495697021484375
0.05089592933654785
0.054320573806762695
0.0498659610748291
0.054627418518066406
0.054505348205566406
0.04890179634094238
0.05416083335876465
0.04847574234008789
0.048905372619628906
0.04865264892578125
0.05442047119140625
0.049994707107543945
0.04912519454956055
0.04951000213623047
0.051367759704589844
0.04899883270263672
0.048560142517089844
0.05181264877319336
0.053957223892211914
0.05530095100402832
0.049753427505493164
0.05893230438232422
0.04890751838684082
0.048773765563964844
0.048070669174194336
0.048477888107299805
0.058107614517211914
0.048972368240356445
0.06228494644165039
0.050286054611206055
0.04954242706298828
0.04955768585205078
0.049204349517822266
0.04862833023071289
0.04848980903625488
0.048017263412475586
0.04866790771484375
0.06010627746582031
0.04988241195678711
0.04895639419555664
0.04930830001831055
0.06316232681274414
0.050665855407714844
0.048245906829833984
0.048732757568359375
0.04931521415710449
0.055178165435791016
0.05839419364929199
0.04980587959289551
0.048882484436035156
0.05053567886352539
0.04900956153869629
0.05715489387512207
0.04955148696899414
0.0490574836730957
0.06041574478149414
0.05003809928894043
0.05160164833068848
0.04961204528808594
0.04905509948730469
0.048349857330322266
0.05443930625915527
0.04925704002380371
0.04892683029174805
0.055129051208496094
0.05011296272277832
0.05249977111816406
0.05407118797302246
0.05560922622680664
0.05103492736816406
0.04975438117980957
0.04889416694641113
0.05135011672973633
0.05552220344543457
0.05011868476867676
0.04997730255126953
0.05460500717163086
0.049187421798706055
0.049167633056640625
0.04932808876037598
0.04889798164367676
0.0498964786529541
0.05547046661376953
0.05000448226928711
0.058078765869140625
0.06317329406738281
0.06313252449035645
0.04951190948486328
0.06007838249206543
0.050450801849365234
0.049430131912231445
0.05485057830810547
0.055316925048828125
0.05463719367980957
0.049320220947265625
0.050598859786987305
0.05062508583068848
0.05087161064147949
0.048467397689819336
0.05094122886657715
0.05504298210144043
0.04987382888793945
0.04969930648803711
0.050812721252441406
0.05014967918395996
0.05638861656188965
0.06395912170410156
0.06036639213562012
0.060520172119140625
0.08229994773864746
0.07752728462219238
0.07004952430725098
0.09247517585754395
0.11887621879577637
0.18689417839050293
0.12117433547973633
0.08548831939697266
0.09476470947265625
0.07813382148742676
0.09519004821777344
0.07199811935424805
0.08588361740112305
0.12540864944458008
0.17809772491455078
0.11151957511901855
0.09480571746826172
0.08449959754943848
0.11222028732299805
0.09271597862243652
0.08559012413024902
0.1190941333770752
0.1601862907409668
0.10136938095092773
0.09519410133361816
0.07906341552734375
0.07591915130615234
0.10005450248718262
0.08706784248352051
0.0855855941772461
0.11417222023010254
0.17255878448486328
0.12922120094299316
0.09892010688781738
0.06986212730407715
0.07491302490234375
0.11831212043762207
0.08425354957580566
0.09270381927490234
0.12267518043518066
0.17286300659179688
0.09504938125610352
0.09533262252807617
0.0794522762298584
0.08230161666870117
0.10790395736694336
0.08461546897888184
0.13170242309570312
0.19452309608459473
0.13139891624450684
0.09275269508361816
0.0890800952911377
0.08238983154296875
0.07928586006164551
0.08701825141906738
0.1203927993774414
0.14259552955627441
0.15484118461608887
0.11224365234375
0.09642457962036133
0.0751955509185791
0.09286665916442871
0.08691000938415527
0.0955820083618164
0.13513493537902832
0.16756510734558105
0.10381317138671875
0.08182287216186523
0.08226823806762695
0.08341526985168457
0.09932923316955566
0.08087897300720215
0.13587713241577148
0.16698598861694336
0.12656569480895996
0.09842586517333984
0.10474920272827148
0.09083724021911621
0.09845709800720215
0.08022284507751465
0.11305570602416992
0.19091391563415527
0.1425304412841797
0.0869894027709961
0.08009648323059082
0.06481194496154785
0.09335803985595703
0.08433866500854492
0.08062076568603516
0.13207054138183594
0.20755577087402344
0.08936929702758789
0.09074521064758301
0.07854485511779785
0.06397438049316406
0.09198141098022461
0.08145594596862793
0.08634519577026367
0.12604784965515137
0.20283031463623047
0.11823868751525879
0.06938695907592773
0.07449579238891602
0.06983208656311035
0.09158778190612793
0.08795881271362305
0.0775458812713623
0.12290620803833008
0.2036571502685547
0.10029840469360352
0.08446216583251953
0.07379364967346191
0.06325268745422363
0.09841084480285645
0.08237123489379883
0.08680129051208496
0.15183138847351074
0.18868112564086914
0.1116795539855957
0.07142400741577148
0.07214021682739258
0.09308362007141113
0.09413647651672363
0.08539628982543945
0.13188457489013672
0.15632224082946777
0.12530231475830078
0.09969735145568848
0.10019421577453613
0.09489941596984863
0.09389710426330566
0.07989120483398438
0.12573504447937012
0.1283872127532959
0.1395270824432373
0.11678147315979004
0.09436249732971191
0.06456542015075684
0.09489250183105469
0.09747195243835449
0.0895535945892334
0.14925551414489746
0.16921257972717285
0.11121678352355957
0.08738088607788086
0.07591700553894043
0.08760523796081543
0.0820155143737793
0.07752585411071777
0.12017655372619629
0.1533064842224121
0.13276171684265137
0.1108236312866211
0.0874788761138916
0.08226704597473145
0.09861969947814941
0.08903074264526367
0.11827492713928223
0.15640687942504883
0.13089537620544434
0.09371280670166016
0.0790717601776123
0.12059235572814941
0.09394693374633789
0.10145211219787598
0.14696049690246582
0.1925055980682373
0.08142733573913574
0.0913541316986084
0.07642316818237305
0.07416605949401855
0.1000819206237793
0.08523225784301758
0.10234379768371582
0.13105010986328125
0.19256377220153809
0.10695672035217285
0.06989336013793945
0.07433867454528809
0.09698081016540527
0.10414242744445801
0.08426666259765625
0.10642623901367188
0.15441083908081055
0.13053536415100098
0.09292268753051758
0.0856320858001709
0.07353663444519043
0.08100032806396484
0.09265875816345215
0.08191561698913574
0.10704636573791504
0.14029598236083984
0.16937565803527832
0.11176586151123047
0.06675434112548828
0.0714559555053711
0.08561563491821289
0.11343502998352051
0.08130311965942383
0.12852859497070312
0.1836843490600586
0.09305810928344727
0.0728464126586914
0.08872008323669434
0.07666420936584473
0.09929752349853516
0.09483098983764648
0.08176732063293457
0.12927842140197754
0.19899678230285645
0.06838536262512207
0.11505389213562012
0.07468914985656738
0.08268857002258301
0.10374665260314941
0.0973806381225586
0.11166906356811523
0.135223388671875
0.16347646713256836
0.10022616386413574
0.09085321426391602
0.07029914855957031
0.08584070205688477
0.08333826065063477
0.09324455261230469
0.11499643325805664
0.15543842315673828
0.12126588821411133
0.10228514671325684
0.07747101783752441
0.07115602493286133
0.0971527099609375
0.08012127876281738
0.09860038757324219
0.1432502269744873
0.19734430313110352
0.09385395050048828
0.09945416450500488
0.08079242706298828
0.10438942909240723
0.08521509170532227
0.08412456512451172
0.1552431583404541
0.17786574363708496
0.09002280235290527
0.08859848976135254
0.07781004905700684
0.07346463203430176
0.09570574760437012
0.08746838569641113
0.1021738052368164
0.16545581817626953
0.15845298767089844
0.10191512107849121
0.07298755645751953
0.060390472412109375
0.07235264778137207
0.06812715530395508
0.062415361404418945
0.06175374984741211
0.06957197189331055
0.0655980110168457
0.06599283218383789
0.06596994400024414
0.09580421447753906
0.07466411590576172
0.06071352958679199
0.05821824073791504
0.0597531795501709
0.0710301399230957
0.0924832820892334
0.08278346061706543
0.07607293128967285
0.060278892517089844
0.06032276153564453
0.08166122436523438
0.08844447135925293
0.07429027557373047
0.07843208312988281
0.06495809555053711
0.06597399711608887
0.08762907981872559
0.07657146453857422
0.07132196426391602
0.06048893928527832
0.060895442962646484
0.0670773983001709
0.08432650566101074
0.08585357666015625
0.0736989974975586
0.06812024116516113
0.058986663818359375
0.06492090225219727
0.07219839096069336
0.07983875274658203
0.07642126083374023
0.07708954811096191
0.060148000717163086
0.06416034698486328
0.06597781181335449
0.08553099632263184
0.07727408409118652
0.07294440269470215
0.06054568290710449
0.05886960029602051
0.0650935173034668
0.0498051643371582
0.04976820945739746
0.04954051971435547
0.048749446868896484
0.0483555793762207
0.061809539794921875
0.049776315689086914
0.04863381385803223
0.06457901000976562
0.05063056945800781
0.058852195739746094
0.058156490325927734
0.06095695495605469
0.05783700942993164
0.05760622024536133
0.05471324920654297
0.051018714904785156
0.05569887161254883
0.0644381046295166
0.05912160873413086
0.05151486396789551
0.05046248435974121
0.0572667121887207
0.049306392669677734
0.05451655387878418
0.05028486251831055
0.054747819900512695
0.06413412094116211
0.0506291389465332
0.054598331451416016
0.04938554763793945
0.06337904930114746
0.05170273780822754
0.04845762252807617
0.0546112060546875
0.06380176544189453
0.05869555473327637
0.05845355987548828
0.04909873008728027
0.0573117733001709
0.05120491981506348
0.04919600486755371
0.05341315269470215
0.05374550819396973
0.05555224418640137
0.05011153221130371
0.049429893493652344
0.04941582679748535
0.04859781265258789
0.05453348159790039
0.054162025451660156
0.04920029640197754
0.04877471923828125
0.05921745300292969
0.04971432685852051
0.04941844940185547
0.04966855049133301
0.048441171646118164
0.05840754508972168
0.05299735069274902
0.048932552337646484
0.04924416542053223
0.05536818504333496
0.06128191947937012
0.056502342224121094
0.05810976028442383
0.05083823204040527
0.056288719177246094
0.05409979820251465
0.05184149742126465
0.050870656967163086
0.05723237991333008
0.05239534378051758
0.057344913482666016
0.051653385162353516
0.05418038368225098
0.05045294761657715
0.05092644691467285
0.05176973342895508
0.04957103729248047
0.0629725456237793
0.052633047103881836
0.0540008544921875
0.05223560333251953
0.05739140510559082
0.051192283630371094
0.04903745651245117
0.05156517028808594
0.050900936126708984
0.056427001953125
0.05527448654174805
0.05245828628540039
0.050928592681884766
0.05119037628173828
0.050414323806762695
0.05452680587768555
0.051035404205322266
0.05745363235473633
0.06144857406616211
0.04933786392211914
0.04880332946777344
0.05288815498352051
0.050904035568237305
0.0568537712097168
0.05125880241394043
0.05096316337585449
0.05135345458984375
0.05700111389160156
0.05259871482849121
0.05921006202697754
0.05104804039001465
0.05503726005554199
0.049715518951416016
0.05132269859313965
0.051465749740600586
0.05180764198303223
0.05528092384338379
0.053941965103149414
0.05025076866149902
0.05080223083496094
0.05536317825317383
0.05386781692504883
0.049920082092285156
0.049085378646850586
0.049782752990722656
0.05700850486755371
0.0521237850189209
0.05185747146606445
0.05168485641479492
0.04961204528808594
0.05164289474487305
0.04940676689147949
0.04906821250915527
0.04973483085632324
0.05554676055908203
0.05851483345031738
0.05189085006713867
0.04890131950378418
0.04920482635498047
0.06311631202697754
0.04926347732543945
0.05300402641296387
0.04896688461303711
0.06023240089416504
0.05000567436218262
0.05607318878173828
0.04983186721801758
0.04935002326965332
0.051557302474975586
0.055460214614868164
0.04882454872131348
0.05134892463684082
0.0571749210357666
0.05233192443847656
0.05082058906555176
0.051882266998291016
0.05024862289428711
0.051520347595214844
0.051352500915527344
0.056116580963134766
0.05099678039550781
0.05814075469970703
0.05153346061706543
0.04974651336669922
0.04809284210205078
0.04819226264953613
0.04849696159362793
0.0513310432434082
0.050572872161865234
0.05097341537475586
0.05667233467102051
0.05158710479736328
0.048189401626586914
0.049292802810668945
0.055881500244140625
0.05115985870361328
0.048291683197021484
0.04798436164855957
0.04814600944519043
0.055051326751708984
0.05000424385070801
0.049393415451049805
0.049126625061035156
0.04935026168823242
0.049068450927734375
0.0485987663269043
0.04839348793029785
0.04915022850036621
0.05471634864807129
0.46015501022338867
0.05538320541381836
0.05451035499572754
0.05959486961364746
0.06473231315612793
0.05743241310119629
0.06021285057067871
0.056844472885131836
0.0572054386138916
0.061424970626831055
0.054755210876464844
0.06399393081665039
0.06095409393310547
0.0557093620300293
0.0555267333984375
0.05557823181152344
0.05512595176696777
0.05552530288696289
0.06177091598510742
0.0553133487701416
0.05683565139770508
0.05629682540893555
0.05535435676574707
0.05508780479431152
0.06190180778503418
0.05559897422790527
0.055306434631347656
0.06167292594909668
0.05448031425476074
0.0607600212097168
0.056310415267944336
0.05517768859863281
0.055121421813964844
0.06985592842102051
0.05604839324951172
0.05483198165893555
0.06349682807922363
0.06568741798400879
0.06272125244140625
0.05577731132507324
0.054511308670043945
0.05922341346740723
0.05725502967834473
0.05510234832763672
0.0546112060546875
0.06090855598449707
0.05380964279174805
0.05300545692443848
0.054451942443847656
0.05486941337585449
0.0544281005859375
0.05333209037780762
0.051102399826049805
0.05123019218444824
0.05855059623718262
0.05247688293457031
0.058542490005493164
0.05225515365600586
0.05182480812072754
0.05966925621032715
0.05131077766418457
0.05927109718322754
0.05538749694824219
0.06850314140319824
0.051404476165771484
0.051149845123291016
0.05616188049316406
0.050258636474609375
0.052614688873291016
0.05983901023864746
0.05700254440307617
0.055356502532958984
0.05740475654602051
0.05013275146484375
0.04990029335021973
0.05023670196533203
0.05301499366760254
0.049887657165527344
0.04834628105163574
0.05590677261352539
0.04963374137878418
0.06308126449584961
0.05232977867126465
0.04971742630004883
0.05012178421020508
0.05008745193481445
0.04951310157775879
0.04923653602600098
0.04880023002624512
0.04944038391113281
0.060606956481933594
0.050040483474731445
0.05515885353088379
0.04984784126281738
0.057523250579833984
0.05199575424194336
0.05153322219848633
0.05190563201904297
0.05826163291931152
0.05669355392456055
0.0498652458190918
0.0495600700378418
0.05575919151306152
0.0500340461730957
0.05156707763671875
0.049814462661743164
0.04906201362609863
0.051938772201538086
0.05762958526611328
0.052434682846069336
0.04945707321166992
0.0496220588684082
0.04932761192321777
0.04916858673095703
0.04941415786743164
0.04961657524108887
0.05469489097595215
0.05996108055114746
0.051869869232177734
0.05171966552734375
0.05614829063415527
0.05134153366088867
0.05086064338684082
0.0491328239440918
0.048662424087524414
0.04893922805786133
0.05460405349731445
0.05513501167297363
0.04879951477050781
0.04895758628845215
0.0568387508392334
0.049398183822631836
0.05715608596801758
0.051233768463134766
0.04911088943481445
0.05435538291931152
0.05921316146850586
0.0573883056640625
0.049880027770996094
0.05643320083618164
0.04826807975769043
0.04843544960021973
0.04846668243408203
0.048424720764160156
0.05468487739562988
0.04974174499511719
0.048886775970458984
0.056017398834228516
0.04781222343444824
0.04752063751220703
0.048975467681884766
0.048887014389038086
0.04964756965637207
0.05515933036804199
0.049874067306518555
0.04953813552856445
0.04902935028076172
0.04895591735839844
0.048897504806518555
0.04890322685241699
0.049302101135253906
0.04931902885437012
0.06057024002075195
0.049788713455200195
0.04921102523803711
0.04895162582397461
0.04875946044921875
0.05024003982543945
0.057730913162231445
0.049465179443359375
0.04861903190612793
0.054715871810913086
0.05045795440673828
0.04974722862243652
0.05707907676696777
0.0484471321105957
0.04821062088012695
0.057019948959350586
0.05115079879760742
0.05010104179382324
0.053734540939331055
0.049688100814819336
0.04940366744995117
0.050768136978149414
0.051326751708984375
0.04918932914733887
0.049144744873046875
0.048892974853515625
0.05759859085083008
0.05832409858703613
0.05016326904296875
0.05014371871948242
0.05044865608215332
0.04888439178466797
0.04846358299255371
0.05112648010253906
0.048719167709350586
0.04853177070617676
0.056487083435058594
0.049616336822509766
0.05461239814758301
0.04877591133117676
0.04885435104370117
0.049215078353881836
0.04865741729736328
0.04827070236206055
0.05432271957397461
0.05412149429321289
0.050170183181762695
0.04922890663146973
0.04928946495056152
0.048403263092041016
0.04910588264465332
0.04851388931274414
0.04842185974121094
0.06031441688537598
0.07751893997192383
0.06182241439819336
0.07304143905639648
0.08239436149597168
0.08150649070739746
0.0723257064819336
0.05810070037841797
0.08797168731689453
0.12130880355834961
0.19014596939086914
0.09020423889160156
0.08602666854858398
0.08242321014404297
0.08056378364562988
0.09473896026611328
0.08316922187805176
0.10010528564453125
0.1498260498046875
0.1768355369567871
0.10122895240783691
0.0806128978729248
0.07556867599487305
0.0927579402923584
0.0891416072845459
0.08636927604675293
0.10003256797790527
0.12704706192016602
0.19614076614379883
0.12045764923095703
0.09108757972717285
0.07084393501281738
0.0902867317199707
0.07903337478637695
0.08147096633911133
0.11429047584533691
0.15815973281860352
0.13278770446777344
0.09164071083068848
0.07723498344421387
0.11337637901306152
0.09600305557250977
0.08815503120422363
0.10158348083496094
0.14058828353881836
0.1510331630706787
0.10842704772949219
0.0827629566192627
0.07444882392883301
0.08766055107116699
0.08736562728881836
0.07637882232666016
0.11183428764343262
0.13648462295532227
0.16173863410949707
0.11148524284362793
0.08826732635498047
0.08244585990905762
0.0843358039855957
0.08801484107971191
0.07238531112670898
0.12279033660888672
0.1624128818511963
0.09882712364196777
0.12154817581176758
0.07252335548400879
0.08646631240844727
0.09411358833312988
0.08451080322265625
0.10734033584594727
0.15500140190124512
0.14513587951660156
0.10296177864074707
0.08877038955688477
0.07291579246520996
0.08991599082946777
0.09447407722473145
0.06970548629760742
0.10919547080993652
0.13511061668395996
0.14960145950317383
0.08793926239013672
0.09347105026245117
0.08125662803649902
0.09641289710998535
0.08838629722595215
0.07540559768676758
0.1277453899383545
0.18132400512695312
0.12284564971923828
0.10388445854187012
0.0751945972442627
0.07306432723999023
0.09381532669067383
0.09962034225463867
0.07335591316223145
0.12655162811279297
0.14263200759887695
0.11121797561645508
0.12323784828186035
0.07929468154907227
0.06158256530761719
0.0923929214477539
0.08323121070861816
0.07950592041015625
0.12009811401367188
0.16498899459838867
0.1254899501800537
0.08538436889648438
0.07995223999023438
0.06804275512695312
0.08917427062988281
0.08576607704162598
0.0826263427734375
0.11600828170776367
0.15277552604675293
0.11756491661071777
0.12627530097961426
0.08946108818054199
0.07058119773864746
0.0881345272064209
0.10373497009277344
0.08976960182189941
0.12924838066101074
0.18706679344177246
0.08987832069396973
0.10871481895446777
0.0887610912322998
0.1024007797241211
0.0819852352142334
0.0729377269744873
0.10039305686950684
0.12786293029785156
0.15693187713623047
0.09552407264709473
0.10364794731140137
0.07977795600891113
0.09873390197753906
0.08670377731323242
0.0916752815246582
0.13535356521606445
0.1530437469482422
0.09551739692687988
0.07798242568969727
0.07131242752075195
0.0942385196685791
0.09641838073730469
0.08827924728393555
0.09201169013977051
0.14592695236206055
0.18296217918395996
0.11056113243103027
0.08073091506958008
0.07889485359191895
0.10075879096984863
0.09042119979858398
0.07654595375061035
0.13160061836242676
0.19849634170532227
0.08835792541503906
0.09673213958740234
0.07605338096618652
0.06702423095703125
0.09452581405639648
0.08168745040893555
0.07849574089050293
0.1148381233215332
0.1517353057861328
0.10775184631347656
0.10936713218688965
0.09678435325622559
0.08009815216064453
0.10160279273986816
0.08605790138244629
0.11478018760681152
0.16423869132995605
0.14631104469299316
0.0802152156829834
0.06896734237670898
0.0720510482788086
0.10275530815124512
0.09907412528991699
0.09807252883911133
0.13791465759277344
0.17629027366638184
0.12031030654907227
0.07282185554504395
0.08172392845153809
0.09180498123168945
0.07549214363098145
0.08837699890136719
0.11146807670593262
0.15227079391479492
0.1323249340057373
0.09781694412231445
0.07433414459228516
0.07830500602722168
0.09880876541137695
0.08468890190124512
0.07530355453491211
0.14152169227600098
0.15741539001464844
0.1183021068572998
0.08504319190979004
0.07643365859985352
0.09032869338989258
0.08196783065795898
0.0801389217376709
0.11142277717590332
0.12144279479980469
0.16424202919006348
0.11204957962036133
0.07808423042297363
0.08138084411621094
0.08350825309753418
0.09282922744750977
0.09384775161743164
0.11939263343811035
0.15710854530334473
0.1300337314605713
0.1030416488647461
0.06899404525756836
0.07428717613220215
0.08812808990478516
0.08888769149780273
0.07482433319091797
0.11538219451904297
0.13955116271972656
0.1469268798828125
0.11245179176330566
0.09446239471435547
0.07327985763549805
0.0926656723022461
0.08318114280700684
0.08920955657958984
0.14888620376586914
0.1797926425933838
0.08663558959960938
0.08431601524353027
0.08457422256469727
0.08525609970092773
0.08229804039001465
0.07712030410766602
0.11416292190551758
0.17288494110107422
0.13816022872924805
0.10915040969848633
0.06752610206604004
0.06502485275268555
0.08830690383911133
0.0903780460357666
0.07525491714477539
0.12376594543457031
0.17557311058044434
0.10326504707336426
0.11648702621459961
0.07455134391784668
0.06367802619934082
0.09519433975219727
0.07916116714477539
0.08391880989074707
0.11717391014099121
0.19539546966552734
