              precision    recall  f1-score   support

           0       0.66      0.99      0.79       237
           1       0.98      1.00      0.99       596
           2       0.95      0.92      0.93       294
           3       0.95      0.80      0.87       311
           4       1.00      0.98      0.99       466
           5       0.89      0.73      0.80       618
           6       0.92      0.95      0.93       242
           7       0.92      0.97      0.94       655

    accuracy                           0.91      3419
   macro avg       0.91      0.92      0.91      3419
weighted avg       0.92      0.91      0.91      3419

