0.3549377918243408
0.07750916481018066
0.06891059875488281
0.0554964542388916
0.05908703804016113
0.04943060874938965
0.047206878662109375
0.05234646797180176
0.04882049560546875
0.04452848434448242
0.04422926902770996
0.048453330993652344
0.052077531814575195
0.05215001106262207
0.05145883560180664
0.04396820068359375
0.04424858093261719
0.04390597343444824
0.048528432846069336
0.044086456298828125
0.04828763008117676
0.044216156005859375
0.044265031814575195
0.046445608139038086
0.04607033729553223
0.04681825637817383
0.04609036445617676
0.04405093193054199
0.04382133483886719
0.048697710037231445
0.05248570442199707
0.046980857849121094
0.04383587837219238
0.04325556755065918
0.04410290718078613
0.05185651779174805
0.04353022575378418
0.04445075988769531
0.04884815216064453
0.04446840286254883
0.044623613357543945
0.05187273025512695
0.04382920265197754
0.04381966590881348
0.04436230659484863
0.04450035095214844
0.04448199272155762
0.04938817024230957
0.04487204551696777
0.0448300838470459
0.04445075988769531
0.04434990882873535
0.044465065002441406
0.04383587837219238
0.04394793510437012
0.04520106315612793
0.04863595962524414
0.04432535171508789
0.045244693756103516
0.04437756538391113
0.04454326629638672
0.044651031494140625
0.04426932334899902
0.04416847229003906
0.05136847496032715
0.048429012298583984
0.04411053657531738
0.04478144645690918
0.04386639595031738
0.04383444786071777
0.04354691505432129
0.05127382278442383
0.043822288513183594
0.04481220245361328
0.04874730110168457
0.044096946716308594
0.04434561729431152
0.05018448829650879
0.044019222259521484
0.04432106018066406
0.04374217987060547
0.04379916191101074
0.04480767250061035
0.048883914947509766
0.04502677917480469
0.05248856544494629
0.044439077377319336
0.04371476173400879
0.04403090476989746
0.044298410415649414
0.044946908950805664
0.05109000205993652
0.057528018951416016
0.052939653396606445
0.04541158676147461
0.04407691955566406
0.06542134284973145
0.04462313652038574
0.049160003662109375
0.04458117485046387
0.04425501823425293
0.0496060848236084
0.04520702362060547
0.044591426849365234
0.04411721229553223
0.044484615325927734
0.043889760971069336
0.04393172264099121
0.04410696029663086
0.04391646385192871
0.049257755279541016
0.045142412185668945
0.04446864128112793
0.051354169845581055
0.05125284194946289
0.044198036193847656
0.04333639144897461
0.04449295997619629
0.04455733299255371
0.0487363338470459
0.04500913619995117
0.043961286544799805
0.04400229454040527
0.04350018501281738
0.04381418228149414
0.051642656326293945
0.04752159118652344
0.043592214584350586
0.04860711097717285
0.04518914222717285
0.051915645599365234
0.043821096420288086
0.044097900390625
0.044261932373046875
0.04330039024353027
0.04393196105957031
0.04390239715576172
0.048659324645996094
0.04405689239501953
0.043814659118652344
0.043660640716552734
0.043498992919921875
0.04385042190551758
0.04384279251098633
0.043092966079711914
0.04411125183105469
0.04896283149719238
0.04548454284667969
0.044713735580444336
0.043625593185424805
0.04426097869873047
0.044472455978393555
0.04381585121154785
0.04404950141906738
0.04420828819274902
0.04927349090576172
0.04471087455749512
0.044347286224365234
0.04374408721923828
0.04377317428588867
0.04370713233947754
0.04370474815368652
0.04440617561340332
0.044263362884521484
0.06017756462097168
0.0527348518371582
0.047147274017333984
0.04679417610168457
0.0465848445892334
0.05107593536376953
0.04645872116088867
0.044321537017822266
0.0433347225189209
0.04853558540344238
0.047575950622558594
0.04439878463745117
0.05132150650024414
0.04806709289550781
0.043709754943847656
0.043169498443603516
0.04342174530029297
0.043363094329833984
0.0494534969329834
0.044387102127075195
0.043793439865112305
0.04364442825317383
0.043882131576538086
0.04378914833068848
0.04325270652770996
0.04355764389038086
0.042909860610961914
0.04855012893676758
0.044260263442993164
0.044547080993652344
0.04382896423339844
0.04312396049499512
0.043404340744018555
0.043210506439208984
0.0434260368347168
0.042728424072265625
0.04872846603393555
0.044191837310791016
0.04368424415588379
0.04369306564331055
0.04319429397583008
0.04352211952209473
0.04308056831359863
0.043212890625
0.04344654083251953
0.04825997352600098
0.04428601264953613
0.044046878814697266
0.04358363151550293
0.0516815185546875
0.04329657554626465
0.04313516616821289
0.04365968704223633
0.04333186149597168
0.04897594451904297
0.04463028907775879
0.044315338134765625
0.05164146423339844
0.04861569404602051
0.04362940788269043
0.04278564453125
0.04288887977600098
0.043283700942993164
0.048514366149902344
0.044388771057128906
0.043767452239990234
0.04353642463684082
0.04367661476135254
0.04336047172546387
0.043192386627197266
0.04359602928161621
0.043474674224853516
0.0582890510559082
0.0447232723236084
0.04397940635681152
0.04421234130859375
0.04336881637573242
0.04404044151306152
0.04382205009460449
0.043519020080566406
0.050620079040527344
0.048705339431762695
0.0444025993347168
0.04478597640991211
0.04477524757385254
0.04329037666320801
0.043103933334350586
0.04362964630126953
0.043237924575805664
0.04432249069213867
0.04839944839477539
0.04445147514343262
0.04383230209350586
0.04370713233947754
0.04377555847167969
0.04386138916015625
0.04294562339782715
0.04308676719665527
0.04413962364196777
0.04807424545288086
0.04384303092956543
0.04393362998962402
0.05359840393066406
0.04573988914489746
0.045795440673828125
0.045412540435791016
0.045469045639038086
0.04658007621765137
0.05015754699707031
0.04600214958190918
0.04617428779602051
0.0436854362487793
0.04401803016662598
0.04384112358093262
0.05069112777709961
0.04339885711669922
0.0444490909576416
0.0481264591217041
0.044306039810180664
0.04378104209899902
0.0439000129699707
0.04384469985961914
0.05185127258300781
0.05246996879577637
0.0436708927154541
0.043981313705444336
0.04850602149963379
0.0515446662902832
0.04477572441101074
0.043703317642211914
0.04333019256591797
0.04339337348937988
0.04308938980102539
0.042760372161865234
0.04419231414794922
0.055577754974365234
0.04354095458984375
0.04350686073303223
0.04334139823913574
0.04351091384887695
0.04306745529174805
0.04336237907409668
0.04323005676269531
0.0441439151763916
0.048645973205566406
0.04374098777770996
0.051543474197387695
0.04294276237487793
0.043373823165893555
0.045110464096069336
0.047702789306640625
0.04330253601074219
0.04401683807373047
0.04810070991516113
0.04409599304199219
0.04317617416381836
0.04313087463378906
0.04350018501281738
0.042554378509521484
0.042768239974975586
0.04335951805114746
0.042836666107177734
0.047135353088378906
0.04343867301940918
0.04373741149902344
0.04370760917663574
0.04373788833618164
0.043834686279296875
0.04381608963012695
0.043923377990722656
0.04381370544433594
0.04844856262207031
0.05117177963256836
0.04782414436340332
0.043816566467285156
0.04389214515686035
0.043318748474121094
0.04364418983459473
0.044180870056152344
0.04420065879821777
0.04845380783081055
0.0441594123840332
0.04449653625488281
0.04385662078857422
0.04371213912963867
0.04360842704772949
0.04399919509887695
0.04399514198303223
0.044210195541381836
0.048711299896240234
0.044123172760009766
0.04437732696533203
0.04412031173706055
0.04371142387390137
0.04370617866516113
0.043210744857788086
0.04368996620178223
0.04373478889465332
0.056971073150634766
0.0456385612487793
0.0436253547668457
0.0436861515045166
0.04306840896606445
0.043788909912109375
0.04357504844665527
0.043474435806274414
0.044371843338012695
0.048837900161743164
0.04459428787231445
0.044029951095581055
0.04393172264099121
0.043456315994262695
0.04415297508239746
0.04367327690124512
0.0436711311340332
0.04403400421142578
0.048905372619628906
0.043706655502319336
0.04337573051452637
0.0433962345123291
0.043707847595214844
0.043628692626953125
0.04390907287597656
0.0433650016784668
0.04391908645629883
0.04847073554992676
0.04457736015319824
0.04950261116027832
0.04571843147277832
0.04362845420837402
0.04343891143798828
0.04355502128601074
0.04315590858459473
0.043665409088134766
0.04869341850280762
0.04438447952270508
0.04411721229553223
0.04436945915222168
0.04374527931213379
0.043814897537231445
0.051727294921875
0.045557498931884766
0.043773651123046875
0.04907083511352539
0.04446864128112793
0.04387545585632324
0.0442812442779541
0.04356861114501953
0.04419064521789551
0.04354739189147949
0.04366922378540039
0.04375767707824707
0.04920601844787598
0.04447746276855469
0.044191837310791016
0.044011831283569336
0.04375743865966797
0.04387688636779785
0.043688297271728516
0.04302358627319336
0.04444313049316406
0.048363685607910156
0.04398012161254883
0.05161023139953613
0.048883676528930664
0.04381060600280762
0.043944358825683594
0.044104814529418945
0.043877601623535156
0.04427623748779297
0.04893970489501953
0.044492483139038086
0.044148921966552734
0.04411005973815918
0.053673505783081055
0.045968055725097656
0.04346466064453125
0.04547262191772461
0.04416179656982422
0.049207448959350586
0.044666290283203125
0.0445556640625
0.044176578521728516
0.04391336441040039
0.0439152717590332
0.04397773742675781
0.043544769287109375
0.044367313385009766
0.056532859802246094
0.044884443283081055
0.04426383972167969
0.044114112854003906
0.04337477684020996
0.04358363151550293
0.044373273849487305
0.043579816818237305
0.0437932014465332
0.048926353454589844
0.0442349910736084
0.04407310485839844
0.04406857490539551
0.04354095458984375
0.04443049430847168
0.04403257369995117
0.0440828800201416
0.04439902305603027
0.048706769943237305
0.04420113563537598
0.04551577568054199
0.05356287956237793
0.05159711837768555
0.04410552978515625
0.04373741149902344
0.04354071617126465
0.0443415641784668
0.04926419258117676
0.044686317443847656
0.04433894157409668
0.044183969497680664
0.043625831604003906
0.04396200180053711
0.05147838592529297
0.04658198356628418
0.04388713836669922
0.04910755157470703
0.04428434371948242
0.04408407211303711
0.04408907890319824
0.0444791316986084
0.04366731643676758
0.04395771026611328
0.044446468353271484
0.04466557502746582
0.04933810234069824
0.04463815689086914
0.04479408264160156
0.04342770576477051
0.043935537338256836
0.044152021408081055
0.04380655288696289
0.04390835762023926
0.04492330551147461
0.04957890510559082
0.044512271881103516
0.043840885162353516
0.04336071014404297
0.04363727569580078
0.04357600212097168
0.043733835220336914
0.04346323013305664
0.04395461082458496
0.049530029296875
0.04491257667541504
0.04459190368652344
0.044002532958984375
0.04342007637023926
0.0440676212310791
0.04365968704223633
0.04319262504577637
0.044767141342163086
0.0585782527923584
0.04496026039123535
0.044586181640625
0.04394340515136719
0.05172467231750488
0.0436251163482666
0.043840646743774414
0.044138431549072266
0.054780006408691406
0.05622386932373047
0.04478335380554199
0.044503211975097656
0.044548749923706055
0.04386591911315918
0.04354548454284668
0.04392528533935547
0.045272111892700195
0.04480123519897461
0.0498507022857666
0.04487442970275879
0.04469752311706543
0.045932769775390625
0.04543924331665039
0.045865774154663086
0.04568910598754883
0.04359173774719238
0.04427146911621094
0.05108141899108887
0.04616379737854004
0.047673702239990234
0.044327497482299805
0.04591059684753418
0.045806884765625
0.04440951347351074
0.04454851150512695
0.0521845817565918
0.049285888671875
0.044661760330200195
0.04491066932678223
0.04466509819030762
0.04399299621582031
0.044595956802368164
0.04406905174255371
0.051468610763549805
0.04495382308959961
0.049251556396484375
0.04455208778381348
0.04409956932067871
0.04362320899963379
0.04320931434631348
0.04503321647644043
0.052164554595947266
0.051991939544677734
0.04486513137817383
0.04889965057373047
0.044747352600097656
0.044390201568603516
0.043761491775512695
0.04396867752075195
0.04465055465698242
0.04422473907470703
0.044634103775024414
0.04591822624206543
0.04968118667602539
0.04469180107116699
0.04447603225708008
0.050659894943237305
0.043962955474853516
0.04404139518737793
0.04781198501586914
0.04442715644836426
0.052336692810058594
0.049581289291381836
0.045041561126708984
0.044121742248535156
0.04401850700378418
0.043645381927490234
0.05128645896911621
0.05159187316894531
0.04373741149902344
0.0528717041015625
0.049282073974609375
0.04471278190612793
0.044419050216674805
0.052075862884521484
0.044060707092285156
0.04378843307495117
0.04700064659118652
0.04450273513793945
0.04441428184509277
0.06020808219909668
0.04801201820373535
0.0468134880065918
0.04597043991088867
0.04579520225524902
0.04624533653259277
0.045922279357910156
0.045436859130859375
0.04645657539367676
0.051548004150390625
0.04722857475280762
0.04631805419921875
0.0462796688079834
0.04604220390319824
0.04558873176574707
0.04584074020385742
0.05082249641418457
0.04767322540283203
0.05641031265258789
0.04695725440979004
0.04639720916748047
0.04603838920593262
0.04626917839050293
0.046766042709350586
0.043787479400634766
0.04400348663330078
0.044835805892944336
0.05136299133300781
0.04711484909057617
0.04674196243286133
0.046216487884521484
0.04582524299621582
0.05237698554992676
0.046466827392578125
0.04434609413146973
0.0467073917388916
0.05167698860168457
0.04650449752807617
0.04622626304626465
0.04577970504760742
0.04405784606933594
0.04463005065917969
0.0442960262298584
0.04419875144958496
0.04458189010620117
0.04904341697692871
0.044565439224243164
0.044564247131347656
0.051466941833496094
0.04335808753967285
0.04400134086608887
0.04383087158203125
0.04419445991516113
0.04545903205871582
0.04890847206115723
0.04442191123962402
0.04447317123413086
0.0436863899230957
0.04398179054260254
0.044317007064819336
0.05137181282043457
0.052127838134765625
0.05005693435668945
0.05772972106933594
0.04455924034118652
0.044638872146606445
0.044313907623291016
0.0459904670715332
0.04395031929016113
0.04408550262451172
0.05087614059448242
0.044448137283325195
0.05660700798034668
0.04403233528137207
0.04381370544433594
0.04363584518432617
0.0433809757232666
0.042983293533325195
0.04401588439941406
0.04306769371032715
0.0440518856048584
0.049140214920043945
0.05180954933166504
0.05220222473144531
0.04560065269470215
0.04366898536682129
0.04395461082458496
0.043424367904663086
0.04336047172546387
0.04411745071411133
0.04902791976928711
0.04386448860168457
0.04391193389892578
0.043860435485839844
0.04339957237243652
0.04360628128051758
0.04342246055603027
0.043874263763427734
0.04625892639160156
0.04904651641845703
0.05147576332092285
0.04425215721130371
0.043480634689331055
0.04358935356140137
0.04379463195800781
0.04445624351501465
0.04331612586975098
0.04432487487792969
0.0489194393157959
0.04422879219055176
0.04549527168273926
0.04336190223693848
0.04365348815917969
0.04375576972961426
0.04282212257385254
0.04342365264892578
0.04383563995361328
0.04953122138977051
0.04462146759033203
0.044173240661621094
0.04352998733520508
0.043878793716430664
0.04375433921813965
0.04433131217956543
0.04367876052856445
0.0448002815246582
0.057797908782958984
0.04438185691833496
0.044207096099853516
0.0434725284576416
0.043773651123046875
0.04468274116516113
0.044054269790649414
0.043720245361328125
0.0440218448638916
0.04990530014038086
0.04462933540344238
0.04448056221008301
0.04426312446594238
0.04391837120056152
0.044069766998291016
0.04356551170349121
0.04419279098510742
0.04480481147766113
0.04938650131225586
0.045037031173706055
0.043973684310913086
0.043837785720825195
0.04349017143249512
0.043633460998535156
0.04365229606628418
0.04400753974914551
0.044922590255737305
0.04956531524658203
0.04460716247558594
0.04458045959472656
0.04398775100708008
0.04382157325744629
0.04445624351501465
0.044714927673339844
0.04438376426696777
0.04435157775878906
0.049584388732910156
0.04453015327453613
0.044568777084350586
0.04461312294006348
0.043741703033447266
0.04460287094116211
0.044281721115112305
0.045633554458618164
0.044625043869018555
0.048664093017578125
0.04479408264160156
0.044528961181640625
0.0439908504486084
0.04409384727478027
0.04435229301452637
0.04417538642883301
0.04316973686218262
0.04442238807678223
0.04925274848937988
0.04470539093017578
0.0443723201751709
0.04379725456237793
0.04327583312988281
0.04373288154602051
0.04369759559631348
0.043526649475097656
0.04450225830078125
0.04914569854736328
0.04493522644042969
0.044101715087890625
0.04405474662780762
0.04361152648925781
0.04364895820617676
0.04385185241699219
0.043433427810668945
0.044799089431762695
0.049056053161621094
0.05210590362548828
0.04428434371948242
0.04363822937011719
0.050015926361083984
0.04383254051208496
0.04381990432739258
0.044324636459350586
0.045131683349609375
0.04955434799194336
0.04451942443847656
0.04479360580444336
0.04408383369445801
0.04428577423095703
0.04335594177246094
0.04367232322692871
0.044492244720458984
0.05219101905822754
0.05063772201538086
0.04484224319458008
0.04449629783630371
0.043913841247558594
0.04421377182006836
0.04441356658935547
0.0437777042388916
0.05416226387023926
0.05215954780578613
0.051702022552490234
0.04599165916442871
0.04598569869995117
0.044057607650756836
0.04427027702331543
0.04558062553405762
0.045758962631225586
0.04382729530334473
0.04514646530151367
0.05671834945678711
0.04478573799133301
0.04915952682495117
0.04345226287841797
0.04343247413635254
0.04339408874511719
0.04277801513671875
0.0430903434753418
0.05165290832519531
0.04904651641845703
0.044022321701049805
0.04468941688537598
0.044107675552368164
0.04323554039001465
0.04423046112060547
0.04424118995666504
0.04335474967956543
0.04372811317443848
0.048273324966430664
0.04471278190612793
0.04478025436401367
0.04401826858520508
0.042859554290771484
0.04390859603881836
0.044310808181762695
0.04419374465942383
0.04398083686828613
0.04981684684753418
0.04405975341796875
0.04388260841369629
0.04369091987609863
0.043195247650146484
0.04334139823913574
0.047774553298950195
0.044486284255981445
0.04474377632141113
0.04966449737548828
0.04488682746887207
0.0447080135345459
0.043898582458496094
0.04425692558288574
0.04408001899719238
0.04390573501586914
0.05091071128845215
0.04427003860473633
0.048880577087402344
0.043904781341552734
0.0440216064453125
0.044504642486572266
0.043373823165893555
0.04356265068054199
0.04296994209289551
0.04345130920410156
0.04530596733093262
0.04947924613952637
0.044594764709472656
0.04491305351257324
0.044577836990356445
0.0439305305480957
0.04436516761779785
0.04384255409240723
0.044361114501953125
0.04491400718688965
0.04989290237426758
0.0524296760559082
0.044554948806762695
0.04407691955566406
0.043390512466430664
0.04428291320800781
0.05140805244445801
0.043656110763549805
0.0442507266998291
0.04897022247314453
0.04404282569885254
0.051635026931762695
0.04785299301147461
0.04379773139953613
0.04409217834472656
0.043355703353881836
0.0435330867767334
0.044429779052734375
0.04919743537902832
0.044542551040649414
0.044175148010253906
0.04330134391784668
0.04318404197692871
0.0439000129699707
0.043965816497802734
0.04292154312133789
0.044571638107299805
0.04934501647949219
0.0442347526550293
0.04402494430541992
0.04320168495178223
0.04361534118652344
0.04384732246398926
0.04330110549926758
0.04328632354736328
0.044408321380615234
0.048943519592285156
0.0439760684967041
0.04407048225402832
0.04419755935668945
0.04304337501525879
0.04394102096557617
0.044101715087890625
0.043912649154663086
0.05246543884277344
0.04929375648498535
0.04503965377807617
0.04463052749633789
0.0442354679107666
0.04392504692077637
0.04373335838317871
0.04348587989807129
0.04367518424987793
0.04465842247009277
0.049399614334106445
0.04469108581542969
0.04443168640136719
0.052170753479003906
0.04384136199951172
0.05156445503234863
0.042973995208740234
0.0434107780456543
0.052599430084228516
0.05749988555908203
0.05178022384643555
0.0440826416015625
0.05175948143005371
0.045426368713378906
0.043823957443237305
0.043250322341918945
0.04393792152404785
0.04437685012817383
0.04928922653198242
0.045113563537597656
0.0445101261138916
0.04401206970214844
0.04382920265197754
0.043805599212646484
0.04400897026062012
0.043677330017089844
0.04509902000427246
0.0485539436340332
0.04410839080810547
0.04447507858276367
0.044307708740234375
0.04369330406188965
0.044892311096191406
0.04375886917114258
0.04348349571228027
0.044797420501708984
0.04928112030029297
0.0447695255279541
0.044559478759765625
0.04481029510498047
0.04385018348693848
0.04379439353942871
0.04343986511230469
0.04365944862365723
0.0442814826965332
0.049257516860961914
0.04448437690734863
0.04500627517700195
0.043888092041015625
0.04360628128051758
0.04411768913269043
0.043725013732910156
0.04323315620422363
0.0444490909576416
0.04937267303466797
0.04487752914428711
0.04475045204162598
0.04389786720275879
0.05127525329589844
0.04401874542236328
0.04355001449584961
0.043853044509887695
0.044561147689819336
0.04934501647949219
0.04499387741088867
0.04478764533996582
0.0521092414855957
0.04412031173706055
0.04318356513977051
0.043630123138427734
0.043604373931884766
0.04437446594238281
0.049074411392211914
0.044754743576049805
0.044147491455078125
0.04344964027404785
0.043573856353759766
0.043480873107910156
0.04360556602478027
0.04326605796813965
0.0439450740814209
0.049217939376831055
0.30898213386535645
0.05010414123535156
0.049800872802734375
0.049968719482421875
0.049665212631225586
0.04950308799743652
0.04967498779296875
0.049442291259765625
0.05004763603210449
0.05560016632080078
0.049466848373413086
0.0489499568939209
0.04968738555908203
0.049221038818359375
0.049253225326538086
0.04983949661254883
0.04959821701049805
0.04924750328063965
0.05607271194458008
0.04930543899536133
0.04926729202270508
0.04950380325317383
0.04982280731201172
0.05697464942932129
0.04917550086975098
0.04980897903442383
0.049671173095703125
0.05573153495788574
0.049341678619384766
0.0493013858795166
0.04936790466308594
0.049021005630493164
0.04962348937988281
0.0490419864654541
0.0492253303527832
0.04874706268310547
0.05527615547180176
0.04863333702087402
0.04884052276611328
0.048795223236083984
0.04872894287109375
0.05773019790649414
0.05700063705444336
0.04837751388549805
0.048377275466918945
0.05471539497375488
0.04841470718383789
0.049053192138671875
0.04898715019226074
0.048552751541137695
0.047646284103393555
0.04779553413391113
0.04739665985107422
0.04848337173461914
0.054787397384643555
0.04826951026916504
0.04795384407043457
0.048331260681152344
0.049234628677368164
0.04885458946228027
0.0486910343170166
0.04819655418395996
0.05443406105041504
0.053137779235839844
0.04727792739868164
0.04812145233154297
0.04773378372192383
0.0461573600769043
0.045714378356933594
0.04554009437561035
0.045163631439208984
0.052362680435180664
0.05189919471740723
0.045952796936035156
0.05309891700744629
0.04461264610290527
0.04453325271606445
0.05188894271850586
0.04690670967102051
0.04444169998168945
0.044464111328125
0.05085563659667969
0.04479193687438965
0.044470787048339844
0.05172085762023926
0.04447221755981445
0.04411125183105469
0.04435896873474121
0.04382014274597168
0.04467964172363281
0.049640655517578125
0.05175495147705078
0.044702768325805664
0.04593539237976074
0.04388737678527832
0.04353141784667969
0.0441737174987793
0.043007612228393555
0.044138431549072266
0.04909873008728027
0.0443120002746582
0.04377388954162598
0.04396319389343262
0.04379677772521973
0.04373526573181152
0.04314088821411133
0.043085336685180664
0.04278993606567383
0.04863691329956055
0.04358816146850586
0.04407978057861328
0.051674604415893555
0.05079817771911621
0.04335355758666992
0.04337286949157715
0.04300856590270996
0.04337620735168457
0.04879403114318848
0.04458737373352051
0.04415750503540039
0.043581485748291016
0.04389190673828125
0.04403233528137207
0.042255401611328125
0.04323530197143555
0.04405546188354492
0.04823446273803711
0.044080495834350586
0.043878793716430664
0.04357337951660156
0.04276466369628906
0.042974233627319336
0.04276466369628906
0.04344987869262695
0.05142784118652344
0.054910898208618164
0.04434394836425781
0.04400753974914551
0.04300689697265625
0.042758941650390625
0.04342222213745117
0.04328131675720215
0.04384446144104004
0.04370474815368652
0.04849529266357422
0.04397892951965332
0.043941497802734375
0.04365181922912598
0.04285430908203125
0.04347729682922363
0.04348134994506836
0.04323625564575195
0.043070077896118164
0.04810023307800293
0.044327735900878906
0.04370594024658203
0.043798208236694336
0.042724609375
0.04378318786621094
0.04390263557434082
0.04362130165100098
0.04357409477233887
0.04888749122619629
0.04452109336853027
0.04448270797729492
0.043952226638793945
0.04315018653869629
0.04377269744873047
0.04366016387939453
0.04352378845214844
0.04362201690673828
0.048485517501831055
0.04493570327758789
0.04452061653137207
0.04343605041503906
0.044553279876708984
0.04419994354248047
0.04392814636230469
0.04310941696166992
0.04385781288146973
0.04875683784484863
0.04458475112915039
0.05129861831665039
0.044521331787109375
0.043500423431396484
0.04340028762817383
0.043648719787597656
0.04402899742126465
0.04393601417541504
0.04874157905578613
0.04470705986022949
0.044066429138183594
0.04392194747924805
0.05091714859008789
0.0437469482421875
0.05077075958251953
0.04396986961364746
0.043744802474975586
0.049154043197631836
0.0445709228515625
0.049465179443359375
0.04389023780822754
0.043289899826049805
0.04430675506591797
0.04444313049316406
0.04404044151306152
0.04338693618774414
0.04833626747131348
0.04394268989562988
0.04388141632080078
0.043390512466430664
0.04298758506774902
0.05139613151550293
0.047055721282958984
0.0437769889831543
0.04400229454040527
0.04798626899719238
0.044336557388305664
0.04415011405944824
0.044000864028930664
0.04308271408081055
0.04366302490234375
0.043203115463256836
0.044692277908325195
0.04388880729675293
0.050079345703125
0.045293569564819336
0.051924705505371094
0.05186915397644043
0.04512667655944824
0.04321742057800293
0.043491363525390625
0.04355907440185547
0.043257713317871094
0.0488431453704834
0.044721126556396484
0.043906211853027344
0.04438614845275879
0.0439906120300293
0.043634653091430664
0.04394650459289551
0.04410147666931152
0.043365478515625
0.048311710357666016
0.044513702392578125
0.044007062911987305
0.043738603591918945
0.04306840896606445
0.043260812759399414
0.04323101043701172
0.04362773895263672
0.044245004653930664
0.04920625686645508
0.04375004768371582
0.043581247329711914
0.04421114921569824
0.043691396713256836
0.04387664794921875
0.04283857345581055
0.04329085350036621
0.04370617866516113
0.04842782020568848
0.04394984245300293
0.04366612434387207
0.043614864349365234
0.043497562408447266
0.043671607971191406
0.04370260238647461
0.04368734359741211
0.04370760917663574
0.04845142364501953
0.04431414604187012
0.04380989074707031
0.044434309005737305
0.043390750885009766
0.044124603271484375
0.04368019104003906
0.043790340423583984
0.044409751892089844
0.04815196990966797
0.04426908493041992
0.043598175048828125
0.05127120018005371
0.0510711669921875
0.044220685958862305
0.0437769889831543
0.04369974136352539
0.04566788673400879
0.04845857620239258
0.04439997673034668
0.04343295097351074
0.04355883598327637
0.04382586479187012
0.04328274726867676
0.04355788230895996
0.04337048530578613
0.04424166679382324
0.04875946044921875
0.043933868408203125
0.043889760971069336
0.04417610168457031
0.04353141784667969
0.04368233680725098
0.04382061958312988
0.04394245147705078
0.04527115821838379
0.04943656921386719
0.044318437576293945
0.0437624454498291
0.04331064224243164
0.04376053810119629
0.04340958595275879
0.04377388954162598
0.04341411590576172
0.04366350173950195
0.048735618591308594
0.04442930221557617
0.04391670227050781
0.0436251163482666
0.042510986328125
0.04331517219543457
0.04380464553833008
0.04307270050048828
0.04324054718017578
0.048126220703125
0.04381084442138672
0.04381227493286133
0.04362797737121582
0.04392743110656738
0.05385017395019531
0.05394721031188965
0.04580378532409668
0.04586958885192871
0.05151772499084473
0.046262264251708984
0.046010732650756836
0.04604029655456543
0.04595065116882324
0.045926809310913086
0.051361083984375
0.04894876480102539
0.046211957931518555
0.056313276290893555
0.04482674598693848
0.044260501861572266
0.04376959800720215
0.04812145233154297
0.04342293739318848
0.043900489807128906
0.050244808197021484
0.04463601112365723
0.049085378646850586
0.04436850547790527
0.044260263442993164
0.043578386306762695
0.04336047172546387
0.043335914611816406
0.04332923889160156
0.04415416717529297
0.04447627067565918
0.04892277717590332
0.04454469680786133
0.04399275779724121
0.04414820671081543
0.0433049201965332
0.04391312599182129
0.04406476020812988
0.04340362548828125
0.04421043395996094
0.04906105995178223
0.04436779022216797
0.04424118995666504
0.05169272422790527
0.04987168312072754
0.043196916580200195
0.04337668418884277
0.04372739791870117
0.04361867904663086
0.04845690727233887
0.04375171661376953
0.043462276458740234
0.05429816246032715
0.04322361946105957
0.04351806640625
0.04320335388183594
0.04325556755065918
0.049141883850097656
0.061829566955566406
0.04729962348937988
0.0460968017578125
0.046558380126953125
0.04359602928161621
0.04269599914550781
0.04624485969543457
0.043720245361328125
0.04636383056640625
0.048650264739990234
0.04681754112243652
0.04356074333190918
0.04424643516540527
0.050781965255737305
0.04370522499084473
0.05192732810974121
0.0438692569732666
0.043338775634765625
0.04811978340148926
0.052321434020996094
0.05007767677307129
0.044136762619018555
0.043532371520996094
0.04409289360046387
0.0439605712890625
0.04378485679626465
0.04416656494140625
0.0491480827331543
0.04436779022216797
0.0438685417175293
0.0438082218170166
0.04249382019042969
0.04364156723022461
0.043291568756103516
0.04397773742675781
0.04386115074157715
0.04907083511352539
0.044809818267822266
0.044640541076660156
0.043897151947021484
0.04355359077453613
0.043494462966918945
0.044246673583984375
0.04354691505432129
0.044005632400512695
0.04858517646789551
0.04417753219604492
0.04379463195800781
0.044525861740112305
0.04433083534240723
0.043183088302612305
0.04368090629577637
0.0429995059967041
0.04322099685668945
0.04880332946777344
0.044638633728027344
0.04452061653137207
0.04441356658935547
0.043236494064331055
0.04354238510131836
0.04402565956115723
0.04394721984863281
0.043669939041137695
0.04951357841491699
0.04465055465698242
0.04358029365539551
0.04342246055603027
0.04292154312133789
0.0439610481262207
0.04330801963806152
0.04325413703918457
0.04418635368347168
0.04908013343811035
0.044203996658325195
0.04410219192504883
0.044152259826660156
0.045916080474853516
0.04491829872131348
0.04404163360595703
0.044065237045288086
0.0433650016784668
0.04958534240722656
0.04407811164855957
0.04411768913269043
0.044261932373046875
0.043010711669921875
0.043820858001708984
0.04397225379943848
0.04288315773010254
0.04367256164550781
0.04844546318054199
0.0439000129699707
0.04322075843811035
0.04343700408935547
0.043261051177978516
0.04323220252990723
0.04398036003112793
0.04390239715576172
0.04346489906311035
0.04861760139465332
0.04437088966369629
0.0438995361328125
0.043566226959228516
0.04300403594970703
0.04406428337097168
0.05190777778625488
0.043846845626831055
0.051229000091552734
0.04948568344116211
0.05258512496948242
0.05035829544067383
0.04368424415588379
0.04358029365539551
0.05404305458068848
0.04349040985107422
0.045953989028930664
0.046166419982910156
0.05143094062805176
0.04664015769958496
0.046213626861572266
0.044036865234375
0.04386568069458008
0.043285369873046875
0.045844078063964844
0.045557260513305664
0.04447007179260254
0.05147838592529297
0.05220365524291992
0.047559261322021484
0.04443764686584473
0.043238162994384766
0.04381418228149414
0.04370737075805664
0.043918609619140625
0.04342842102050781
0.04812884330749512
0.044457435607910156
0.0444340705871582
0.044045209884643555
0.04368472099304199
0.04338979721069336
0.04362034797668457
0.04322504997253418
0.04361772537231445
0.04928708076477051
0.044145822525024414
0.044339656829833984
0.0438995361328125
0.04351377487182617
0.04341244697570801
0.043435096740722656
0.04378485679626465
0.043731689453125
0.0494990348815918
0.04409670829772949
0.04358530044555664
0.04319453239440918
0.0429997444152832
0.043340206146240234
0.043381452560424805
0.04378914833068848
0.04355168342590332
0.04833650588989258
0.04472804069519043
0.04386782646179199
0.04354119300842285
0.04365062713623047
0.0433502197265625
0.043090105056762695
0.04342174530029297
0.043291568756103516
0.04868960380554199
0.04477334022521973
0.04428529739379883
0.043554067611694336
0.04334759712219238
0.04350113868713379
0.04328632354736328
0.04340553283691406
0.04362893104553223
0.04813885688781738
0.04368782043457031
0.044382572174072266
0.04389786720275879
0.043236732482910156
0.04361319541931152
0.04333162307739258
0.04311180114746094
0.04375267028808594
0.04863905906677246
0.04463553428649902
0.04370522499084473
0.04330873489379883
0.043431758880615234
0.04323983192443848
0.04363274574279785
0.04320120811462402
0.04341578483581543
0.04833102226257324
0.044379234313964844
0.0458827018737793
0.04391670227050781
0.043195486068725586
0.044327735900878906
0.042952537536621094
0.04372262954711914
0.04422640800476074
0.04940915107727051
0.044391632080078125
0.044126272201538086
0.04399609565734863
0.04403829574584961
0.04401803016662598
0.04371929168701172
0.045258522033691406
0.04393577575683594
0.04876303672790527
0.04400897026062012
0.04316353797912598
0.04305291175842285
0.04393601417541504
0.043746232986450195
0.04393196105957031
0.05105948448181152
0.04449152946472168
0.04890942573547363
0.04422569274902344
0.049483537673950195
0.04394078254699707
0.04331207275390625
0.04316067695617676
0.05173802375793457
0.052315711975097656
0.047400712966918945
0.05006742477416992
0.044887542724609375
0.0448153018951416
0.04419231414794922
0.04419827461242676
0.04469943046569824
0.044116973876953125
0.0436863899230957
0.044026851654052734
0.04925966262817383
0.04503226280212402
0.04457879066467285
0.04472184181213379
0.04478716850280762
0.04406118392944336
0.043958187103271484
0.04424881935119629
0.04474043846130371
0.04988217353820801
0.04472780227661133
0.044615745544433594
0.044702768325805664
0.04434633255004883
0.04439115524291992
0.04413175582885742
0.044014692306518555
0.044352054595947266
0.04882383346557617
0.04441666603088379
0.04391741752624512
0.05186033248901367
0.05228781700134277
0.04480171203613281
0.04347491264343262
0.04358196258544922
0.0441288948059082
0.0569605827331543
0.04730820655822754
0.04380154609680176
0.04406023025512695
0.043915510177612305
0.043544769287109375
0.04378962516784668
0.04376029968261719
0.04430723190307617
0.04901766777038574
0.04507923126220703
0.0444796085357666
0.0441737174987793
0.043953657150268555
0.044146060943603516
0.04416322708129883
0.044161081314086914
0.044309377670288086
0.0491793155670166
0.054434776306152344
0.04363894462585449
0.04368734359741211
0.04357647895812988
0.044019460678100586
0.04372048377990723
0.04414176940917969
0.04319643974304199
0.04830789566040039
0.045464515686035156
0.05405139923095703
0.04629349708557129
0.046277523040771484
0.05181884765625
0.050280094146728516
0.045957088470458984
0.04552912712097168
0.05813145637512207
0.055255889892578125
0.04518485069274902
0.04465293884277344
0.044242143630981445
0.04395318031311035
0.044325828552246094
0.046386003494262695
0.046858787536621094
0.05148434638977051
0.04679989814758301
0.04635334014892578
0.046959877014160156
0.04597306251525879
0.04363560676574707
0.04625296592712402
0.043829917907714844
0.04459118843078613
0.0497431755065918
0.04478263854980469
0.04468703269958496
0.05199432373046875
0.05183696746826172
0.043798208236694336
0.04454207420349121
0.04393458366394043
0.04455232620239258
0.04928278923034668
0.04447317123413086
0.04438614845275879
0.04465508460998535
0.04394268989562988
0.04461932182312012
0.043318986892700195
0.043599605560302734
0.04426860809326172
0.04900503158569336
0.04494357109069824
0.044127464294433594
0.04463696479797363
0.04330706596374512
0.044097185134887695
0.051695823669433594
0.04438018798828125
0.04488825798034668
0.04908394813537598
0.052805423736572266
0.05245709419250488
0.04552125930786133
0.04396414756774902
0.04370880126953125
0.0436861515045166
0.04301738739013672
0.04417610168457031
0.048766136169433594
0.0442204475402832
0.0441586971282959
0.043890953063964844
0.04412341117858887
0.04458141326904297
0.05137920379638672
0.051468610763549805
0.04672598838806152
0.04878854751586914
0.04439353942871094
0.05179333686828613
0.04928851127624512
0.04387474060058594
0.04406428337097168
0.04433917999267578
0.04386448860168457
0.04419112205505371
0.06002664566040039
0.04432535171508789
0.04378223419189453
0.04379606246948242
0.04371356964111328
0.04352307319641113
0.04416632652282715
0.053191184997558594
0.04815506935119629
0.04911088943481445
0.044417381286621094
0.04414033889770508
0.04422283172607422
0.04363727569580078
0.04398512840270996
0.043781280517578125
0.04406261444091797
0.044567108154296875
0.04920172691345215
0.044441938400268555
0.04453158378601074
0.04411196708679199
0.04420065879821777
0.043793678283691406
0.0505678653717041
0.04382014274597168
0.044344425201416016
0.048842430114746094
0.044532060623168945
0.04429316520690918
0.04422640800476074
0.04322528839111328
0.04424905776977539
0.04445195198059082
0.043860435485839844
0.04402589797973633
0.048825979232788086
0.04453682899475098
0.04401683807373047
0.04385709762573242
0.04401993751525879
0.04376649856567383
0.04406309127807617
0.04414176940917969
0.044268131256103516
0.04964256286621094
0.04489612579345703
0.04431295394897461
0.04418206214904785
0.043962955474853516
0.04329490661621094
0.04395437240600586
0.04401826858520508
0.04442238807678223
0.04937934875488281
0.044667720794677734
0.044226884841918945
0.04390883445739746
0.0436708927154541
0.0519866943359375
0.04426145553588867
0.04459786415100098
0.04429173469543457
0.04866385459899902
0.05280423164367676
0.04675173759460449
0.04379081726074219
0.044312477111816406
0.051093101501464844
0.045903921127319336
0.04582929611206055
0.04436635971069336
0.056574344635009766
0.04638242721557617
0.044470787048339844
0.04347348213195801
0.04435849189758301
0.04378628730773926
0.043768882751464844
0.04387068748474121
0.04429960250854492
0.04942750930786133
0.04536080360412598
0.04502105712890625
0.044774532318115234
0.043625593185424805
0.043485164642333984
0.04354262351989746
0.04405927658081055
0.04413461685180664
0.04941511154174805
0.04509878158569336
0.04410982131958008
0.04380321502685547
0.04337453842163086
0.04363751411437988
0.043317556381225586
0.04249858856201172
0.04447746276855469
0.04868483543395996
0.04477381706237793
0.044365882873535156
0.04475593566894531
0.04387688636779785
0.044449567794799805
0.04409337043762207
0.0441741943359375
0.05125236511230469
0.052144527435302734
0.04467916488647461
0.04497337341308594
0.04399871826171875
0.04394030570983887
0.04405069351196289
0.04408860206604004
0.05075573921203613
0.05086946487426758
0.048284292221069336
0.04406571388244629
0.044825077056884766
0.04424023628234863
0.043860435485839844
0.04314303398132324
0.044586896896362305
0.044049978256225586
0.04313039779663086
0.04884839057922363
0.04419207572937012
0.04387712478637695
0.04475522041320801
0.04449963569641113
0.04446768760681152
0.04436898231506348
0.043570518493652344
0.04607868194580078
0.050780534744262695
0.04476451873779297
0.04607248306274414
0.045549869537353516
0.04556775093078613
0.04579043388366699
0.045831918716430664
0.04407978057861328
0.04421520233154297
0.049170732498168945
0.044669151306152344
0.044396162033081055
0.04632997512817383
0.045949697494506836
0.045613765716552734
0.04687047004699707
0.04602503776550293
0.04618191719055176
0.05137157440185547
0.0473330020904541
0.04656529426574707
0.04642200469970703
0.045697689056396484
0.04567217826843262
0.04581427574157715
0.0513153076171875
0.051442861557006836
0.049466848373413086
0.046363115310668945
0.04682016372680664
0.046082258224487305
0.04555177688598633
0.04651927947998047
0.04613828659057617
0.046437740325927734
0.043697357177734375
0.049765825271606445
0.04703688621520996
0.04373621940612793
0.0436708927154541
0.04378247261047363
0.04288792610168457
0.04615473747253418
0.05147695541381836
0.04648709297180176
0.05139899253845215
0.047650814056396484
0.04433917999267578
0.04522109031677246
0.044137001037597656
0.046114206314086914
0.04412484169006348
0.04618525505065918
0.0462338924407959
0.04909253120422363
0.046131134033203125
0.046274423599243164
0.04453563690185547
0.043710947036743164
0.04392862319946289
0.043755292892456055
0.04405021667480469
0.04439067840576172
0.04898428916931152
0.045060157775878906
0.04466819763183594
0.04405617713928223
0.043840885162353516
0.05237269401550293
0.044594764709472656
0.04392743110656738
0.04411745071411133
0.049190521240234375
0.0448155403137207
0.05199408531188965
0.04399847984313965
0.043926239013671875
0.04365372657775879
0.04399895668029785
0.043787479400634766
0.04399919509887695
0.04889869689941406
0.04503202438354492
0.051650285720825195
0.05177783966064453
0.04839134216308594
0.04410862922668457
0.04398965835571289
0.04334115982055664
0.04424929618835449
0.04901432991027832
0.04467368125915527
0.04415392875671387
0.043810129165649414
0.0439760684967041
0.04422760009765625
0.043519020080566406
0.04427933692932129
0.04463458061218262
0.04855656623840332
0.04455304145812988
0.04404187202453613
0.044046640396118164
0.05126595497131348
0.051230430603027344
0.04430031776428223
0.044656991958618164
0.04449319839477539
0.04869437217712402
0.04469013214111328
0.04433631896972656
0.04417586326599121
0.04447603225708008
0.05069994926452637
0.04477524757385254
0.0434422492980957
0.04358053207397461
0.04803586006164551
0.04400920867919922
0.043884992599487305
0.04359126091003418
0.0429987907409668
0.04371142387390137
0.04398822784423828
0.043329715728759766
0.04416322708129883
0.056447744369506836
0.05161261558532715
0.04473161697387695
0.04424905776977539
0.04320979118347168
0.043889522552490234
0.04375004768371582
0.043416500091552734
0.04360604286193848
0.048380136489868164
0.044571638107299805
0.04384779930114746
0.05275917053222656
0.05184173583984375
0.044136762619018555
0.04377126693725586
0.04370880126953125
0.04432940483093262
0.04916262626647949
0.04484724998474121
0.04412031173706055
0.04331183433532715
0.0431516170501709
0.05115556716918945
0.04361271858215332
0.04372859001159668
0.04703664779663086
0.04818010330200195
0.04439187049865723
0.04409217834472656
0.044011831283569336
0.04313349723815918
0.042832374572753906
0.04389810562133789
0.04381513595581055
0.04378080368041992
0.04852008819580078
0.04436683654785156
0.043503522872924805
0.04324221611022949
0.044057607650756836
0.043486595153808594
0.043615102767944336
0.043749332427978516
0.04451417922973633
0.056488752365112305
0.05211377143859863
0.04447031021118164
0.04381108283996582
0.04351520538330078
0.043651580810546875
0.04368758201599121
0.044226646423339844
0.044283151626586914
0.04868340492248535
0.04443693161010742
0.04457235336303711
0.04424905776977539
0.04359626770019531
0.04417753219604492
0.04435420036315918
0.04360651969909668
0.04444241523742676
0.048810482025146484
0.04391670227050781
0.04450631141662598
0.04372119903564453
0.04380512237548828
0.043213844299316406
0.04374861717224121
0.04294133186340332
0.04501223564147949
0.049166202545166016
0.04419732093811035
0.0440061092376709
0.04383230209350586
0.043416500091552734
0.04340672492980957
0.04359841346740723
0.04325079917907715
0.04420804977416992
0.04861783981323242
0.044042348861694336
0.043753862380981445
0.04414081573486328
0.0438539981842041
0.04358935356140137
0.04353523254394531
0.05161547660827637
0.04985523223876953
0.04934215545654297
0.051961660385131836
0.052165985107421875
0.04639172554016113
0.044094085693359375
0.0444798469543457
0.04401063919067383
0.043317556381225586
0.044899940490722656
0.0493006706237793
0.0450587272644043
0.044823646545410156
0.04453587532043457
0.04413938522338867
0.04443931579589844
0.04418754577636719
0.04408693313598633
0.045191049575805664
0.0488581657409668
0.04527997970581055
0.04438447952270508
0.0438389778137207
0.04423666000366211
0.04383707046508789
0.04416346549987793
0.0439763069152832
0.04450511932373047
0.056557655334472656
0.044884681701660156
0.04446077346801758
0.044404029846191406
0.04503464698791504
0.04364442825317383
0.044657230377197266
0.044300079345703125
0.04497075080871582
0.049224853515625
0.04480719566345215
0.04439234733581543
0.044765472412109375
0.04375624656677246
0.04378557205200195
0.043677568435668945
0.04365253448486328
0.044836997985839844
0.049086809158325195
0.04420590400695801
0.044576168060302734
0.0511469841003418
0.04455709457397461
0.043518781661987305
0.04404187202453613
0.04405045509338379
0.052080631256103516
0.05687069892883301
0.05240440368652344
0.04728388786315918
0.044159650802612305
0.04423260688781738
0.04610419273376465
0.04339313507080078
0.044197797775268555
0.04400062561035156
0.048606157302856445
0.04381895065307617
0.04399871826171875
0.05196523666381836
0.04462289810180664
0.04424619674682617
0.04360246658325195
0.044289588928222656
0.04477071762084961
0.04950380325317383
0.05254387855529785
0.04467606544494629
0.04524636268615723
0.04351639747619629
0.04365205764770508
0.05130410194396973
0.04387664794921875
0.04532146453857422
0.04859161376953125
0.05268073081970215
0.0433964729309082
0.04376649856567383
0.04278898239135742
0.0432124137878418
0.043082237243652344
0.04362225532531738
0.046698808670043945
0.04896402359008789
0.34993481636047363
0.05025148391723633
0.05055999755859375
0.050917863845825195
0.05029582977294922
0.05044984817504883
0.050874948501586914
0.05039620399475098
0.062279701232910156
0.049527645111083984
0.04965853691101074
0.04917478561401367
0.04911947250366211
0.0494990348815918
0.04956817626953125
0.04967236518859863
0.05095815658569336
0.05673050880432129
0.04983234405517578
0.049629926681518555
0.0494990348815918
0.05766606330871582
0.05779671669006348
0.04987788200378418
0.04987597465515137
0.04986262321472168
0.05607342720031738
0.05019688606262207
0.04932904243469238
0.050100088119506836
0.049866676330566406
0.049996376037597656
0.04970407485961914
0.04959702491760254
0.05004000663757324
0.05664849281311035
0.049637556076049805
0.049507856369018555
0.04950428009033203
0.0496211051940918
0.049373626708984375
0.04924607276916504
0.04917144775390625
0.049779653549194336
0.05608534812927246
0.04954075813293457
0.049240827560424805
0.04973149299621582
0.04981064796447754
0.049510955810546875
0.04936575889587402
0.04918932914733887
0.04952216148376465
0.056054115295410156
0.049828290939331055
0.04908037185668945
0.05027627944946289
0.04965090751647949
0.05064654350280762
0.05041861534118652
0.050017356872558594
0.04979705810546875
0.05608773231506348
0.049811601638793945
0.05008077621459961
0.05013775825500488
0.04987645149230957
0.04993128776550293
0.049489736557006836
0.04988288879394531
0.050400495529174805
0.06871294975280762
0.05005621910095215
0.05023670196533203
0.05059218406677246
0.051122188568115234
0.05031132698059082
0.050260305404663086
0.061336517333984375
0.05293464660644531
0.05879068374633789
0.049672603607177734
0.0503544807434082
0.050388336181640625
0.05666804313659668
0.04987788200378418
0.04974770545959473
0.056626081466674805
0.054024457931518555
0.055251359939575195
0.04920029640197754
0.049643754959106445
0.048662662506103516
0.04838275909423828
0.0480189323425293
0.047860145568847656
0.0478205680847168
0.04892849922180176
0.05467414855957031
0.047940969467163086
0.047585487365722656
0.048183441162109375
0.050103187561035156
0.04998159408569336
0.04935479164123535
0.049401044845581055
0.049361467361450195
0.06312084197998047
0.05357193946838379
0.049103736877441406
0.04836225509643555
0.048560380935668945
0.04817533493041992
0.048397064208984375
0.0476527214050293
0.055454254150390625
0.053215980529785156
0.0479121208190918
0.047792911529541016
0.04781293869018555
0.046604156494140625
0.04681730270385742
0.046041011810302734
0.04598569869995117
0.045763492584228516
0.05242729187011719
0.04680037498474121
0.05435967445373535
0.05354666709899902
0.04475545883178711
0.04501461982727051
0.044245243072509766
0.04402303695678711
0.04501819610595703
0.05188870429992676
0.046471595764160156
0.045118093490600586
0.04482221603393555
0.0447237491607666
0.04470205307006836
0.044466495513916016
0.044207096099853516
0.0447237491607666
0.05071234703063965
0.05301642417907715
0.04468870162963867
0.044823646545410156
0.04462695121765137
0.04887533187866211
0.045610666275024414
0.0445408821105957
0.052466392517089844
0.05288815498352051
0.04564380645751953
0.04504585266113281
0.05055594444274902
0.044776201248168945
0.04453325271606445
0.04358196258544922
0.043660640716552734
0.0437619686126709
0.050189971923828125
0.04508662223815918
0.0441281795501709
0.04400777816772461
0.04410839080810547
0.043816566467285156
0.04424166679382324
0.043915748596191406
0.054491519927978516
0.0544126033782959
0.04693317413330078
0.04663801193237305
0.046182870864868164
0.04571986198425293
0.04552912712097168
0.04572248458862305
0.04620170593261719
0.04390311241149902
0.05011725425720215
0.04497027397155762
0.043853044509887695
0.04404425621032715
0.04390430450439453
0.04395318031311035
0.04389595985412598
0.04388284683227539
0.04424309730529785
0.058091163635253906
0.04706430435180664
0.04427313804626465
0.04380154609680176
0.04317188262939453
0.04332876205444336
0.04313921928405762
0.04317140579223633
0.04443788528442383
0.049948692321777344
0.04534316062927246
0.04512524604797363
0.04439949989318848
0.044310808181762695
0.04389786720275879
0.04367399215698242
0.051078081130981445
0.046401262283325195
0.04941582679748535
0.044568538665771484
0.04495859146118164
0.044365644454956055
0.04334735870361328
0.04356789588928223
0.04350447654724121
0.04367876052856445
0.04410219192504883
0.04929018020629883
0.04492330551147461
0.04389333724975586
0.04385995864868164
0.04350924491882324
0.05167555809020996
0.04725217819213867
0.04375004768371582
0.04435849189758301
0.04940223693847656
0.05311846733093262
0.04473114013671875
0.046497344970703125
0.04448080062866211
0.04423689842224121
0.044127702713012695
0.0436248779296875
0.0445401668548584
0.049642086029052734
0.045000314712524414
0.04411673545837402
0.04404044151306152
0.04388284683227539
0.05148673057556152
0.04880523681640625
0.043905019760131836
0.04424786567687988
0.04929637908935547
0.051809072494506836
0.044954776763916016
0.04435396194458008
0.04420638084411621
0.04438281059265137
0.044591665267944336
0.04399752616882324
0.05161452293395996
0.058510780334472656
0.0479276180267334
0.04505133628845215
0.04396986961364746
0.043771982192993164
0.04393458366394043
0.04419708251953125
0.04457688331604004
0.05136227607727051
0.05144238471984863
0.04477810859680176
0.044283151626586914
0.044503211975097656
0.04342484474182129
0.04354095458984375
0.04386472702026367
0.043230295181274414
0.04321622848510742
0.04936051368713379
0.044904470443725586
0.044556617736816406
0.04427456855773926
0.04449200630187988
0.04335808753967285
0.04371356964111328
0.043547630310058594
0.04472827911376953
0.04970979690551758
0.04437088966369629
0.044324398040771484
0.04423689842224121
0.04355764389038086
0.04345989227294922
0.04319953918457031
0.04386138916015625
0.05200386047363281
0.04873967170715332
0.04396843910217285
0.04452848434448242
0.05153632164001465
0.04492592811584473
0.04387164115905762
0.0434572696685791
0.043483734130859375
0.043767690658569336
0.04901933670043945
0.04478573799133301
0.043604373931884766
0.04400992393493652
0.04408407211303711
0.04368448257446289
0.043374061584472656
0.04373931884765625
0.04406428337097168
0.04917740821838379
0.04462838172912598
0.04423832893371582
0.05170488357543945
0.04402351379394531
0.04352378845214844
0.04410886764526367
0.04368948936462402
0.04401516914367676
0.05711984634399414
0.04664468765258789
0.044382572174072266
0.044389963150024414
0.04401040077209473
0.04389476776123047
0.04387164115905762
0.04434847831726074
0.04407453536987305
0.049530029296875
0.04463624954223633
0.044245004653930664
0.04423713684082031
0.05173492431640625
0.045743703842163086
0.04386615753173828
0.043886423110961914
0.044312238693237305
0.04952287673950195
0.04479861259460449
0.044289350509643555
0.04404044151306152
0.0435328483581543
0.04424571990966797
0.04396486282348633
0.043503522872924805
0.044110774993896484
0.0498509407043457
0.04507040977478027
0.045274972915649414
0.04488062858581543
0.04418659210205078
0.044730186462402344
0.044258832931518555
0.04391002655029297
0.04422307014465332
0.05008053779602051
0.04489850997924805
0.04452109336853027
0.04382514953613281
0.043613433837890625
0.04373025894165039
0.04381275177001953
0.043090105056762695
0.04444694519042969
0.04938483238220215
0.04468107223510742
0.04441523551940918
0.04416775703430176
0.04357647895812988
0.04335522651672363
0.04374361038208008
0.043901920318603516
0.04468417167663574
0.04940199851989746
0.04905962944030762
0.04487156867980957
0.044669389724731445
0.04410266876220703
0.046692609786987305
0.05209159851074219
0.04403805732727051
0.044270992279052734
0.05010509490966797
0.046022891998291016
0.04504513740539551
0.04445457458496094
0.04392218589782715
0.04421591758728027
0.04381608963012695
0.04392123222351074
0.04428362846374512
0.049947500228881836
0.045044898986816406
0.04481673240661621
0.044415950775146484
0.043874502182006836
0.04404926300048828
0.04450535774230957
0.04406476020812988
0.04426121711730957
0.049890756607055664
0.04485177993774414
0.04472494125366211
0.0443575382232666
0.0439913272857666
0.04394817352294922
0.04376506805419922
0.04395914077758789
0.0447237491607666
0.05832219123840332
0.04439258575439453
0.044000864028930664
0.04429888725280762
0.04364204406738281
0.043325185775756836
0.04354453086853027
0.04406237602233887
0.044396400451660156
0.04935145378112793
0.04509902000427246
0.044667720794677734
0.044225454330444336
0.04423236846923828
0.04377317428588867
0.04375433921813965
0.04393887519836426
0.044829607009887695
0.0497894287109375
0.045304298400878906
0.044806718826293945
0.044908761978149414
0.044236183166503906
0.05144691467285156
0.05186581611633301
0.04609036445617676
0.044635772705078125
0.05775880813598633
0.04928445816040039
0.0446925163269043
0.044618844985961914
0.044251203536987305
0.043889760971069336
0.04421687126159668
0.04400444030761719
0.04450249671936035
0.05003094673156738
0.045183420181274414
0.0448458194732666
0.04461812973022461
0.044547319412231445
0.04910445213317871
0.044712066650390625
0.04402971267700195
0.051629066467285156
0.04988718032836914
0.04508066177368164
0.04456186294555664
0.05442023277282715
0.04593920707702637
0.04395294189453125
0.0444943904876709
0.04610729217529297
0.04602789878845215
0.05232572555541992
0.04500389099121094
0.04491829872131348
0.04654574394226074
0.045671939849853516
0.046582698822021484
0.04582786560058594
0.04610037803649902
0.04646182060241699
0.057810306549072266
0.04479646682739258
0.04383563995361328
0.04427385330200195
0.0439600944519043
0.043554067611694336
0.04361701011657715
0.04413747787475586
0.04480862617492676
0.05744457244873047
0.04506659507751465
0.04438281059265137
0.0439305305480957
0.04403233528137207
0.04330301284790039
0.04359245300292969
0.04338192939758301
0.051718711853027344
0.0532071590423584
0.04443216323852539
0.04418039321899414
0.04446291923522949
0.043163299560546875
0.04346585273742676
0.04374861717224121
0.04392433166503906
0.04379582405090332
0.04940295219421387
0.044600486755371094
0.0438387393951416
0.04460740089416504
0.043369293212890625
0.043096065521240234
0.043470144271850586
0.04359102249145508
0.04414105415344238
0.04931449890136719
0.045247554779052734
0.044745683670043945
0.044448137283325195
0.04405355453491211
0.04407691955566406
0.04399991035461426
0.04357194900512695
0.04404401779174805
0.058396339416503906
0.05023980140686035
0.04486870765686035
0.05217313766479492
0.04913663864135742
0.04435229301452637
0.05118823051452637
0.05723142623901367
0.045035600662231445
0.051325082778930664
0.04491543769836426
0.044301748275756836
0.04431915283203125
0.04376721382141113
0.0440976619720459
0.04337000846862793
0.044193267822265625
0.044750213623046875
0.05035090446472168
0.04538559913635254
0.04493260383605957
0.04496335983276367
0.04408097267150879
0.04448366165161133
0.043688058853149414
0.04375815391540527
0.04401063919067383
0.049854278564453125
0.04515242576599121
0.044948577880859375
0.04463386535644531
0.04360485076904297
0.04333949089050293
0.04397916793823242
0.05183148384094238
0.051191091537475586
0.056980133056640625
0.05195808410644531
0.04501628875732422
0.044237375259399414
0.043741703033447266
0.04435253143310547
0.044157981872558594
0.04406166076660156
0.04476499557495117
0.05790233612060547
0.05287623405456543
0.05284237861633301
0.045172691345214844
0.04418468475341797
0.05148649215698242
0.04372048377990723
0.04345440864562988
0.0441431999206543
0.048958778381347656
0.04433798789978027
0.044335365295410156
0.04362297058105469
0.04361772537231445
0.043982744216918945
0.055274248123168945
0.04719400405883789
0.05690717697143555
0.05267643928527832
0.04673290252685547
0.0463864803314209
0.043473005294799805
0.04595828056335449
0.04557943344116211
0.04650735855102539
0.04549384117126465
0.04725027084350586
0.057357072830200195
0.048480987548828125
0.04473710060119629
0.044760942459106445
0.04421854019165039
0.04385089874267578
0.044043779373168945
0.05125570297241211
0.04448652267456055
0.049903154373168945
0.04457402229309082
0.04548478126525879
0.04427337646484375
0.04537844657897949
0.04435276985168457
0.043228864669799805
0.04825115203857422
0.04479527473449707
0.0508418083190918
0.04603242874145508
0.04457259178161621
0.04482913017272949
0.044573068618774414
0.04384803771972656
0.04403996467590332
0.046015262603759766
0.04436016082763672
0.0501255989074707
0.0456235408782959
0.04387617111206055
0.04602193832397461
0.044983863830566406
0.043941497802734375
0.04489493370056152
0.044255971908569336
0.0439150333404541
0.051566123962402344
0.05356311798095703
0.05363869667053223
0.04647326469421387
0.04402565956115723
0.04334688186645508
0.04455852508544922
0.04355955123901367
0.04443240165710449
0.05026841163635254
0.04506564140319824
0.04531598091125488
0.04787397384643555
0.04423165321350098
0.04489541053771973
0.04753923416137695
0.044423818588256836
0.04454803466796875
0.059731483459472656
0.04515695571899414
0.04490494728088379
0.05054903030395508
0.0439753532409668
0.04385709762573242
0.04376101493835449
0.04598522186279297
0.044252634048461914
0.05002546310424805
0.045615434646606445
0.044576406478881836
0.04468083381652832
0.04408144950866699
0.04584765434265137
0.045026540756225586
0.04409623146057129
0.04523324966430664
0.05110621452331543
0.04452872276306152
0.04425215721130371
0.04474282264709473
0.043670654296875
0.0438387393951416
0.0447392463684082
0.044289588928222656
0.04402947425842285
0.04934358596801758
0.045482635498046875
0.052573442459106445
0.05251765251159668
0.05254864692687988
0.04622364044189453
0.04418206214904785
0.04547762870788574
0.045842885971069336
0.05849742889404297
0.04582381248474121
0.05470681190490723
0.04508352279663086
0.04511284828186035
0.044795989990234375
0.04491424560546875
0.0446774959564209
0.04491066932678223
0.04959750175476074
0.04484915733337402
0.044503211975097656
0.043779850006103516
0.05134224891662598
0.04304814338684082
0.0473175048828125
0.0443110466003418
0.0485529899597168
0.049649953842163086
0.04470348358154297
0.0443730354309082
0.04422497749328613
0.0433046817779541
0.044196367263793945
0.04459953308105469
0.04429173469543457
0.04404425621032715
0.050177812576293945
0.045393943786621094
0.045166015625
0.044820547103881836
0.04447746276855469
0.05134272575378418
0.04440951347351074
0.04386711120605469
0.05094456672668457
0.04882311820983887
0.04477715492248535
0.0438084602355957
0.0516812801361084
0.04625535011291504
0.04379701614379883
0.043493032455444336
0.04328465461730957
0.04386758804321289
0.05071139335632324
0.04510307312011719
0.0444490909576416
0.05201458930969238
0.04998064041137695
0.04377293586730957
0.04377889633178711
0.04399824142456055
0.04590559005737305
0.05086398124694824
0.0453791618347168
0.0448455810546875
0.05234885215759277
0.050881147384643555
0.04446291923522949
0.04373049736022949
0.046413421630859375
0.0446925163269043
0.05086541175842285
0.045583486557006836
0.045588016510009766
0.04454803466796875
0.0438535213470459
0.04417252540588379
0.044969797134399414
0.04369711875915527
0.04533696174621582
0.0505068302154541
0.045766353607177734
0.044975996017456055
0.045325517654418945
0.05194854736328125
0.04806184768676758
0.04404330253601074
0.04380536079406738
0.0441896915435791
0.04981565475463867
0.04487967491149902
0.044684410095214844
0.045052289962768555
0.053446292877197266
0.04595446586608887
0.0459287166595459
0.04428839683532715
0.04624199867248535
0.05151629447937012
0.047159671783447266
0.044660091400146484
0.04517388343811035
0.04737687110900879
0.046842336654663086
0.04655957221984863
0.04693198204040527
0.05064892768859863
0.052973270416259766
0.04776453971862793
0.04679584503173828
0.04753303527832031
0.04689788818359375
0.045989990234375
0.046217918395996094
0.04561567306518555
0.044451236724853516
0.05067300796508789
0.047033071517944336
0.046666622161865234
0.04483461380004883
0.04535388946533203
0.044699668884277344
0.04464292526245117
0.04469943046569824
0.044565677642822266
0.050309181213378906
0.04518914222717285
0.0469512939453125
0.04600334167480469
0.04618501663208008
0.04852175712585449
0.0468897819519043
0.046541690826416016
0.04639244079589844
0.0531468391418457
0.04672360420227051
0.0469820499420166
0.04607677459716797
0.046335458755493164
0.04605293273925781
0.04665088653564453
0.04622530937194824
0.04389214515686035
0.05021095275878906
0.04738211631774902
0.04697108268737793
0.04669356346130371
0.04615211486816406
0.046141862869262695
0.04664802551269531
0.044106245040893555
0.04448413848876953
0.049802541732788086
0.04565167427062988
0.04503941535949707
0.0444178581237793
0.043781280517578125
0.04380178451538086
0.0442500114440918
0.044484853744506836
0.0442347526550293
0.04996848106384277
0.04519367218017578
0.045420169830322266
0.04790544509887695
0.04625582695007324
0.04620218276977539
0.04527854919433594
0.04416322708129883
0.048053741455078125
0.05318093299865723
0.04697918891906738
0.051991939544677734
0.05200314521789551
0.051425933837890625
0.047183990478515625
0.04381966590881348
0.04386186599731445
0.043972015380859375
0.050411224365234375
0.04584169387817383
0.044362783432006836
0.044034481048583984
0.043966054916381836
0.04592537879943848
0.043596506118774414
0.04613471031188965
0.04630732536315918
0.05220460891723633
0.04704403877258301
0.04700660705566406
0.04717564582824707
0.046060800552368164
0.04649233818054199
0.0463261604309082
0.04681086540222168
0.0438997745513916
0.0504612922668457
0.04501533508300781
0.04472661018371582
0.047090768814086914
0.043879032135009766
0.04365110397338867
0.04576516151428223
0.04461193084716797
0.0445709228515625
0.05078458786010742
0.04402637481689453
0.04703545570373535
0.04657793045043945
0.044066429138183594
0.04389190673828125
0.04646658897399902
0.04590559005737305
0.04370522499084473
0.04959917068481445
0.04528927803039551
0.04439377784729004
0.04366302490234375
0.04364514350891113
0.04381918907165527
0.04640650749206543
0.043711185455322266
0.04327583312988281
0.0492098331451416
0.04450225830078125
0.044588565826416016
0.04470252990722656
0.044321298599243164
0.04352736473083496
0.043862104415893555
0.05141782760620117
0.04461789131164551
0.04972338676452637
0.045031070709228516
0.044502973556518555
0.04381418228149414
0.04361224174499512
0.043548583984375
0.05192708969116211
0.043560028076171875
0.05205702781677246
0.05060100555419922
0.04499506950378418
0.045333147048950195
0.04552340507507324
0.045244693756103516
0.05224490165710449
0.04582476615905762
0.04447746276855469
0.05470633506774902
0.05694937705993652
0.04468560218811035
0.04465651512145996
0.044450998306274414
0.04397892951965332
0.044953107833862305
0.04543614387512207
0.04500722885131836
0.04463648796081543
0.04920816421508789
0.044783830642700195
0.044240474700927734
0.043576955795288086
0.04398012161254883
0.043926239013671875
0.04391813278198242
0.04387331008911133
0.044834136962890625
0.057663679122924805
0.047219038009643555
0.04570484161376953
0.045459747314453125
0.04424691200256348
0.04390525817871094
0.04412388801574707
0.044815778732299805
0.044631004333496094
0.050284385681152344
0.04541921615600586
0.04507255554199219
0.04488515853881836
0.04435014724731445
0.04407238960266113
0.044049978256225586
0.044203758239746094
0.04596114158630371
0.0510554313659668
0.04619598388671875
0.044866323471069336
0.04462146759033203
0.052156686782836914
0.048960208892822266
0.04663872718811035
0.04450845718383789
0.04404783248901367
0.05084872245788574
0.04517555236816406
0.044301509857177734
0.04462313652038574
0.0442957878112793
0.044241905212402344
0.0442967414855957
0.04414105415344238
0.04502463340759277
0.05019497871398926
0.04550051689147949
0.05319523811340332
0.05275845527648926
0.04968428611755371
0.0445096492767334
0.044106245040893555
0.04465365409851074
0.044707298278808594
0.05032849311828613
0.053084611892700195
0.044763803482055664
0.04493999481201172
0.0440523624420166
0.04433035850524902
0.044913291931152344
0.04465508460998535
0.04468035697937012
0.058336734771728516
0.045623064041137695
0.0475010871887207
0.0445561408996582
0.04454374313354492
0.04453587532043457
0.044843196868896484
0.04500269889831543
0.04448843002319336
0.04973030090332031
0.045021772384643555
0.04436898231506348
0.044612884521484375
0.04445028305053711
0.04401898384094238
0.04438447952270508
0.04450821876525879
0.04446077346801758
0.050537109375
0.056829214096069336
0.053224802017211914
0.04562067985534668
0.04529833793640137
0.045238494873046875
0.044545650482177734
0.0440673828125
0.04742789268493652
0.0502629280090332
0.04489254951477051
0.04528522491455078
0.044740915298461914
0.04409527778625488
0.04426002502441406
0.044280290603637695
0.04483747482299805
0.045073509216308594
0.04993271827697754
0.04538989067077637
0.044814109802246094
0.04444169998168945
0.04434561729431152
0.04433441162109375
0.04438376426696777
0.04494786262512207
0.04402565956115723
0.049959421157836914
0.045099735260009766
0.05227494239807129
0.047659873962402344
0.043703556060791016
0.043735504150390625
0.04521059989929199
0.04498744010925293
0.0436701774597168
0.05044746398925781
0.0455629825592041
0.044381141662597656
0.0444483757019043
0.052123069763183594
0.04652285575866699
0.04480433464050293
0.05195140838623047
0.04975175857543945
0.0586552619934082
0.04733014106750488
0.04658246040344238
0.043651580810546875
0.04400825500488281
0.04509615898132324
0.044466495513916016
0.04394412040710449
0.04458284378051758
0.04961037635803223
0.04564046859741211
0.04488205909729004
0.0446929931640625
0.0456080436706543
0.04462599754333496
0.043580055236816406
0.0434269905090332
0.05255484580993652
0.05180549621582031
0.044702768325805664
0.0446319580078125
0.044648170471191406
0.04791092872619629
0.04449105262756348
0.045163631439208984
0.04443717002868652
0.04474234580993652
0.05031991004943848
0.04557991027832031
0.045212745666503906
0.04534006118774414
0.044678449630737305
0.0446927547454834
0.04471445083618164
0.04471254348754883
0.04488801956176758
0.05029177665710449
0.04533100128173828
0.04458308219909668
0.044404029846191406
0.044205427169799805
0.04437661170959473
0.04484915733337402
0.04640364646911621
0.04701352119445801
0.05159258842468262
0.045233964920043945
0.04701542854309082
0.04608654975891113
0.04605841636657715
0.04605507850646973
0.055327415466308594
0.044304609298706055
0.046140432357788086
0.05210614204406738
0.34128737449645996
0.06360840797424316
0.05533456802368164
0.0530698299407959
0.05260491371154785
0.05082130432128906
0.05111503601074219
0.05293083190917969
0.0528261661529541
0.06434154510498047
0.052558183670043945
0.050498008728027344
0.05592918395996094
0.049983978271484375
0.05071115493774414
0.050454139709472656
0.049851179122924805
0.04997754096984863
0.058803558349609375
0.04966020584106445
0.04977059364318848
0.04954218864440918
0.04944729804992676
0.0496981143951416
0.0496518611907959
0.04913902282714844
0.049141883850097656
0.05698060989379883
0.0501401424407959
0.049364566802978516
0.04918384552001953
0.04863476753234863
0.04882335662841797
0.0587003231048584
0.0497586727142334
0.04972720146179199
0.05821871757507324
0.049222469329833984
0.04975318908691406
0.049489498138427734
0.04947781562805176
0.04853224754333496
0.0480494499206543
0.046778202056884766
0.04655599594116211
0.05729341506958008
0.05019545555114746
0.04835677146911621
0.05735659599304199
0.048531293869018555
0.04587888717651367
0.0459294319152832
0.04574131965637207
0.0457305908203125
0.053255558013916016
0.05402016639709473
0.04696297645568848
0.04648423194885254
