              precision    recall  f1-score   support

           0       0.94      0.91      0.93       237
           1       0.98      0.95      0.96       596
           2       0.97      0.87      0.92       294
           3       0.90      0.88      0.89       311
           4       0.97      0.99      0.98       466
           5       0.86      0.92      0.89       618
           6       0.92      0.90      0.91       242
           7       0.95      0.96      0.95       655

    accuracy                           0.93      3419
   macro avg       0.94      0.92      0.93      3419
weighted avg       0.93      0.93      0.93      3419

