              precision    recall  f1-score   support

           0       0.81      0.70      0.75       237
           1       0.90      0.94      0.92       596
           2       0.91      0.83      0.87       294
           3       0.71      0.62      0.67       311
           4       0.97      0.99      0.98       466
           5       0.71      0.83      0.77       618
           6       0.86      0.72      0.78       242
           7       0.90      0.89      0.90       655

    accuracy                           0.85      3419
   macro avg       0.85      0.82      0.83      3419
weighted avg       0.85      0.85      0.85      3419

