              precision    recall  f1-score   support

           0       0.97      0.92      0.95       297
           1       0.99      0.99      0.99       278
           2       0.95      0.94      0.94       480
           3       0.98      0.99      0.98       583
           4       0.97      0.98      0.97       771
           5       0.94      0.97      0.95       267
           6       0.93      0.86      0.89       165
           7       0.94      0.95      0.94       277
           8       0.97      0.97      0.97       150
           9       0.99      1.00      1.00       494

    accuracy                           0.97      3762
   macro avg       0.96      0.96      0.96      3762
weighted avg       0.97      0.97      0.97      3762

