              precision    recall  f1-score   support

           0       0.92      0.92      0.92        13
           1       0.75      1.00      0.86         9
           2       0.60      0.80      0.69        15
           3       0.96      0.92      0.94        26
           4       0.56      0.42      0.48        12
           5       0.67      0.33      0.44         6
           6       1.00      1.00      1.00         4
           7       0.95      0.91      0.93        23

    accuracy                           0.82       108
   macro avg       0.80      0.79      0.78       108
weighted avg       0.83      0.82      0.82       108

