              precision    recall  f1-score   support

           0       0.69      0.24      0.35       239
           1       0.03      0.00      0.01       265
           2       0.00      0.00      0.00       239
           3       0.86      0.20      0.32       656
           4       0.06      0.99      0.12       129
           5       0.21      0.02      0.04       198
           6       0.00      0.00      0.00       239
           7       0.94      0.49      0.65       644

    accuracy                           0.24      2609
   macro avg       0.35      0.24      0.19      2609
weighted avg       0.53      0.24      0.28      2609

