              precision    recall  f1-score   support

           0       0.38      0.35      0.36       237
           1       0.44      0.57      0.49       596
           2       0.39      0.38      0.38       294
           3       0.00      0.00      0.00       311
           4       0.75      0.90      0.82       466
           5       0.36      0.55      0.43       618
           6       0.80      0.02      0.03       242
           7       0.54      0.53      0.54       655

    accuracy                           0.48      3419
   macro avg       0.46      0.41      0.38      3419
weighted avg       0.46      0.48      0.44      3419

