3.0675625801086426
0.08083844184875488
0.06708550453186035
0.07570838928222656
0.06360602378845215
0.06529688835144043
0.07080888748168945
0.06284904479980469
0.0756216049194336
0.06422066688537598
0.07662844657897949
0.08352828025817871
0.0660715103149414
0.06346440315246582
0.06390595436096191
0.06327652931213379
0.06400775909423828
0.06458282470703125
0.0644838809967041
0.06276822090148926
0.06823945045471191
0.0763237476348877
0.06307077407836914
0.07615351676940918
0.0740659236907959
0.06486153602600098
0.06767678260803223
0.06415939331054688
0.06834101676940918
0.08301138877868652
0.06680679321289062
0.0781865119934082
0.06397843360900879
0.08524918556213379
0.07549071311950684
0.06568527221679688
0.07822990417480469
0.0625309944152832
0.08931088447570801
0.07816028594970703
0.06314659118652344
0.07772111892700195
0.0790407657623291
0.06654691696166992
0.06389474868774414
0.062201499938964844
0.07780694961547852
0.08074522018432617
0.0780184268951416
0.06441235542297363
0.07912993431091309
0.07516956329345703
0.06334877014160156
0.06379175186157227
0.06436920166015625
0.0768437385559082
0.08065128326416016
0.0640256404876709
0.06475687026977539
0.06319689750671387
0.06485581398010254
0.07379889488220215
0.0639801025390625
0.06345582008361816
0.07292008399963379
0.06937074661254883
0.06383872032165527
0.07480144500732422
0.07478094100952148
0.06464028358459473
0.06383752822875977
0.07839035987854004
0.0646364688873291
0.06397128105163574
0.06912660598754883
0.0645606517791748
0.07811164855957031
0.06442785263061523
0.07482409477233887
0.06907868385314941
0.08182072639465332
0.07563161849975586
0.0751047134399414
0.07011127471923828
0.07567453384399414
0.06851935386657715
0.06562113761901855
0.06420040130615234
0.06401729583740234
0.06548833847045898
0.0622105598449707
0.06518173217773438
0.06974554061889648
0.06639409065246582
0.06480932235717773
0.06409716606140137
0.06471776962280273
0.06451058387756348
0.06382513046264648
0.06387948989868164
0.06346821784973145
0.06969547271728516
0.06467342376708984
0.06786131858825684
0.06438899040222168
0.06501030921936035
0.061782121658325195
0.06383824348449707
0.06455636024475098
0.06363320350646973
0.08357071876525879
0.06735014915466309
0.06392526626586914
0.06458520889282227
0.07821488380432129
0.06909489631652832
0.06673407554626465
0.06459903717041016
0.07209444046020508
0.07197952270507812
0.07588458061218262
0.06845808029174805
0.08779191970825195
0.08786964416503906
0.078155517578125
0.06427693367004395
0.07254981994628906
0.0738987922668457
0.09340119361877441
0.07677626609802246
0.06932497024536133
0.06748437881469727
0.06266570091247559
0.06471586227416992
0.06415653228759766
0.06235194206237793
0.06093955039978027
0.06976175308227539
0.06351304054260254
0.0632331371307373
0.0645754337310791
0.06505584716796875
0.07749795913696289
0.0667719841003418
0.06532001495361328
0.06474637985229492
0.07388520240783691
0.06254887580871582
0.06454753875732422
0.07591795921325684
0.06524300575256348
0.0645298957824707
0.06342101097106934
0.07444334030151367
0.07930207252502441
0.07517123222351074
0.06311798095703125
0.0644993782043457
0.06663393974304199
0.06509566307067871
0.06402349472045898
0.06395792961120605
0.06336641311645508
0.07671880722045898
0.07069706916809082
0.06533980369567871
0.07869315147399902
0.06483650207519531
0.06497597694396973
0.07137250900268555
0.06404256820678711
0.06467270851135254
0.08824872970581055
0.07045578956604004
0.0664072036743164
0.06461834907531738
0.06432747840881348
0.07526969909667969
0.07727861404418945
0.06391048431396484
0.06414794921875
0.06349682807922363
0.0695953369140625
0.09261226654052734
0.0914609432220459
0.0699164867401123
0.06324362754821777
0.06417059898376465
0.06391072273254395
0.06336569786071777
0.07417726516723633
0.08316969871520996
0.06670308113098145
0.0780336856842041
0.07674622535705566
0.0699455738067627
0.074920654296875
0.06397366523742676
0.0675663948059082
0.06317448616027832
0.08403277397155762
0.07144665718078613
0.06802630424499512
0.06620573997497559
0.06489777565002441
0.06307649612426758
0.08025288581848145
0.06615734100341797
0.06347370147705078
0.0698082447052002
0.07551074028015137
0.07536125183105469
0.06363868713378906
0.06443047523498535
0.0660245418548584
0.06607913970947266
0.06578874588012695
0.06711578369140625
0.07114791870117188
0.06481599807739258
0.06486058235168457
0.06463050842285156
0.07027220726013184
0.06408309936523438
0.06437849998474121
0.062261343002319336
0.07465362548828125
0.07041788101196289
0.06570243835449219
0.06373190879821777
0.07839703559875488
0.06638264656066895
0.06386113166809082
0.07387876510620117
0.06535124778747559
0.07529592514038086
0.06888389587402344
0.07605361938476562
0.06538653373718262
0.0647420883178711
0.07901263236999512
0.06414151191711426
0.06392574310302734
0.06345367431640625
0.0629887580871582
0.09344220161437988
0.07094860076904297
0.07929444313049316
0.0643310546875
0.06387758255004883
0.06375670433044434
0.06388282775878906
0.06431770324707031
0.062467336654663086
0.07000160217285156
0.06457352638244629
0.06464076042175293
0.06405425071716309
0.06452631950378418
0.0645914077758789
0.06436920166015625
0.06288313865661621
0.06374955177307129
0.07017087936401367
0.06489324569702148
0.07742047309875488
0.07442021369934082
0.06715154647827148
0.0626678466796875
0.0637054443359375
0.07838964462280273
0.07877421379089355
0.06937050819396973
0.06549882888793945
0.06430530548095703
0.07117748260498047
0.0784597396850586
0.07121634483337402
0.06649279594421387
0.06383728981018066
0.06264042854309082
0.06981587409973145
0.0648341178894043
0.06412243843078613
0.07486605644226074
0.07845616340637207
0.0642552375793457
0.06456637382507324
0.06394577026367188
0.06331038475036621
0.07061266899108887
0.0635216236114502
0.06309151649475098
0.07817387580871582
0.08015918731689453
0.06426382064819336
0.06711483001708984
0.08400702476501465
0.08074021339416504
0.0706784725189209
0.0888817310333252
0.06668686866760254
0.08509373664855957
0.0832529067993164
0.07854843139648438
0.061783552169799805
0.061876535415649414
0.06229734420776367
0.06902050971984863
0.07695364952087402
0.06849217414855957
0.07865738868713379
0.06562256813049316
0.06457304954528809
0.06541848182678223
0.06525993347167969
0.06267166137695312
0.07043576240539551
0.07595634460449219
0.0649559497833252
0.0724022388458252
0.07360100746154785
0.07845306396484375
0.06349945068359375
0.06542563438415527
0.07569122314453125
0.07353663444519043
0.0668649673461914
0.06496882438659668
0.06467318534851074
0.06450080871582031
0.06361556053161621
0.06142997741699219
0.07466459274291992
0.07454776763916016
0.07577776908874512
0.07961487770080566
0.06379389762878418
0.07774043083190918
0.07329106330871582
0.06443190574645996
0.0652322769165039
0.06352710723876953
0.07771897315979004
0.08023905754089355
0.07800912857055664
0.06489014625549316
0.06498479843139648
0.07802581787109375
0.07450556755065918
0.06874966621398926
0.08776116371154785
0.07526516914367676
0.06922650337219238
0.07485175132751465
0.06389880180358887
0.06405258178710938
0.06479048728942871
0.06519484519958496
0.06427311897277832
0.0753786563873291
0.07418680191040039
0.08104562759399414
0.06421852111816406
0.07445216178894043
0.07713198661804199
0.06465697288513184
0.06426715850830078
0.0749056339263916
0.06472635269165039
0.07797694206237793
0.07009387016296387
0.06436014175415039
0.0789642333984375
0.0680699348449707
0.07817935943603516
0.06464695930480957
0.06492137908935547
0.06376171112060547
0.0627593994140625
0.06892657279968262
0.06703901290893555
0.06278824806213379
0.06442666053771973
0.07252216339111328
0.08740091323852539
0.07820415496826172
0.06398582458496094
0.07484197616577148
0.06998085975646973
0.06492257118225098
0.06748652458190918
0.0632021427154541
0.06474637985229492
0.06349539756774902
0.07503938674926758
0.07804656028747559
0.08146905899047852
0.06941652297973633
0.06809020042419434
0.07527327537536621
0.06335878372192383
0.06528639793395996
0.06481766700744629
0.06485939025878906
0.06490731239318848
0.0649716854095459
0.07009387016296387
0.07522749900817871
0.06294536590576172
0.06533432006835938
0.06339073181152344
0.0632023811340332
0.06471610069274902
0.07535147666931152
0.07495880126953125
0.08260965347290039
0.07886457443237305
0.0679314136505127
0.06452107429504395
0.07416296005249023
0.06472015380859375
0.07360482215881348
0.06660294532775879
0.06434297561645508
0.0689995288848877
0.06463885307312012
0.06421709060668945
0.06403732299804688
0.0632486343383789
0.07771086692810059
0.06540846824645996
0.06422162055969238
0.07466387748718262
0.08596062660217285
0.08356332778930664
0.06549239158630371
0.07460832595825195
0.07204747200012207
0.06351757049560547
0.06442046165466309
0.06273841857910156
0.06328105926513672
0.09290027618408203
0.0675513744354248
0.06551885604858398
0.06443214416503906
0.06423473358154297
0.06261491775512695
0.07772684097290039
0.07810735702514648
0.06306743621826172
0.07011771202087402
0.06549453735351562
0.06357097625732422
0.06295537948608398
0.06427979469299316
0.06429290771484375
0.06266403198242188
0.07834696769714355
0.06691360473632812
0.08120369911193848
0.06816244125366211
0.06746482849121094
0.06467580795288086
0.06454110145568848
0.06489849090576172
0.06421422958374023
0.0695044994354248
0.0785527229309082
0.07263922691345215
0.06550312042236328
0.06495213508605957
0.0782768726348877
0.06867718696594238
0.065826416015625
0.07832121849060059
0.07525467872619629
0.06313419342041016
0.07056713104248047
0.06726646423339844
0.08886098861694336
0.07528543472290039
0.06784725189208984
0.07568740844726562
0.06325101852416992
0.06275749206542969
0.06210970878601074
0.08318495750427246
0.07901692390441895
0.06465697288513184
0.0744023323059082
0.07496309280395508
0.06584954261779785
0.07751631736755371
0.06736564636230469
0.07747292518615723
0.08339190483093262
0.06499195098876953
0.07900524139404297
0.06589078903198242
0.07778501510620117
0.06415605545043945
0.06256937980651855
0.06406283378601074
0.06270051002502441
0.06920480728149414
0.06345772743225098
0.06523489952087402
0.07782959938049316
0.07531857490539551
0.06624603271484375
0.06622648239135742
0.06487917900085449
0.06272673606872559
0.06994295120239258
0.0645601749420166
0.06454324722290039
0.06235504150390625
0.07752060890197754
0.07442021369934082
0.0814507007598877
0.07065153121948242
0.0738372802734375
0.08179426193237305
0.07967615127563477
0.06582784652709961
0.06547379493713379
0.06489372253417969
0.06410980224609375
0.06297016143798828
0.06527996063232422
0.07584977149963379
0.07011246681213379
0.06559300422668457
0.08807373046875
0.07272648811340332
0.0805206298828125
0.06317877769470215
0.06491756439208984
0.0654909610748291
0.07450675964355469
0.07057428359985352
0.06559586524963379
0.06437182426452637
0.06463742256164551
0.06516146659851074
0.06442570686340332
0.06261515617370605
0.06383466720581055
0.07350873947143555
0.06964731216430664
0.06474947929382324
0.06451988220214844
0.0642240047454834
0.06449317932128906
0.07788753509521484
0.06801867485046387
0.07766842842102051
0.0629878044128418
0.07666397094726562
0.06527853012084961
0.06471681594848633
0.0744173526763916
0.0662837028503418
0.07215356826782227
0.06353092193603516
0.07770919799804688
0.06313490867614746
0.0684056282043457
0.06492376327514648
0.06401729583740234
0.07753872871398926
0.07838082313537598
0.06402707099914551
0.06453156471252441
0.06304740905761719
0.06352090835571289
0.06914329528808594
0.06577849388122559
0.06445860862731934
0.06458044052124023
0.0777597427368164
0.0633687973022461
0.06394529342651367
0.06449770927429199
0.06432962417602539
0.06940650939941406
0.07141780853271484
0.0641024112701416
0.06414222717285156
0.07725191116333008
0.06228232383728027
0.06395339965820312
0.06642842292785645
0.06245994567871094
0.06915760040283203
0.06464004516601562
0.07752537727355957
0.07171010971069336
0.08161330223083496
0.06400060653686523
0.07733678817749023
0.06383728981018066
0.07471895217895508
0.07007551193237305
0.06452584266662598
0.07541656494140625
0.06884622573852539
0.0638730525970459
0.06795668601989746
0.06365013122558594
0.0728611946105957
0.07428336143493652
0.06979751586914062
0.06551718711853027
0.08827662467956543
0.06577277183532715
0.06452417373657227
0.062229156494140625
0.07492232322692871
0.06327056884765625
0.06365060806274414
0.06955766677856445
0.06354069709777832
0.06410479545593262
0.06467843055725098
0.07797050476074219
0.06359171867370605
0.06340742111206055
0.07769584655761719
0.07647132873535156
0.06999969482421875
0.06502151489257812
0.0642235279083252
0.0642397403717041
0.0626528263092041
0.06443619728088379
0.06446528434753418
0.0649256706237793
0.06607437133789062
0.08225822448730469
0.0696103572845459
0.0651707649230957
0.06442856788635254
0.06432962417602539
0.06342029571533203
0.06387138366699219
0.06469917297363281
0.06276369094848633
0.08043932914733887
0.0637979507446289
0.06319475173950195
0.06409668922424316
0.06422209739685059
0.0626368522644043
0.062283992767333984
0.06348896026611328
0.06655144691467285
0.06948375701904297
0.07869625091552734
0.06297183036804199
0.07469940185546875
0.07153177261352539
0.07753682136535645
0.06467270851135254
0.07850337028503418
0.06294083595275879
0.06923532485961914
0.06510734558105469
0.0750420093536377
0.06479907035827637
0.06448483467102051
0.06402301788330078
0.06453418731689453
0.06475424766540527
0.06357049942016602
0.06945133209228516
0.06468033790588379
0.06348347663879395
0.06410956382751465
0.06545019149780273
0.06401968002319336
0.06385469436645508
0.0713357925415039
0.06825947761535645
0.06948375701904297
0.07913446426391602
0.06482124328613281
0.06509113311767578
0.06446695327758789
0.06355857849121094
0.06417298316955566
0.06457114219665527
0.07354927062988281
0.06952261924743652
0.0759286880493164
0.06554913520812988
0.06296372413635254
0.0783388614654541
0.06433844566345215
0.06263542175292969
0.06417608261108398
0.07767987251281738
0.06910967826843262
0.06512784957885742
0.07814145088195801
0.06532526016235352
0.06475329399108887
0.06472897529602051
0.06392216682434082
0.06533074378967285
0.06531000137329102
0.0711374282836914
0.06493639945983887
0.06343197822570801
0.07586479187011719
0.06436324119567871
0.06648111343383789
0.06336522102355957
0.06464266777038574
0.0781257152557373
0.06908369064331055
0.06502127647399902
0.06435370445251465
0.07754373550415039
0.06309628486633301
0.07867074012756348
0.0642862319946289
0.08555793762207031
0.06829833984375
0.06999039649963379
0.06781172752380371
0.07547640800476074
0.06464457511901855
0.06398749351501465
0.07463264465332031
0.06378459930419922
0.07799744606018066
0.0629580020904541
0.08994293212890625
0.08450698852539062
0.07334446907043457
0.0643455982208252
0.06440258026123047
0.06413078308105469
0.07505202293395996
0.06488370895385742
0.06346392631530762
0.07921695709228516
0.06665182113647461
0.06432461738586426
0.06390094757080078
0.06201672554016113
0.062309980392456055
0.0633232593536377
0.06250309944152832
0.06303524971008301
0.07030105590820312
0.06549215316772461
0.08908319473266602
0.07063102722167969
0.07083606719970703
0.06866097450256348
0.08815979957580566
0.07986330986022949
0.07593870162963867
0.0745089054107666
0.06515097618103027
0.06457257270812988
0.06912994384765625
0.06548595428466797
0.06605148315429688
0.06740975379943848
0.06903409957885742
0.08712172508239746
0.07483911514282227
0.06950831413269043
0.06457018852233887
0.0677483081817627
0.07512211799621582
0.06490516662597656
0.06917095184326172
0.07659769058227539
0.08145618438720703
0.09037899971008301
0.07040071487426758
0.08765482902526855
0.06948566436767578
0.07402706146240234
0.07415652275085449
0.0844883918762207
0.07364654541015625
0.08490896224975586
0.07384943962097168
0.06996631622314453
0.07286739349365234
0.09026241302490234
0.06977534294128418
0.06912374496459961
0.06991124153137207
0.06981229782104492
0.07486128807067871
0.07292699813842773
0.09055423736572266
0.0780494213104248
0.07012104988098145
0.09154987335205078
0.06854677200317383
0.06834697723388672
0.07001614570617676
0.07485365867614746
0.06952190399169922
0.07020998001098633
0.09029960632324219
0.06904029846191406
0.07218050956726074
0.07131409645080566
0.06673741340637207
0.06308817863464355
0.08447122573852539
0.07723331451416016
0.07160639762878418
0.07006335258483887
0.0695493221282959
0.07868003845214844
0.06446957588195801
0.07753801345825195
0.07784342765808105
0.07772064208984375
0.09479522705078125
0.07968997955322266
0.09242105484008789
0.08352875709533691
0.08818578720092773
0.08713531494140625
0.07044053077697754
0.07407283782958984
0.0746150016784668
0.08383703231811523
0.06601905822753906
0.07693767547607422
0.06917762756347656
0.07469487190246582
0.07778644561767578
0.07892584800720215
0.06927275657653809
0.0685417652130127
0.07532644271850586
0.07076025009155273
0.08216643333435059
0.06688261032104492
0.06421828269958496
0.07634949684143066
0.06770634651184082
0.07744050025939941
0.07231330871582031
0.07394623756408691
0.08772873878479004
0.07798981666564941
0.07490158081054688
0.06458640098571777
0.07459139823913574
0.06627392768859863
0.06377315521240234
0.06433224678039551
0.06946969032287598
0.06487631797790527
0.06422138214111328
0.0733180046081543
0.07516598701477051
0.06643176078796387
0.06624245643615723
0.0637810230255127
0.07436847686767578
0.06755375862121582
0.06404495239257812
0.07745814323425293
0.08448481559753418
0.07502341270446777
0.07756543159484863
0.06930017471313477
0.07437825202941895
0.07474946975708008
0.07985281944274902
0.06329655647277832
0.07521295547485352
0.06538844108581543
0.06474661827087402
0.07899713516235352
0.06389474868774414
0.07485032081604004
0.08896064758300781
0.06911945343017578
0.0789482593536377
0.06444358825683594
0.06454753875732422
0.07471156120300293
0.0627431869506836
0.07795262336730957
0.06964111328125
0.08870196342468262
0.07579994201660156
0.0638580322265625
0.06786632537841797
0.06464385986328125
0.0645608901977539
0.07674717903137207
0.07226872444152832
0.07806253433227539
0.07546472549438477
0.06977987289428711
0.06383752822875977
0.07490015029907227
0.07477617263793945
0.06511330604553223
0.07485222816467285
0.0785818099975586
0.0839390754699707
0.06722712516784668
0.06778454780578613
0.06556177139282227
0.07833027839660645
0.07838010787963867
0.08175778388977051
0.08116984367370605
0.08164405822753906
0.08836483955383301
0.06343483924865723
0.07142305374145508
0.06831073760986328
0.07038545608520508
0.0633084774017334
0.07828259468078613
0.06440186500549316
0.07787084579467773
0.08765411376953125
0.0845799446105957
0.07422232627868652
0.07769894599914551
0.0700678825378418
0.06537342071533203
0.06439542770385742
0.06398653984069824
0.06403493881225586
0.06461215019226074
0.06290173530578613
0.070281982421875
0.06521320343017578
0.06472301483154297
0.07349801063537598
0.07790207862854004
0.06902289390563965
0.07308673858642578
0.06578612327575684
0.06545829772949219
0.07262420654296875
0.06512141227722168
0.07743620872497559
0.06377458572387695
0.06343221664428711
0.0746922492980957
0.06443142890930176
0.07529377937316895
0.07706785202026367
0.09118008613586426
0.08550715446472168
0.07743024826049805
0.09395217895507812
0.08315658569335938
0.07487034797668457
0.07790112495422363
0.06400275230407715
0.06275653839111328
0.08362650871276855
0.06460833549499512
0.07878518104553223
0.06607294082641602
0.0996408462524414
0.08594655990600586
0.08325028419494629
0.08301973342895508
0.08310437202453613
0.09005331993103027
0.07592225074768066
0.06693577766418457
0.07552504539489746
0.07742738723754883
0.06547880172729492
0.07321310043334961
0.07304048538208008
0.07209467887878418
0.07578349113464355
0.07028651237487793
0.06931161880493164
0.06707572937011719
0.06404399871826172
0.06324291229248047
0.0644223690032959
0.06746506690979004
0.06878781318664551
0.07442450523376465
0.07114791870117188
0.07781362533569336
0.06763768196105957
0.0677180290222168
0.07451653480529785
0.07249617576599121
0.06961917877197266
0.07924485206604004
0.08564591407775879
0.06999063491821289
0.06876516342163086
0.06940937042236328
0.06946349143981934
0.06818652153015137
0.06818723678588867
0.06806349754333496
0.08712244033813477
0.07437324523925781
0.06906771659851074
0.06507086753845215
0.06506109237670898
0.0657968521118164
0.07867097854614258
0.06813669204711914
0.06878256797790527
0.06305432319641113
0.06810426712036133
0.06741213798522949
0.0639333724975586
0.06707382202148438
0.08853793144226074
0.08769989013671875
0.06450080871582031
0.07444930076599121
0.06743478775024414
0.07387685775756836
0.0730135440826416
0.06458115577697754
0.06437301635742188
0.06426525115966797
0.06909322738647461
0.0882565975189209
0.06412029266357422
0.08405709266662598
0.07460832595825195
0.06940293312072754
0.06956648826599121
0.0634770393371582
0.06856799125671387
0.07970643043518066
0.06574368476867676
0.07791566848754883
0.08101034164428711
0.08089923858642578
0.06970643997192383
0.0718545913696289
0.07017993927001953
0.0794222354888916
0.06926465034484863
0.06916165351867676
0.06435036659240723
0.06811380386352539
0.07289409637451172
0.07288336753845215
0.06387114524841309
0.06340456008911133
0.0642392635345459
0.06293463706970215
0.06331062316894531
0.0684053897857666
0.06869792938232422
0.0748605728149414
0.0680088996887207
0.06888818740844727
0.06715011596679688
0.06880712509155273
0.06956601142883301
0.06716680526733398
0.06743383407592773
0.06888771057128906
0.07523584365844727
0.06854391098022461
0.07007527351379395
0.06990528106689453
0.07087111473083496
0.06886410713195801
0.06834936141967773
0.06409096717834473
0.06466484069824219
0.0690915584564209
0.06593060493469238
0.06500625610351562
0.06427907943725586
0.06457042694091797
0.07539486885070801
0.07231688499450684
0.06719636917114258
0.06475162506103516
0.07440423965454102
0.06523871421813965
0.06892228126525879
0.06900906562805176
0.0704042911529541
0.06870412826538086
0.06894230842590332
0.06842970848083496
0.07111120223999023
0.07430601119995117
0.07059001922607422
0.07991671562194824
0.07124567031860352
0.06582045555114746
0.06571316719055176
0.0666360855102539
0.06423521041870117
0.06749629974365234
0.07167625427246094
0.06827187538146973
0.06499409675598145
0.06593847274780273
0.0657954216003418
0.06706118583679199
0.06587696075439453
0.0635671615600586
0.06293392181396484
0.07281970977783203
0.06740927696228027
0.06500792503356934
0.08938384056091309
0.06427311897277832
0.06667470932006836
0.06644082069396973
0.06664013862609863
0.08043169975280762
0.07278251647949219
0.06725549697875977
0.07301807403564453
0.07723021507263184
0.06559038162231445
0.06320071220397949
0.06268930435180664
0.06446552276611328
0.06794595718383789
0.0703740119934082
0.06538701057434082
0.07446980476379395
0.06503701210021973
0.08948922157287598
0.06938290596008301
0.08832478523254395
0.08854889869689941
0.0727834701538086
0.07520794868469238
0.06789231300354004
0.06656432151794434
0.06590771675109863
0.0876321792602539
0.06386828422546387
0.06531858444213867
0.09600162506103516
0.09058070182800293
0.07732534408569336
0.06634902954101562
0.06932616233825684
0.06521344184875488
0.084869384765625
0.07902383804321289
0.09931659698486328
0.08873987197875977
0.07824540138244629
0.08310270309448242
0.07453179359436035
0.0814061164855957
0.07357978820800781
0.06202530860900879
0.06873726844787598
0.06933021545410156
0.06888532638549805
0.08998847007751465
0.08350634574890137
0.06331396102905273
0.06524348258972168
0.06459712982177734
0.06494927406311035
0.06431913375854492
0.06368517875671387
0.06399297714233398
0.07480549812316895
0.07733845710754395
0.07454180717468262
0.07163357734680176
0.06453442573547363
0.06462526321411133
0.06860160827636719
0.06541156768798828
0.06484293937683105
0.06463170051574707
0.10633683204650879
0.07743668556213379
0.07181477546691895
0.06513643264770508
0.07539534568786621
0.07636356353759766
0.07664775848388672
0.06706881523132324
0.06775712966918945
0.07303047180175781
0.0677175521850586
0.08083963394165039
0.06711983680725098
0.0823218822479248
0.06547331809997559
0.06765103340148926
0.06700682640075684
0.06757330894470215
0.07024073600769043
0.06395339965820312
0.06446480751037598
0.06662106513977051
0.08108925819396973
0.06754493713378906
0.08066654205322266
0.08081793785095215
0.06680870056152344
0.06860995292663574
0.06489348411560059
0.0658104419708252
0.06650733947753906
0.06446361541748047
0.06354928016662598
0.07474493980407715
0.06358075141906738
0.06298184394836426
0.06959056854248047
0.0808095932006836
0.06554293632507324
0.07777547836303711
0.06395888328552246
0.06728410720825195
0.06426095962524414
0.0747528076171875
0.07494354248046875
0.07392287254333496
0.06602287292480469
0.06544375419616699
0.06566238403320312
0.08034658432006836
0.08591771125793457
0.06516861915588379
0.06254172325134277
0.06322264671325684
0.06969070434570312
0.0886998176574707
0.08410978317260742
0.08355975151062012
0.07178521156311035
0.07909488677978516
0.06416940689086914
0.07813382148742676
0.07752418518066406
0.09528470039367676
0.0754549503326416
0.06853413581848145
0.06382989883422852
0.06370878219604492
0.07748675346374512
0.06509876251220703
0.06510806083679199
0.07420635223388672
0.06969451904296875
0.078948974609375
0.06505060195922852
0.06382369995117188
0.07435798645019531
0.06442952156066895
0.0837562084197998
0.07197952270507812
0.07267618179321289
0.08672523498535156
0.06471133232116699
0.07748198509216309
0.0746152400970459
0.06742167472839355
0.07934927940368652
0.06521344184875488
0.06379461288452148
0.08430337905883789
0.07439827919006348
0.07985615730285645
0.07372450828552246
0.07845830917358398
0.07161307334899902
0.07160258293151855
0.07362174987792969
0.06730461120605469
0.08408665657043457
0.06990742683410645
0.07008910179138184
0.08887553215026855
0.07402539253234863
0.09443306922912598
0.0774080753326416
0.06430578231811523
0.07467889785766602
0.07162165641784668
0.06855916976928711
0.08945012092590332
0.07337546348571777
0.07012367248535156
0.08841300010681152
0.06943655014038086
0.07240128517150879
0.07737970352172852
0.06712055206298828
0.07373332977294922
0.06974601745605469
0.07925128936767578
0.07516670227050781
0.0672297477722168
0.0773169994354248
0.06248641014099121
0.07003641128540039
0.06264281272888184
0.06955695152282715
0.06473922729492188
0.07539248466491699
0.07313895225524902
0.06444787979125977
0.07130575180053711
0.07393169403076172
0.07877540588378906
0.06401586532592773
0.06903862953186035
0.06543183326721191
0.09975576400756836
0.07269477844238281
0.06404399871826172
0.06372809410095215
0.06248831748962402
0.07098698616027832
0.06621551513671875
0.0750117301940918
0.0653681755065918
0.08061957359313965
0.06524968147277832
0.06532669067382812
0.06320500373840332
0.06881070137023926
0.06397485733032227
0.08479785919189453
0.0739126205444336
0.07978105545043945
0.07068753242492676
0.06967711448669434
0.06728863716125488
0.062294721603393555
0.06742548942565918
0.08931231498718262
0.07680201530456543
0.07794189453125
0.06846427917480469
0.06978964805603027
0.06420135498046875
0.06502914428710938
0.0645751953125
0.06406736373901367
0.06736254692077637
0.06890153884887695
0.07024478912353516
0.07453513145446777
0.06595039367675781
0.07767915725708008
0.07764959335327148
0.06644725799560547
0.06651973724365234
0.0661611557006836
0.07541751861572266
0.07275080680847168
0.06432485580444336
0.06552982330322266
0.0646822452545166
0.06426119804382324
0.06709599494934082
0.06682968139648438
0.06704115867614746
0.06706094741821289
0.08096814155578613
0.07771539688110352
0.06563782691955566
0.06487751007080078
0.06496191024780273
0.06690406799316406
0.07685446739196777
0.07818460464477539
0.06546425819396973
0.07266950607299805
0.06701111793518066
0.06573987007141113
0.07749581336975098
0.07797074317932129
0.07805466651916504
0.0647895336151123
0.06449770927429199
0.07725667953491211
0.06887984275817871
0.08969855308532715
0.0697486400604248
0.06419563293457031
0.07430672645568848
0.06475043296813965
0.0638587474822998
0.07103180885314941
0.07473301887512207
0.0673675537109375
0.06345558166503906
0.06530952453613281
0.06449222564697266
0.06463432312011719
0.07302427291870117
0.06420159339904785
0.0643465518951416
0.07476925849914551
0.07978701591491699
0.07928347587585449
0.07321047782897949
0.06850004196166992
0.07723331451416016
0.06289911270141602
0.06416893005371094
0.06466126441955566
0.06462597846984863
0.06987500190734863
0.06642317771911621
0.07599377632141113
0.0648660659790039
0.06413459777832031
0.0638887882232666
0.06443977355957031
0.06482124328613281
0.06432271003723145
0.06997799873352051
0.06534504890441895
0.06467223167419434
0.0638132095336914
0.0787355899810791
0.06454586982727051
0.0642397403717041
0.06303548812866211
0.07756876945495605
0.06903576850891113
0.07967948913574219
0.06991100311279297
0.0786130428314209
0.07893657684326172
0.07034063339233398
0.0667726993560791
0.06400656700134277
0.07790970802307129
0.06827449798583984
0.07891964912414551
0.0758054256439209
0.07252168655395508
0.06809091567993164
0.06416511535644531
0.06392478942871094
0.06385397911071777
0.07724523544311523
0.08090662956237793
0.06940364837646484
0.08057546615600586
0.06511950492858887
0.07452750205993652
0.06404757499694824
0.07779550552368164
0.10052871704101562
0.09029459953308105
0.08809494972229004
0.08059215545654297
0.06854915618896484
0.07797741889953613
0.08019208908081055
0.06712007522583008
0.06579875946044922
0.06616449356079102
0.06551551818847656
0.07359719276428223
0.0670633316040039
0.07712507247924805
0.08078193664550781
0.06653952598571777
0.06704020500183105
0.06631088256835938
0.06401705741882324
0.07762336730957031
0.07466840744018555
0.07486987113952637
0.06333589553833008
0.06658339500427246
0.06617569923400879
0.0637514591217041
0.07722640037536621
0.0642251968383789
0.06676340103149414
0.06971287727355957
0.07890963554382324
0.06775426864624023
0.06489086151123047
0.06391716003417969
0.07793951034545898
0.06664395332336426
0.07871532440185547
0.063140869140625
0.06993317604064941
0.06546926498413086
0.06433725357055664
0.07763528823852539
0.07640838623046875
0.06465435028076172
0.06349754333496094
0.0654914379119873
0.0644690990447998
0.06982064247131348
0.06519174575805664
0.06488561630249023
0.08924221992492676
0.0683286190032959
0.07783317565917969
0.08923149108886719
0.08965086936950684
0.07861566543579102
0.09511327743530273
0.07027840614318848
0.06902837753295898
0.06596016883850098
0.07562112808227539
0.06406283378601074
0.06285357475280762
0.06459641456604004
0.07303905487060547
0.06782865524291992
0.06550407409667969
0.06711578369140625
0.06420445442199707
0.06098055839538574
0.07805252075195312
0.0851888656616211
0.07432675361633301
0.06292891502380371
0.08292889595031738
0.08094024658203125
0.06756711006164551
0.0662987232208252
0.06284761428833008
0.06410908699035645
0.06350398063659668
0.06106209754943848
0.0713644027709961
0.07861685752868652
0.0641622543334961
0.06436753273010254
0.0782465934753418
0.07650971412658691
0.06809091567993164
0.06361222267150879
0.0782923698425293
0.06267404556274414
0.08346080780029297
0.06498551368713379
0.07781767845153809
0.06432533264160156
0.0750272274017334
0.07805418968200684
0.0788428783416748
0.0745694637298584
0.06273245811462402
0.06735706329345703
0.0625753402709961
0.06369519233703613
0.0644371509552002
0.06269240379333496
0.06430673599243164
0.06295514106750488
0.06401634216308594
0.07710099220275879
0.07003426551818848
0.06552910804748535
0.07793712615966797
0.06412482261657715
0.07532715797424316
0.0637824535369873
0.06223559379577637
0.06400799751281738
0.07210588455200195
0.08039689064025879
0.06547331809997559
0.07883596420288086
0.07395029067993164
0.07601094245910645
0.06321144104003906
0.06301712989807129
0.06304407119750977
0.062035322189331055
0.07679104804992676
0.06790614128112793
0.06852841377258301
0.07848882675170898
0.0689702033996582
0.06285262107849121
0.0633237361907959
0.08472228050231934
0.07912993431091309
0.08353543281555176
0.06334400177001953
0.06466531753540039
0.08788824081420898
0.07715249061584473
0.0690453052520752
0.07386088371276855
0.07367801666259766
0.08660554885864258
0.07478165626525879
0.0632631778717041
0.06737351417541504
0.06865382194519043
0.06350231170654297
0.06317949295043945
0.0619964599609375
0.0634775161743164
0.0770876407623291
0.08901429176330566
0.0805826187133789
0.07709288597106934
0.07377910614013672
0.06713247299194336
0.07259035110473633
0.0871279239654541
0.06488561630249023
0.08232879638671875
0.07969164848327637
0.06341433525085449
0.07922625541687012
0.0632023811340332
0.0718836784362793
0.09042906761169434
0.07498764991760254
0.07748079299926758
0.06264400482177734
0.06835103034973145
0.06509780883789062
0.07775735855102539
0.07717490196228027
0.06454586982727051
0.07742691040039062
0.06851077079772949
0.06380510330200195
0.07577013969421387
0.07472872734069824
0.8455557823181152
0.07935380935668945
0.09645676612854004
0.08654260635375977
0.08369636535644531
0.08009505271911621
0.07992291450500488
0.0714559555053711
0.08479189872741699
0.0819101333618164
0.07689642906188965
0.07722139358520508
0.07628965377807617
0.07676911354064941
0.07598519325256348
0.07581663131713867
0.07330203056335449
0.0702967643737793
0.07930207252502441
0.07215380668640137
0.07250237464904785
0.07374000549316406
0.09179472923278809
0.07569241523742676
0.07010579109191895
0.07218003273010254
0.08169150352478027
0.08522605895996094
0.09586501121520996
0.07622218132019043
0.07134342193603516
0.07100176811218262
0.08444690704345703
0.07263803482055664
0.07229900360107422
0.07256650924682617
0.07964825630187988
0.07251739501953125
0.07289409637451172
0.07245182991027832
0.07360625267028809
0.07567954063415527
0.09539651870727539
0.08644533157348633
0.07463812828063965
0.07896685600280762
0.07242012023925781
0.09205460548400879
0.0760643482208252
0.07617878913879395
0.07604527473449707
0.0764164924621582
0.07596421241760254
0.07037949562072754
0.09208345413208008
0.0765848159790039
0.09558773040771484
0.0966639518737793
0.10572075843811035
0.0762181282043457
0.08499479293823242
0.07623577117919922
0.09228253364562988
0.08354330062866211
0.07967996597290039
0.0767214298248291
0.07559394836425781
0.07137370109558105
0.07358503341674805
0.07227730751037598
0.07234573364257812
0.07263588905334473
0.07781410217285156
0.07251119613647461
0.0771188735961914
0.09622645378112793
0.0716090202331543
0.07412457466125488
0.09571242332458496
0.0733180046081543
0.09616732597351074
0.09614753723144531
0.07549405097961426
0.07166624069213867
0.09745359420776367
0.08799195289611816
0.08002805709838867
0.10660409927368164
0.08322954177856445
0.07779169082641602
0.08257317543029785
0.09259986877441406
0.09452652931213379
0.07760381698608398
0.08859086036682129
0.08068466186523438
0.0757436752319336
0.08660149574279785
0.06870388984680176
0.07948899269104004
0.06980514526367188
0.09161686897277832
0.0806882381439209
0.07648372650146484
0.068756103515625
0.08512639999389648
0.08507561683654785
0.1031181812286377
0.09560513496398926
0.0931098461151123
0.08199715614318848
0.08597683906555176
0.08530235290527344
0.0760045051574707
0.06957030296325684
0.10212874412536621
0.0857243537902832
0.08666872978210449
0.0750722885131836
0.08391427993774414
0.08117818832397461
0.07023835182189941
0.07011818885803223
0.07018303871154785
0.07011795043945312
0.08080244064331055
0.08344221115112305
0.07151317596435547
0.07063651084899902
0.06858563423156738
0.07027292251586914
0.07142114639282227
0.07085132598876953
0.07074999809265137
0.06871867179870605
0.0767679214477539
0.06994247436523438
0.07704639434814453
0.08551621437072754
0.06826519966125488
0.0688176155090332
0.06944656372070312
0.06825852394104004
0.0689687728881836
0.07427573204040527
0.06869816780090332
0.0817255973815918
0.06755805015563965
0.068328857421875
0.06733441352844238
0.06777429580688477
0.06802511215209961
0.06669425964355469
0.07324981689453125
0.06675505638122559
0.08333659172058105
0.08250164985656738
0.06797027587890625
0.06779360771179199
0.08309078216552734
0.08120250701904297
0.06651759147644043
0.07338857650756836
0.07630133628845215
0.06575179100036621
0.07697105407714844
0.06621932983398438
0.07657122611999512
0.06577444076538086
0.06577873229980469
0.07692289352416992
0.07268500328063965
0.06646251678466797
0.06605982780456543
0.06624794006347656
0.07854890823364258
0.06456589698791504
0.0649878978729248
0.07898426055908203
0.06550145149230957
0.0704188346862793
0.0659029483795166
0.06511449813842773
0.06622123718261719
0.06548357009887695
0.069091796875
0.06341791152954102
0.07539939880371094
0.06478309631347656
0.0854349136352539
0.06674957275390625
0.06737256050109863
0.06440210342407227
0.06818437576293945
0.06428647041320801
0.0777740478515625
0.07791423797607422
0.08110475540161133
0.07515168190002441
0.07681608200073242
0.06858992576599121
0.06725621223449707
0.06358456611633301
0.06369352340698242
0.06434774398803711
0.08722400665283203
0.06327366828918457
0.07063460350036621
0.07511091232299805
0.06484556198120117
0.06269264221191406
0.06330060958862305
0.06375670433044434
0.06297636032104492
0.06371116638183594
0.07675337791442871
0.07055044174194336
0.06504559516906738
0.06467270851135254
0.06417036056518555
0.06353068351745605
0.06320643424987793
0.062131643295288086
0.06273889541625977
0.07451629638671875
0.06888818740844727
0.06441879272460938
0.06520962715148926
0.07932233810424805
0.06766891479492188
0.07399868965148926
0.06674790382385254
0.0787961483001709
0.07319378852844238
0.07463192939758301
0.06594586372375488
0.08299946784973145
0.08859872817993164
0.08463382720947266
0.08137178421020508
0.06671380996704102
0.08426713943481445
0.08984041213989258
0.07519316673278809
0.0695807933807373
0.08772110939025879
0.06641602516174316
0.06633520126342773
0.08372116088867188
0.09600234031677246
0.08919739723205566
0.06452250480651855
0.0758981704711914
0.06904077529907227
0.06946897506713867
0.06886148452758789
0.06351041793823242
0.06357645988464355
0.08734607696533203
0.06647634506225586
0.07714271545410156
0.09483480453491211
0.06919336318969727
0.07721590995788574
0.07741498947143555
0.0664970874786377
0.07742166519165039
0.06355500221252441
0.07440805435180664
0.06981134414672852
0.07834815979003906
0.07234358787536621
0.0704507827758789
0.07866048812866211
0.06370806694030762
0.06388425827026367
0.06331610679626465
0.0784914493560791
0.06557250022888184
0.09288215637207031
0.06350231170654297
0.06684207916259766
0.0692753791809082
0.0685429573059082
0.06352758407592773
0.08636188507080078
0.07281208038330078
0.09475064277648926
0.0894632339477539
0.0801846981048584
0.07175278663635254
0.07302737236022949
0.07734513282775879
0.0869436264038086
0.06828665733337402
0.06825375556945801
0.08829951286315918
0.07103085517883301
0.0861806869506836
0.08996772766113281
0.08069729804992676
0.10031771659851074
0.07764959335327148
0.09117341041564941
0.08180928230285645
0.08006572723388672
0.08973836898803711
0.0828239917755127
0.07493948936462402
0.0689551830291748
0.06884026527404785
0.06881356239318848
0.07956385612487793
0.08539319038391113
0.07791638374328613
0.07516241073608398
0.06763815879821777
0.0675508975982666
0.07835769653320312
0.06878352165222168
0.06811714172363281
0.07137298583984375
0.06782722473144531
0.07538461685180664
0.07192754745483398
0.062200069427490234
0.0659327507019043
0.06196260452270508
0.09382295608520508
0.07447600364685059
0.06453585624694824
0.06505084037780762
0.09791326522827148
0.08282017707824707
0.07293868064880371
0.06134533882141113
0.07078790664672852
0.08378362655639648
0.06881308555603027
0.06808638572692871
0.06157398223876953
0.07773137092590332
0.07098126411437988
0.07344675064086914
0.0688941478729248
0.07735276222229004
0.06215262413024902
0.0708165168762207
0.08815169334411621
0.07961082458496094
0.08094000816345215
0.08147192001342773
0.07882237434387207
0.07681012153625488
0.06817460060119629
0.0625619888305664
0.08365869522094727
0.08968591690063477
0.08896899223327637
0.07258224487304688
0.07383084297180176
0.06983375549316406
0.06933093070983887
0.06454992294311523
0.06834864616394043
0.09943199157714844
0.08704948425292969
0.06939864158630371
0.07449889183044434
0.06983637809753418
0.07488512992858887
0.0729525089263916
0.07973909378051758
0.0835881233215332
0.07202816009521484
0.07669234275817871
0.06404876708984375
0.08562254905700684
0.0863945484161377
0.06599903106689453
0.0749044418334961
0.06831097602844238
0.06788063049316406
0.07619500160217285
0.07459044456481934
0.07203459739685059
0.06672120094299316
0.06943058967590332
0.06360125541687012
0.06482696533203125
0.07442998886108398
0.07712435722351074
0.07749056816101074
0.0738840103149414
0.07775211334228516
0.0667579174041748
0.07079291343688965
0.07813858985900879
0.08758330345153809
0.07907843589782715
0.06403517723083496
0.0740511417388916
0.07482337951660156
0.07705521583557129
0.07567453384399414
0.07047152519226074
0.07840394973754883
0.06832313537597656
0.08792495727539062
0.08810019493103027
0.0774836540222168
0.07865405082702637
0.06573057174682617
0.07375216484069824
0.07115769386291504
0.06327319145202637
0.0622401237487793
0.07738590240478516
0.07454347610473633
0.06609320640563965
0.08570051193237305
0.0670013427734375
0.07415628433227539
0.06946992874145508
0.06452608108520508
0.07422327995300293
0.0634307861328125
0.06267189979553223
0.06316018104553223
0.06775355339050293
0.08791756629943848
0.07900857925415039
0.08653545379638672
0.06992125511169434
0.07237911224365234
0.06402397155761719
0.07475423812866211
0.06259822845458984
0.06358766555786133
0.06254696846008301
0.06294846534729004
0.07956457138061523
0.06267809867858887
0.0638430118560791
0.06358098983764648
0.0745859146118164
0.06362223625183105
0.07696819305419922
0.07720947265625
0.08094358444213867
0.08003807067871094
0.07517886161804199
0.07501840591430664
0.06797933578491211
0.07419610023498535
0.06287407875061035
0.08868050575256348
0.07033586502075195
0.07442164421081543
0.07037472724914551
0.06465959548950195
0.0646371841430664
0.06435346603393555
0.0785057544708252
0.06412220001220703
0.07427597045898438
0.07766509056091309
0.07851910591125488
0.06978893280029297
0.07819104194641113
0.07820010185241699
0.07185864448547363
0.0655512809753418
0.07873249053955078
0.07495665550231934
0.0739288330078125
0.06644463539123535
0.06933379173278809
0.06540775299072266
0.06692695617675781
0.07459259033203125
0.07002806663513184
0.06369781494140625
0.06381773948669434
0.06284761428833008
0.0668790340423584
0.06921219825744629
0.07817912101745605
0.07741236686706543
0.0804746150970459
0.0848381519317627
0.08933067321777344
0.08897662162780762
0.08932924270629883
0.08673715591430664
0.09972167015075684
0.08030486106872559
0.08156538009643555
0.08411478996276855
0.07365775108337402
0.0708456039428711
0.06458878517150879
0.06864666938781738
0.06253194808959961
0.08946967124938965
0.08915162086486816
0.07015824317932129
0.06351685523986816
0.07758021354675293
0.06994986534118652
0.0638127326965332
0.0842902660369873
0.0631875991821289
0.09512877464294434
0.0764312744140625
0.06762361526489258
0.0751039981842041
0.06895804405212402
0.07424759864807129
0.06619620323181152
0.07169580459594727
0.0828542709350586
0.07397341728210449
0.06470680236816406
0.07735085487365723
0.07770061492919922
0.07715535163879395
0.07713580131530762
0.07794022560119629
0.07476067543029785
0.07750201225280762
0.07090091705322266
0.06522631645202637
0.0652153491973877
0.06417489051818848
0.06884479522705078
0.06882691383361816
0.06862020492553711
0.06801247596740723
0.0633087158203125
0.07013106346130371
0.06692075729370117
0.07305502891540527
0.0640261173248291
0.06490445137023926
0.06883740425109863
0.06336450576782227
0.06653928756713867
0.08456063270568848
0.08004426956176758
0.06473684310913086
0.06478524208068848
0.06486654281616211
0.06397533416748047
0.06364750862121582
0.06910490989685059
0.06841540336608887
0.06302905082702637
0.0852506160736084
0.07204270362854004
0.06947469711303711
0.06925606727600098
0.09134459495544434
0.07412362098693848
0.06837201118469238
0.06888628005981445
0.06807565689086914
0.07473516464233398
0.08927583694458008
0.09448361396789551
0.08190369606018066
0.07991266250610352
0.0674443244934082
0.08823943138122559
0.08121466636657715
0.07849693298339844
0.08487796783447266
0.07845926284790039
0.06918454170227051
0.06879067420959473
0.07994675636291504
0.09466695785522461
0.08402180671691895
0.08452439308166504
0.06830930709838867
0.08252334594726562
0.06422877311706543
0.07425665855407715
0.07020306587219238
0.06634092330932617
0.06837248802185059
0.06827783584594727
0.06837630271911621
0.0736989974975586
0.09020686149597168
0.06988859176635742
0.06941819190979004
0.08774542808532715
0.08943295478820801
0.07261085510253906
0.06888484954833984
0.07052016258239746
0.0677952766418457
0.09259510040283203
0.0693366527557373
0.06893801689147949
0.06946516036987305
0.06846284866333008
0.0681455135345459
0.08756422996520996
0.068145751953125
0.06223607063293457
0.06995964050292969
0.07476520538330078
0.08598947525024414
0.07718777656555176
0.07395362854003906
0.06894087791442871
0.08005166053771973
0.0698237419128418
0.0776057243347168
0.07465195655822754
0.08896350860595703
0.07266688346862793
0.06444764137268066
0.07794690132141113
0.06558752059936523
0.07985234260559082
0.06139254570007324
0.09454035758972168
0.09776544570922852
0.0774831771850586
0.08130884170532227
0.07744932174682617
0.08714675903320312
0.07017683982849121
0.06356263160705566
0.06546235084533691
0.07744956016540527
0.07230162620544434
0.06462526321411133
0.06714367866516113
0.06690073013305664
0.08007431030273438
0.0665731430053711
0.0802004337310791
0.06943511962890625
0.06490850448608398
0.0858461856842041
0.0756216049194336
0.06502485275268555
0.06482362747192383
0.0660099983215332
0.06522893905639648
0.06628203392028809
0.06514143943786621
0.07971525192260742
0.0722663402557373
0.06548500061035156
0.06951355934143066
0.06412553787231445
0.06358504295349121
0.06391072273254395
0.07781815528869629
0.06446409225463867
0.06097912788391113
0.06979680061340332
0.06879925727844238
0.07524418830871582
0.06429648399353027
0.07437396049499512
0.06146883964538574
0.06277608871459961
0.06474661827087402
0.0628809928894043
0.07467818260192871
0.06392788887023926
0.06394267082214355
0.06299734115600586
0.062252044677734375
0.06432223320007324
0.06333613395690918
0.06462240219116211
0.07303881645202637
0.06855130195617676
0.06365752220153809
0.07837677001953125
0.08670234680175781
0.06439638137817383
0.06306838989257812
0.07772493362426758
0.06555438041687012
0.07539725303649902
0.06909561157226562
0.06512570381164551
0.06613540649414062
0.06549596786499023
0.07799983024597168
0.07097673416137695
0.06510090827941895
0.06257104873657227
0.062123775482177734
0.07040977478027344
0.0635981559753418
0.0646657943725586
0.06430506706237793
0.06423807144165039
0.0641176700592041
0.07891511917114258
0.0881052017211914
0.06309318542480469
0.08031392097473145
0.06493258476257324
0.07622385025024414
0.08618736267089844
0.0749521255493164
0.08198809623718262
0.0744025707244873
0.08428740501403809
0.07870745658874512
0.068267822265625
0.08045315742492676
0.0780642032623291
0.06447553634643555
0.06478238105773926
0.06384444236755371
0.06694698333740234
0.06365323066711426
0.06270289421081543
0.08317184448242188
0.08332681655883789
0.06873631477355957
0.06221604347229004
0.07827639579772949
0.06378841400146484
0.07717061042785645
0.0745093822479248
0.06267118453979492
0.06944537162780762
0.06462383270263672
0.07807135581970215
0.06379008293151855
0.06612610816955566
0.06429219245910645
0.06376409530639648
0.06315279006958008
0.07698440551757812
0.06813597679138184
0.06339144706726074
0.08642888069152832
0.07450985908508301
0.06978464126586914
0.06392025947570801
0.08558225631713867
0.08338356018066406
0.06291699409484863
0.06724834442138672
0.07824969291687012
0.07412314414978027
0.07604598999023438
0.07474064826965332
0.06322264671325684
0.0637357234954834
0.06292080879211426
0.07472991943359375
0.0694272518157959
0.06518220901489258
0.07566094398498535
0.07501673698425293
0.06516838073730469
0.06406641006469727
0.06389379501342773
0.06429910659790039
0.08827471733093262
0.08551263809204102
0.07036185264587402
0.08068442344665527
0.07539582252502441
0.0777444839477539
0.0676727294921875
0.06801152229309082
0.06787800788879395
0.06354236602783203
0.08377742767333984
0.06506109237670898
0.07533574104309082
0.06838226318359375
0.07294082641601562
0.06497669219970703
0.06413388252258301
0.06379485130310059
0.07742691040039062
0.08109402656555176
0.0786902904510498
0.07891011238098145
0.08117842674255371
0.06566548347473145
0.06407356262207031
0.0742642879486084
0.07239532470703125
0.06464791297912598
0.06866645812988281
0.07763791084289551
0.0638742446899414
0.06331872940063477
0.06370854377746582
0.07648944854736328
0.07744169235229492
0.07355880737304688
0.07469058036804199
0.07098770141601562
0.06446075439453125
0.06307339668273926
0.0742950439453125
0.06376862525939941
0.07189178466796875
0.06625747680664062
0.06246066093444824
0.0629889965057373
0.0686042308807373
0.07774782180786133
0.07812285423278809
0.06391716003417969
0.06483578681945801
0.0625455379486084
0.08485865592956543
0.07536697387695312
0.06558585166931152
0.08342361450195312
0.06439614295959473
0.06548500061035156
0.06446433067321777
0.07773303985595703
0.07285881042480469
0.07859635353088379
0.06260824203491211
0.06672143936157227
0.06861686706542969
0.0755915641784668
0.0841221809387207
0.0642237663269043
0.06309914588928223
0.07714653015136719
0.06775569915771484
0.0635983943939209
0.07694578170776367
0.08654975891113281
0.0634613037109375
0.07426571846008301
0.07753562927246094
0.07783102989196777
0.07407450675964355
0.06537699699401855
0.07751226425170898
0.07822155952453613
0.07394790649414062
0.07889318466186523
0.07472825050354004
0.06412935256958008
0.0743718147277832
0.06367015838623047
0.06318140029907227
0.07220125198364258
0.07639551162719727
0.0826573371887207
0.0632476806640625
0.06414246559143066
0.07384467124938965
0.07774472236633301
0.06177091598510742
0.06319284439086914
0.08808517456054688
0.08465003967285156
0.08848333358764648
0.06733012199401855
0.06454205513000488
0.0668039321899414
0.0633697509765625
0.08627033233642578
0.0813741683959961
0.08868646621704102
0.08974695205688477
0.08629918098449707
0.07338714599609375
0.06985116004943848
0.06670069694519043
0.08820581436157227
0.07661652565002441
0.06677746772766113
0.06532049179077148
0.0767357349395752
0.0703134536743164
0.07715892791748047
0.07757091522216797
0.07497692108154297
0.0878591537475586
0.0686643123626709
0.0874638557434082
0.07767009735107422
0.07481026649475098
0.06993865966796875
0.07872700691223145
0.0639810562133789
0.061258792877197266
0.06357240676879883
0.06407928466796875
0.0745692253112793
0.06414222717285156
0.06292009353637695
0.07978987693786621
0.06727814674377441
0.06323504447937012
0.06423640251159668
0.06341552734375
0.07918190956115723
0.06380009651184082
0.06193971633911133
0.0628519058227539
0.06895685195922852
0.07512307167053223
0.07784366607666016
0.06390523910522461
0.06382012367248535
0.06210637092590332
0.06374621391296387
0.06314706802368164
0.07723426818847656
0.07996702194213867
0.06695342063903809
0.0628662109375
0.06273436546325684
0.07790637016296387
0.06233930587768555
0.06387996673583984
0.06255698204040527
0.06284618377685547
0.08268260955810547
0.06341409683227539
0.07807731628417969
0.07527470588684082
0.06375408172607422
0.06240963935852051
0.0743875503540039
0.07325077056884766
0.08131647109985352
0.06921005249023438
0.07924056053161621
0.0776214599609375
0.06954336166381836
0.06423783302307129
0.06391263008117676
0.07452201843261719
0.07437610626220703
0.07455301284790039
0.06902003288269043
0.06351065635681152
0.06289315223693848
0.06381845474243164
0.07459425926208496
0.06918120384216309
0.08821392059326172
0.07275199890136719
0.07238149642944336
0.07761859893798828
0.06456565856933594
0.06408882141113281
0.0632476806640625
0.06347513198852539
0.06326127052307129
0.06244778633117676
0.06361055374145508
0.0626990795135498
0.08225893974304199
0.0642845630645752
0.0628201961517334
0.06281852722167969
0.06350445747375488
0.07384467124938965
0.07260346412658691
0.07094192504882812
0.062381744384765625
0.07921004295349121
0.06255888938903809
0.07460546493530273
0.0771174430847168
0.07767844200134277
0.08992123603820801
0.08088350296020508
0.08948516845703125
0.07908272743225098
0.09557676315307617
0.09180521965026855
0.08798336982727051
0.07774066925048828
0.0773935317993164
0.07627487182617188
0.07706785202026367
0.07479286193847656
0.0891718864440918
0.07256007194519043
0.07459092140197754
0.06549787521362305
0.0662546157836914
0.06299090385437012
0.06255888938903809
0.06300711631774902
0.0618288516998291
0.06407809257507324
0.0675361156463623
0.06708502769470215
0.06449580192565918
0.06748151779174805
0.07442736625671387
0.06897377967834473
0.06306219100952148
0.06792521476745605
0.07705283164978027
0.07298564910888672
0.07608866691589355
0.06885170936584473
0.07563900947570801
0.07688450813293457
0.06273698806762695
0.07461142539978027
0.06323742866516113
0.0635826587677002
0.08018612861633301
0.07598495483398438
0.0634756088256836
0.07762837409973145
0.08104324340820312
0.06277227401733398
0.07311582565307617
0.07688474655151367
0.07710480690002441
0.07030296325683594
0.0740199089050293
0.06485533714294434
0.08909392356872559
0.07458114624023438
0.0797724723815918
0.09161639213562012
0.08367180824279785
0.09146976470947266
0.10157918930053711
0.08734440803527832
0.09085726737976074
0.07999825477600098
0.06327319145202637
0.06794095039367676
0.06706905364990234
0.08379244804382324
0.06261324882507324
0.06799960136413574
0.06275653839111328
0.06620931625366211
0.06883668899536133
0.06328415870666504
0.0806112289428711
0.06830048561096191
0.06655645370483398
0.0843958854675293
0.0839395523071289
0.07317519187927246
0.07192492485046387
0.08419919013977051
0.08919405937194824
0.0823218822479248
0.08028650283813477
0.06920313835144043
0.07777094841003418
0.07306027412414551
0.08964920043945312
0.0632944107055664
0.08845806121826172
0.07837367057800293
0.08555841445922852
0.07962703704833984
0.07989287376403809
0.08133506774902344
0.07186269760131836
0.08886122703552246
0.09047079086303711
0.07789993286132812
0.0667262077331543
0.07340240478515625
0.0710451602935791
0.06861662864685059
0.0630338191986084
0.08168530464172363
0.06617403030395508
0.07775092124938965
0.06657290458679199
0.06950187683105469
0.08478546142578125
0.06887602806091309
0.08699297904968262
0.06597042083740234
0.08229207992553711
0.07744121551513672
0.0648801326751709
0.08382558822631836
0.06820416450500488
0.08726668357849121
0.07675027847290039
0.08403587341308594
0.09482359886169434
0.08901524543762207
0.0841989517211914
0.06442070007324219
0.07418346405029297
0.07019329071044922
0.07779288291931152
0.0667414665222168
0.08882331848144531
0.08198666572570801
0.07919740676879883
0.06949138641357422
0.06887078285217285
0.07301115989685059
0.07047057151794434
0.07756376266479492
0.07084965705871582
0.06421709060668945
0.0634775161743164
0.0827784538269043
0.0662682056427002
0.06482505798339844
0.07806921005249023
0.0665121078491211
0.0657958984375
0.06485891342163086
0.06574058532714844
0.06315469741821289
0.08287835121154785
0.06652569770812988
0.06542849540710449
0.08072280883789062
0.06420183181762695
0.07682180404663086
0.06663274765014648
0.07768583297729492
0.07243561744689941
0.08120107650756836
0.07189369201660156
0.07379031181335449
0.07835936546325684
0.08971810340881348
0.0811460018157959
0.06388187408447266
0.06348061561584473
0.0678873062133789
0.08308100700378418
0.0636758804321289
0.06265926361083984
0.06425833702087402
0.06263256072998047
0.06443238258361816
0.06352853775024414
0.06122565269470215
0.06124758720397949
0.07142353057861328
0.08754491806030273
0.0632174015045166
0.08023214340209961
0.06771588325500488
0.06407332420349121
0.07870793342590332
0.06366515159606934
0.0768272876739502
0.0827476978302002
0.06402158737182617
0.06467437744140625
0.08845734596252441
0.06127476692199707
0.06357860565185547
0.07842350006103516
0.07716917991638184
0.07698988914489746
0.07062244415283203
0.08076238632202148
0.07863068580627441
0.07588315010070801
0.0659480094909668
0.06406641006469727
0.06297540664672852
0.06386470794677734
0.06034374237060547
0.0689229965209961
0.0671548843383789
0.06383013725280762
0.06349825859069824
0.07426142692565918
0.07164645195007324
0.07869410514831543
0.0855402946472168
0.0722353458404541
0.08969998359680176
0.06803154945373535
0.08865904808044434
0.08963131904602051
0.07293939590454102
0.06535959243774414
0.06724953651428223
0.07816720008850098
0.07494068145751953
0.07729697227478027
0.0888512134552002
0.06933450698852539
0.06508517265319824
0.07927250862121582
0.07169795036315918
0.06893277168273926
0.08718729019165039
0.06441760063171387
0.06970405578613281
0.06915640830993652
0.06883573532104492
0.08341622352600098
0.07949328422546387
0.07451105117797852
0.06394505500793457
0.06677842140197754
0.09493088722229004
0.07512187957763672
0.08726978302001953
0.06961679458618164
0.07068419456481934
0.06314277648925781
0.0682063102722168
0.08361458778381348
0.07239127159118652
0.0622708797454834
0.09415459632873535
0.08785295486450195
0.06617307662963867
0.06382894515991211
0.0631101131439209
0.08398127555847168
0.0787203311920166
0.06329989433288574
0.06270980834960938
0.08215188980102539
0.06907105445861816
0.0912928581237793
0.0750889778137207
0.0768892765045166
0.0963895320892334
0.07930159568786621
0.07176351547241211
0.07362556457519531
0.07346725463867188
0.0705866813659668
0.06928110122680664
0.06806778907775879
0.06779265403747559
0.07151985168457031
0.06943345069885254
0.06517291069030762
0.08143734931945801
0.07443690299987793
0.08259797096252441
0.06443357467651367
0.068572998046875
0.06338787078857422
0.06365537643432617
0.06661605834960938
0.06830191612243652
0.06601166725158691
0.06829977035522461
0.07858896255493164
0.08463692665100098
0.06852197647094727
0.07285642623901367
0.08043408393859863
0.07452535629272461
0.06347489356994629
0.0673215389251709
0.06891608238220215
0.06319332122802734
0.09089303016662598
0.07189774513244629
0.07328963279724121
0.06820249557495117
0.08886241912841797
0.08883333206176758
0.09035611152648926
0.08986401557922363
0.08961915969848633
0.08106756210327148
0.08751583099365234
0.077239990234375
0.07590961456298828
0.08117485046386719
0.07644128799438477
0.08859133720397949
0.08340787887573242
0.07234883308410645
0.06843066215515137
0.07675981521606445
0.07698416709899902
0.0765988826751709
0.07710552215576172
0.07766199111938477
0.08027005195617676
0.07854175567626953
0.06270790100097656
0.06276416778564453
0.07515835762023926
0.08573341369628906
0.07760310173034668
0.07746076583862305
0.07675743103027344
0.08529782295227051
0.0915369987487793
0.0872490406036377
0.0866696834564209
0.08476781845092773
0.08902668952941895
0.08016443252563477
0.08190250396728516
0.08994746208190918
0.08873295783996582
0.09567832946777344
0.07967948913574219
0.06396222114562988
0.06463027000427246
0.07375097274780273
0.08191943168640137
0.07123160362243652
0.06820082664489746
0.07932329177856445
0.0726783275604248
0.06466317176818848
0.06349682807922363
0.07711958885192871
0.06173419952392578
0.06445884704589844
0.06229448318481445
0.06292462348937988
0.06193828582763672
0.06773114204406738
0.06404781341552734
0.07735753059387207
0.07884430885314941
0.06345534324645996
0.06368160247802734
0.06557488441467285
0.0621795654296875
0.07350850105285645
0.07034015655517578
0.07758402824401855
0.0624547004699707
0.06446194648742676
0.06287717819213867
0.06318235397338867
0.06946730613708496
0.06830930709838867
0.06736636161804199
0.07442021369934082
0.08814549446105957
0.07785391807556152
0.08698797225952148
0.0772395133972168
0.08088040351867676
0.08321785926818848
0.07385039329528809
0.07555246353149414
0.0770571231842041
0.0770418643951416
0.08606195449829102
0.06727981567382812
0.07285928726196289
0.06709790229797363
0.07103753089904785
0.07376384735107422
0.08142852783203125
0.06748604774475098
0.07785868644714355
0.06258511543273926
0.06505036354064941
0.07390809059143066
0.06337714195251465
0.07563471794128418
0.06465673446655273
0.0738992691040039
0.0728151798248291
0.06682229042053223
0.09328460693359375
0.06445431709289551
0.07093644142150879
0.06760835647583008
0.06928753852844238
0.06270313262939453
0.07270312309265137
0.08916258811950684
0.07399368286132812
0.06474924087524414
0.07718849182128906
0.06434059143066406
0.0631260871887207
0.06681442260742188
0.06817245483398438
0.062195777893066406
0.06856822967529297
0.06395769119262695
0.06383132934570312
0.06833195686340332
0.07809925079345703
0.06567144393920898
0.07358503341674805
0.08300995826721191
0.07889509201049805
0.07121920585632324
0.07877731323242188
0.07697081565856934
0.06638741493225098
0.0978708267211914
0.09969806671142578
0.06907153129577637
0.08228111267089844
0.07332968711853027
0.08524966239929199
0.07823443412780762
0.07791566848754883
0.07427811622619629
0.07164692878723145
0.07991433143615723
0.06526565551757812
0.0633554458618164
0.0741112232208252
0.0728445053100586
0.06905388832092285
0.06852102279663086
0.0774073600769043
0.06819343566894531
0.06330442428588867
0.07758235931396484
0.07390379905700684
0.07231616973876953
0.06768965721130371
0.0757908821105957
0.07074236869812012
0.06608128547668457
0.07461690902709961
0.07433462142944336
0.0780935287475586
0.06492805480957031
0.061930179595947266
0.07156157493591309
0.07825446128845215
0.07791709899902344
0.0776834487915039
0.07431387901306152
0.07394766807556152
0.06384468078613281
0.0727987289428711
0.062009334564208984
0.08333158493041992
0.06786704063415527
0.07588529586791992
0.07778644561767578
0.07953715324401855
0.07734465599060059
0.0826261043548584
0.0738835334777832
0.07440686225891113
0.09119129180908203
0.08285856246948242
0.08512759208679199
0.07906532287597656
0.06484770774841309
0.07879948616027832
0.06460332870483398
0.08399796485900879
0.0625753402709961
0.0688321590423584
0.06427979469299316
0.06314849853515625
0.06370210647583008
0.07732319831848145
0.06704306602478027
0.06019234657287598
0.07381033897399902
0.07467961311340332
0.07878637313842773
0.06292891502380371
0.07519984245300293
0.06260538101196289
0.06410670280456543
0.06321930885314941
0.06304192543029785
0.06232166290283203
0.0730140209197998
0.08109235763549805
0.08712530136108398
0.07507205009460449
0.06081795692443848
0.06407308578491211
0.07421088218688965
0.06287312507629395
0.06403899192810059
0.07419443130493164
0.07941174507141113
0.07500815391540527
0.07076716423034668
0.07854866981506348
0.06055498123168945
0.07693839073181152
0.06520247459411621
0.07349991798400879
0.06248664855957031
0.08039069175720215
0.07651567459106445
0.07270264625549316
0.0766909122467041
0.06565666198730469
0.07772707939147949
0.06518840789794922
0.06402254104614258
0.07456374168395996
0.06780385971069336
0.06440091133117676
0.0627584457397461
0.07696771621704102
0.06325697898864746
0.0642549991607666
0.06382560729980469
0.06446242332458496
0.07231640815734863
0.07124853134155273
0.06354784965515137
0.060945749282836914
0.06331276893615723
0.07913589477539062
0.07717180252075195
0.07408761978149414
0.07269120216369629
0.06414103507995605
0.06573367118835449
0.0635836124420166
0.06523799896240234
0.07870697975158691
0.07152867317199707
0.06104135513305664
0.06284308433532715
0.0602109432220459
0.07343602180480957
0.07886242866516113
0.06476354598999023
0.0774385929107666
0.08833646774291992
0.06303930282592773
0.06321310997009277
0.07681941986083984
0.06531739234924316
0.06215548515319824
0.06807470321655273
0.06222343444824219
0.06308317184448242
0.07720685005187988
0.06263303756713867
0.0743100643157959
0.07439374923706055
0.06576013565063477
0.06198310852050781
0.06886768341064453
0.07543301582336426
0.06290936470031738
0.07936716079711914
0.06430983543395996
0.07638072967529297
0.06683921813964844
0.0634007453918457
0.07491493225097656
0.06740617752075195
0.06265759468078613
0.07486963272094727
0.07401490211486816
0.07788300514221191
0.07746219635009766
0.0736227035522461
0.06644821166992188
0.07506585121154785
0.07027006149291992
0.07480955123901367
0.06605029106140137
0.06418776512145996
0.0797736644744873
0.06502151489257812
0.0767829418182373
0.07681441307067871
0.06641316413879395
0.07369852066040039
0.06473302841186523
0.07785916328430176
0.06409764289855957
0.06434273719787598
0.0768289566040039
0.0635683536529541
0.0764760971069336
0.0727837085723877
0.0843515396118164
0.07010531425476074
0.06351852416992188
0.06349802017211914
0.06273221969604492
0.07349920272827148
0.07342100143432617
0.07484579086303711
0.07564926147460938
0.06771183013916016
0.07200098037719727
0.06248736381530762
0.06435680389404297
0.06314969062805176
0.07327651977539062
0.07389068603515625
0.06400251388549805
0.06240224838256836
0.09146237373352051
0.06329679489135742
0.07708024978637695
0.06885218620300293
0.062398672103881836
0.07647824287414551
0.06556367874145508
0.07648968696594238
0.06211543083190918
0.07908964157104492
0.06297540664672852
0.06339597702026367
0.06203150749206543
0.06283068656921387
0.07419133186340332
0.07637858390808105
0.06388497352600098
0.07367920875549316
0.0786285400390625
0.06420612335205078
0.06488728523254395
0.06459522247314453
0.06404256820678711
0.06801128387451172
0.06438970565795898
0.07699728012084961
0.0626363754272461
0.06891393661499023
0.06431818008422852
0.06457328796386719
0.06413841247558594
0.061359405517578125
0.06300067901611328
0.08304023742675781
0.0616765022277832
0.07657217979431152
0.06927204132080078
0.06423473358154297
0.06397390365600586
0.061890363693237305
0.06336331367492676
0.06349372863769531
0.06263041496276855
0.06482839584350586
0.0734250545501709
0.0684056282043457
0.07722187042236328
0.06307506561279297
0.0776209831237793
0.06508469581604004
0.06274580955505371
0.06127643585205078
0.06292557716369629
0.06251144409179688
0.06920814514160156
0.06445813179016113
0.06313610076904297
0.0745854377746582
0.07455873489379883
0.06253814697265625
0.06244659423828125
0.06268668174743652
0.06295943260192871
0.06682038307189941
0.07804393768310547
0.07771873474121094
0.06208992004394531
0.06406497955322266
0.06277179718017578
0.0616307258605957
0.06746411323547363
0.06880593299865723
0.06820225715637207
0.07366013526916504
0.06321334838867188
0.07793688774108887
0.07697010040283203
0.072479248046875
0.06322455406188965
0.07616591453552246
0.08369684219360352
0.07439589500427246
0.06375646591186523
0.0625314712524414
0.06194949150085449
0.0735480785369873
0.06230473518371582
0.06249046325683594
0.06241440773010254
0.08761215209960938
0.0741128921508789
0.08767890930175781
0.06882333755493164
0.07460474967956543
0.07764673233032227
0.06311821937561035
0.07668185234069824
0.0923929214477539
0.06819653511047363
0.07289719581604004
0.07497835159301758
0.0630795955657959
0.06345415115356445
0.06397867202758789
0.06266188621520996
0.06778073310852051
0.06839704513549805
0.063446044921875
0.08851099014282227
0.06946730613708496
0.08656716346740723
0.06806421279907227
0.07629060745239258
0.08816838264465332
0.09488773345947266
0.09329009056091309
0.09874653816223145
0.09401059150695801
0.08005595207214355
0.07015538215637207
0.06386590003967285
0.06405401229858398
0.0749502182006836
0.07245135307312012
0.07235455513000488
0.0630183219909668
0.06985950469970703
0.07874512672424316
0.06947827339172363
0.0736231803894043
0.06276965141296387
0.07688283920288086
0.07279443740844727
0.06322240829467773
0.0690765380859375
0.06942439079284668
0.06415343284606934
0.06457066535949707
0.06446003913879395
0.07472062110900879
