              precision    recall  f1-score   support

           0       1.00      0.99      0.99       237
           1       1.00      1.00      1.00       596
           2       1.00      0.99      0.99       294
           3       0.99      0.99      0.99       311
           4       1.00      1.00      1.00       466
           5       0.97      0.98      0.97       618
           6       0.98      1.00      0.99       242
           7       0.98      0.97      0.98       655

    accuracy                           0.99      3419
   macro avg       0.99      0.99      0.99      3419
weighted avg       0.99      0.99      0.99      3419

