              precision    recall  f1-score   support

           0       0.87      0.64      0.74       237
           1       0.95      0.81      0.87       596
           2       0.84      0.89      0.86       294
           3       0.84      0.65      0.73       311
           4       0.99      0.98      0.98       466
           5       0.62      0.92      0.74       618
           6       0.90      0.77      0.83       242
           7       0.94      0.87      0.90       655

    accuracy                           0.84      3419
   macro avg       0.87      0.82      0.83      3419
weighted avg       0.87      0.84      0.84      3419

