              precision    recall  f1-score   support

           0       1.00      0.85      0.92        13
           1       0.88      0.78      0.82         9
           2       0.60      0.80      0.69        15
           3       0.85      0.88      0.87        26
           4       0.50      0.58      0.54        12
           5       0.60      0.50      0.55         6
           6       1.00      1.00      1.00         4
           7       1.00      0.83      0.90        23

    accuracy                           0.80       108
   macro avg       0.80      0.78      0.79       108
weighted avg       0.82      0.80      0.80       108
