              precision    recall  f1-score   support

           0       0.97      0.93      0.95       304
           1       0.77      0.95      0.85       260
           2       0.82      0.78      0.80       462
           3       0.98      0.93      0.96       596
           4       0.77      0.77      0.77       258
           5       0.82      0.77      0.79       159
           6       0.91      0.96      0.93       140
           7       0.95      0.95      0.95       492

    accuracy                           0.89      2671
   macro avg       0.87      0.88      0.88      2671
weighted avg       0.89      0.89      0.89      2671

