1.8138256072998047
0.08374881744384766
0.06579828262329102
0.05942487716674805
0.06023573875427246
0.05384421348571777
0.06291341781616211
0.0641477108001709
0.057437896728515625
0.05111861228942871
0.05898022651672363
0.05628466606140137
0.05016446113586426
0.05871415138244629
0.05330681800842285
0.06079578399658203
0.06638360023498535
0.05386972427368164
0.05511617660522461
0.061637163162231445
0.06890177726745605
0.05702710151672363
0.05889296531677246
0.05326986312866211
0.05840730667114258
0.06431245803833008
0.05138874053955078
0.054476022720336914
0.053637027740478516
0.06075859069824219
0.05315542221069336
0.05850505828857422
0.05834507942199707
0.05386781692504883
0.05830264091491699
0.051897525787353516
0.05017805099487305
0.059842586517333984
0.049836158752441406
0.049268484115600586
0.06019997596740723
0.05276179313659668
0.05127429962158203
0.05513501167297363
0.05473065376281738
0.05442070960998535
0.054044246673583984
0.05205106735229492
0.052668094635009766
0.053311824798583984
0.0603785514831543
0.052927494049072266
0.06609082221984863
0.05287432670593262
0.0527501106262207
0.051896095275878906
0.08757829666137695
0.05733323097229004
0.05260920524597168
0.053310394287109375
0.05455350875854492
0.056563377380371094
0.05338907241821289
0.0611720085144043
0.05039477348327637
0.06473922729492188
0.06143331527709961
0.05819129943847656
0.053467750549316406
0.0522618293762207
0.06601500511169434
0.05872058868408203
0.05244040489196777
0.06043815612792969
0.05202460289001465
0.05861163139343262
0.051404714584350586
0.051409006118774414
0.056487083435058594
0.06340551376342773
0.0517423152923584
0.05421042442321777
0.05891823768615723
0.05661725997924805
0.0562281608581543
0.050675153732299805
0.05021190643310547
0.05674338340759277
0.05607032775878906
0.05152297019958496
0.05068254470825195
0.05881619453430176
0.051625967025756836
0.051301002502441406
0.05008411407470703
0.05430912971496582
0.057976722717285156
0.055414676666259766
0.05142521858215332
0.05153036117553711
0.05003070831298828
0.050614356994628906
0.050829172134399414
0.05797004699707031
0.05206489562988281
0.05064868927001953
0.05491995811462402
0.05092740058898926
0.05018734931945801
0.05048489570617676
0.050862789154052734
0.050681352615356445
0.05125570297241211
0.051088571548461914
0.05025362968444824
0.061431169509887695
0.05922269821166992
0.051476240158081055
0.05092430114746094
0.05029153823852539
0.05217862129211426
0.05052447319030762
0.05129885673522949
0.04998421669006348
0.055739402770996094
0.0521082878112793
0.05117201805114746
0.05140066146850586
0.05148792266845703
0.056516408920288086
0.050676584243774414
0.058559417724609375
0.06590127944946289
0.06502699851989746
0.05866670608520508
0.05606698989868164
0.05230355262756348
0.05444693565368652
0.0559239387512207
0.05020260810852051
0.05839824676513672
0.05044364929199219
0.060587406158447266
0.052767038345336914
0.0505216121673584
0.05813121795654297
0.05015730857849121
0.05502200126647949
0.04987335205078125
0.05576372146606445
0.05827522277832031
0.06384658813476562
0.059438467025756836
0.056292057037353516
0.0562593936920166
0.059180498123168945
0.05118441581726074
0.05229640007019043
0.05091667175292969
0.051151275634765625
0.05573630332946777
0.05166983604431152
0.05132889747619629
0.05866432189941406
0.05859661102294922
0.05055093765258789
0.05852079391479492
0.05063652992248535
0.05078125
0.05584287643432617
0.05216217041015625
0.05344581604003906
0.05939936637878418
0.05629539489746094
0.056166648864746094
0.049901485443115234
0.05518960952758789
0.0524754524230957
0.05754709243774414
0.056458473205566406
0.05243515968322754
0.05030226707458496
0.05032634735107422
0.05067777633666992
0.06035327911376953
0.05795788764953613
0.050292015075683594
0.05630135536193848
0.0527491569519043
0.05109977722167969
0.051103830337524414
0.05023980140686035
0.05016469955444336
0.04974627494812012
0.06632399559020996
0.05714893341064453
0.06616544723510742
0.05347299575805664
0.06022524833679199
0.05665254592895508
0.05807971954345703
0.05367445945739746
0.06112527847290039
0.05886411666870117
0.05316424369812012
0.06648397445678711
0.05354142189025879
0.055821895599365234
0.05372262001037598
0.053197383880615234
0.06052350997924805
0.058325767517089844
0.052684783935546875
0.05944538116455078
0.0598905086517334
0.058832406997680664
0.06009554862976074
0.05871224403381348
0.05368518829345703
0.04995393753051758
0.04973864555358887
0.058003902435302734
0.04933667182922363
0.060626983642578125
0.04997849464416504
0.051527976989746094
0.04953956604003906
0.06545042991638184
0.055731773376464844
0.05443429946899414
0.05797743797302246
0.056357622146606445
0.06078314781188965
0.056931495666503906
0.05680966377258301
0.05666184425354004
0.05164694786071777
0.057990312576293945
0.05643510818481445
0.05290102958679199
0.049466609954833984
0.061293840408325195
0.06377363204956055
0.05647706985473633
0.05021786689758301
0.049799442291259766
0.055879831314086914
0.04976940155029297
0.05010056495666504
0.05028700828552246
0.06173348426818848
0.05144858360290527
0.05232572555541992
0.0492861270904541
0.048970937728881836
0.049535274505615234
0.04916739463806152
0.05824470520019531
0.04889822006225586
0.06323409080505371
0.05168414115905762
0.050008535385131836
0.051827192306518555
0.05260133743286133
0.049932241439819336
0.05604290962219238
0.056607961654663086
0.04986834526062012
0.05493664741516113
0.05514383316040039
0.05028963088989258
0.05147433280944824
0.04978513717651367
0.05289506912231445
0.05204296112060547
0.05011582374572754
0.058603525161743164
0.0550541877746582
0.05433249473571777
0.05974268913269043
0.05670428276062012
0.05585193634033203
0.050689697265625
0.05010485649108887
0.05005335807800293
0.05058598518371582
0.0633995532989502
0.05972790718078613
0.05093693733215332
0.058327436447143555
0.05158853530883789
0.05054187774658203
0.050551652908325195
0.05608034133911133
0.05231213569641113
0.06324362754821777
0.05057191848754883
0.05033540725708008
0.052861690521240234
0.05060172080993652
0.05169939994812012
0.050012826919555664
0.05046582221984863
0.05775880813598633
0.06109452247619629
0.05927157402038574
0.053000450134277344
0.05114340782165527
0.05622386932373047
0.05002117156982422
0.04987907409667969
0.05030465126037598
0.050312042236328125
0.06408214569091797
0.05103802680969238
0.051203012466430664
0.05659151077270508
0.052266597747802734
0.049957990646362305
0.04995274543762207
0.05024003982543945
0.04989480972290039
0.05422401428222656
0.3378565311431885
0.062491416931152344
0.06079554557800293
0.055166006088256836
0.060645341873168945
0.06230497360229492
0.05431771278381348
0.054923057556152344
0.058924198150634766
0.060038089752197266
0.05384111404418945
0.06206512451171875
0.05312657356262207
0.0609898567199707
0.053754329681396484
0.05880308151245117
0.052831411361694336
0.05242586135864258
0.064361572265625
0.05251193046569824
0.05264019966125488
0.05280351638793945
0.05885601043701172
0.05121207237243652
0.051326751708984375
0.056715965270996094
0.056713104248046875
0.07021474838256836
0.058658599853515625
0.05243206024169922
0.06006503105163574
0.06097865104675293
0.050153493881225586
0.05079388618469238
0.05606436729431152
0.058251380920410156
0.0561215877532959
0.058722496032714844
0.05607128143310547
0.050421714782714844
0.055722713470458984
0.06493663787841797
0.056436777114868164
0.04954695701599121
0.05535101890563965
0.055388689041137695
0.05813145637512207
0.05037188529968262
0.0498204231262207
0.05047321319580078
0.0496828556060791
0.050591468811035156
0.04958367347717285
0.049363136291503906
0.06320595741271973
0.06500124931335449
0.050031185150146484
0.05079817771911621
0.05001211166381836
0.05536603927612305
0.05771470069885254
0.05044293403625488
0.051035165786743164
0.06111764907836914
0.050522804260253906
0.05109047889709473
0.0500795841217041
0.04984903335571289
0.056107282638549805
0.04957747459411621
0.05550551414489746
0.049332618713378906
0.056252241134643555
0.05866074562072754
0.05058598518371582
0.05109286308288574
0.0498347282409668
0.055806875228881836
0.05818033218383789
0.057819366455078125
0.055466413497924805
0.05615806579589844
0.05078458786010742
0.05088520050048828
0.058124542236328125
0.05552315711975098
0.05879783630371094
0.06670427322387695
0.052497148513793945
0.04935455322265625
0.06112194061279297
0.05039858818054199
0.05261874198913574
0.059319257736206055
0.05016613006591797
0.05038881301879883
0.048862457275390625
0.055521488189697266
0.04947209358215332
0.06239938735961914
0.05599617958068848
0.05011749267578125
0.04918265342712402
0.04996132850646973
0.04889655113220215
0.05035138130187988
0.050612449645996094
0.057435035705566406
0.05499839782714844
0.050849199295043945
0.054540157318115234
0.05023646354675293
0.059095144271850586
0.060245513916015625
0.049434661865234375
0.050019264221191406
0.0557866096496582
0.0644838809967041
0.05321526527404785
0.05031394958496094
0.04999423027038574
0.050000905990600586
0.06651115417480469
0.057146310806274414
0.049031972885131836
0.04925942420959473
0.05582022666931152
0.049835920333862305
0.05007290840148926
0.05141758918762207
0.049798011779785156
0.05555152893066406
0.0579836368560791
0.05043435096740723
0.04948711395263672
0.053997039794921875
0.05044078826904297
0.049788713455200195
0.06279182434082031
0.05653738975524902
0.05828738212585449
0.05777168273925781
0.05554056167602539
0.06523346900939941
0.057698726654052734
0.05130743980407715
0.05630755424499512
0.0533905029296875
0.051851749420166016
0.06106400489807129
0.05795145034790039
0.05566143989562988
0.05764603614807129
0.06054425239562988
0.05614042282104492
0.05039501190185547
0.05586957931518555
0.057427406311035156
0.050698041915893555
0.051180124282836914
0.058539390563964844
0.05061221122741699
0.05617046356201172
0.05692887306213379
0.05467391014099121
0.05695748329162598
0.05873274803161621
0.05613589286804199
0.051718950271606445
0.055806875228881836
0.04985523223876953
0.06515264511108398
0.05261874198913574
0.05125880241394043
0.052623748779296875
0.056214332580566406
0.05445742607116699
0.05556821823120117
0.06606698036193848
0.06432390213012695
0.06543636322021484
0.05188941955566406
0.049956560134887695
0.050421714782714844
0.058483123779296875
0.04989933967590332
0.05814361572265625
0.05080676078796387
0.048750877380371094
0.06447052955627441
0.06523633003234863
0.051436662673950195
0.049781084060668945
0.04982471466064453
0.052078962326049805
0.05285525321960449
0.056206703186035156
0.04977297782897949
0.055840492248535156
0.05117940902709961
0.05633354187011719
0.0519261360168457
0.05020856857299805
0.05034184455871582
0.04927992820739746
0.049102783203125
0.0560452938079834
0.055043697357177734
0.050323486328125
0.0588231086730957
0.05153965950012207
0.052133798599243164
0.06352663040161133
0.05139780044555664
0.051283836364746094
0.05873870849609375
0.05534839630126953
0.056777238845825195
0.0513615608215332
0.05092358589172363
0.05819582939147949
0.0502626895904541
0.050490617752075195
0.05153608322143555
0.05256509780883789
0.055008649826049805
0.050607919692993164
0.04992842674255371
0.05086636543273926
0.05564522743225098
0.050375938415527344
0.05121016502380371
0.05014514923095703
0.05582690238952637
0.05980682373046875
0.05407071113586426
0.05042576789855957
0.05806994438171387
0.050072431564331055
0.05573010444641113
0.050519704818725586
0.05088090896606445
0.05445551872253418
0.05614304542541504
0.050206661224365234
0.050630807876586914
0.05052924156188965
0.05512189865112305
0.06320452690124512
0.05793595314025879
0.05289912223815918
0.04955935478210449
0.0630502700805664
0.051648855209350586
0.056354522705078125
0.0508120059967041
0.05474090576171875
0.0504150390625
0.05471539497375488
0.05729317665100098
0.049578189849853516
0.06316423416137695
0.05052995681762695
0.056081295013427734
0.0561370849609375
0.05939817428588867
0.0524747371673584
0.06406497955322266
0.04938030242919922
0.04928708076477051
0.0625920295715332
0.0511324405670166
0.05054664611816406
0.05082249641418457
0.05055832862854004
0.05054521560668945
0.05597329139709473
0.060419559478759766
0.051851511001586914
0.05665731430053711
0.05132484436035156
0.05108642578125
0.05963301658630371
0.051047563552856445
0.057628631591796875
0.058507680892944336
0.058130741119384766
0.05599808692932129
0.06328725814819336
0.0509495735168457
0.05149245262145996
0.05072951316833496
0.05665111541748047
0.050263166427612305
0.054936885833740234
0.05076408386230469
0.049976348876953125
0.056105852127075195
0.051430702209472656
0.05872988700866699
0.05119013786315918
0.050978899002075195
0.050868988037109375
0.050934553146362305
0.05635499954223633
0.050904273986816406
0.05659174919128418
0.06879401206970215
0.0510101318359375
0.05068707466125488
0.050248146057128906
0.0504150390625
0.05253720283508301
0.05347943305969238
0.054666757583618164
0.05762982368469238
0.05866885185241699
0.05675387382507324
0.06062173843383789
0.052819252014160156
0.049877166748046875
0.04958987236022949
0.04942893981933594
0.04990553855895996
0.055616140365600586
0.05918478965759277
0.057363033294677734
0.05710601806640625
0.05022144317626953
0.05032038688659668
0.05095624923706055
0.05909442901611328
0.04994940757751465
0.06278109550476074
0.057474613189697266
0.051000118255615234
0.050837039947509766
0.050332069396972656
0.05049777030944824
0.049431562423706055
0.05026745796203613
0.05734658241271973
0.06139063835144043
0.058748722076416016
0.05974388122558594
0.0567011833190918
0.058710575103759766
0.05120086669921875
0.055622100830078125
0.052419185638427734
0.0507044792175293
0.05488729476928711
0.0514981746673584
0.051224470138549805
0.050104618072509766
0.0559232234954834
0.056481122970581055
0.04982280731201172
0.05425381660461426
0.05797624588012695
0.06269288063049316
0.04959535598754883
0.05830740928649902
0.05244135856628418
0.06450080871582031
0.0530245304107666
0.05030012130737305
0.050533294677734375
0.0504002571105957
0.06181788444519043
0.06713485717773438
0.050595998764038086
0.058602333068847656
0.05340909957885742
0.058034420013427734
0.05981159210205078
0.053469181060791016
0.05307292938232422
0.06061100959777832
0.05007171630859375
0.050960540771484375
0.05058908462524414
0.050383806228637695
0.050466299057006836
0.050927162170410156
0.0501856803894043
0.05241274833679199
0.05545401573181152
0.05118393898010254
0.05042767524719238
0.05628156661987305
0.056368350982666016
0.057677268981933594
0.04956412315368652
0.04907560348510742
0.04932975769042969
0.05545663833618164
0.056845903396606445
0.05671072006225586
0.050124168395996094
0.05041694641113281
0.06722879409790039
0.0574641227722168
0.05103945732116699
0.04934406280517578
0.06330442428588867
0.05156564712524414
0.05204439163208008
0.05025219917297363
0.05847883224487305
0.0495297908782959
0.05506181716918945
0.049514055252075195
0.049672603607177734
0.054575443267822266
0.05040431022644043
0.06464648246765137
0.06038069725036621
0.05868387222290039
0.059546709060668945
0.060643672943115234
0.051482200622558594
0.057795047760009766
0.06337118148803711
0.05197858810424805
0.05153059959411621
0.04951310157775879
0.052648305892944336
0.04987168312072754
0.04937553405761719
0.04912137985229492
0.04905128479003906
0.061567068099975586
0.0562748908996582
0.05000495910644531
0.05020451545715332
0.04962897300720215
0.05981874465942383
0.05418586730957031
0.05038285255432129
0.05005168914794922
0.061211347579956055
0.05057930946350098
0.05001544952392578
0.04985952377319336
0.0582277774810791
0.049753665924072266
0.04921364784240723
0.05547642707824707
0.056284189224243164
0.0633542537689209
0.051157236099243164
0.053490400314331055
0.05096006393432617
0.05008435249328613
0.04977011680603027
0.049474477767944336
0.04956173896789551
0.05611228942871094
0.06125831604003906
0.0515444278717041
0.05642962455749512
0.05590057373046875
0.05605292320251465
0.05067038536071777
0.0545651912689209
0.056075334548950195
0.050524234771728516
0.05560636520385742
0.05909252166748047
0.050780296325683594
0.0561823844909668
0.056534767150878906
0.05509018898010254
0.05108976364135742
0.0496213436126709
0.051049232482910156
0.05486774444580078
0.05049586296081543
0.05056142807006836
0.05782580375671387
0.0552370548248291
0.04936575889587402
0.055551767349243164
0.06336021423339844
0.059061527252197266
0.05442309379577637
0.0504908561706543
0.05901288986206055
0.050341129302978516
0.050583839416503906
0.04961562156677246
0.05395650863647461
0.05548214912414551
0.050650835037231445
0.05627584457397461
0.051488399505615234
0.05224442481994629
0.05056357383728027
0.055977821350097656
0.05807995796203613
0.053275346755981445
0.05560111999511719
0.050611257553100586
0.06422305107116699
0.05075383186340332
0.05614519119262695
0.05763506889343262
0.0591580867767334
0.0576481819152832
0.049802303314208984
0.06715059280395508
0.060311317443847656
0.06537795066833496
0.05011439323425293
0.06715750694274902
0.0512850284576416
0.05035877227783203
0.05579543113708496
0.05556011199951172
0.0501866340637207
0.05667996406555176
0.05456137657165527
0.05127382278442383
0.050205230712890625
0.050614356994628906
0.05618906021118164
0.050247907638549805
0.05083727836608887
0.049898624420166016
0.05586957931518555
0.06285429000854492
0.05032825469970703
0.05003070831298828
0.05960583686828613
0.05196976661682129
0.0506291389465332
0.0499882698059082
0.050029754638671875
0.0562138557434082
0.06314563751220703
0.05090737342834473
0.0559687614440918
0.04999518394470215
0.04957318305969238
0.04981732368469238
0.05796098709106445
0.06425285339355469
0.05600881576538086
0.06003618240356445
0.05026078224182129
0.05574655532836914
0.06505370140075684
0.05983591079711914
0.05268502235412598
0.058144330978393555
0.05484890937805176
0.049653053283691406
0.06090545654296875
0.05308961868286133
0.05661654472351074
0.05000758171081543
0.05807805061340332
0.05517697334289551
0.05021023750305176
0.05531954765319824
0.049802303314208984
0.06084918975830078
0.0512995719909668
0.05617713928222656
0.05066227912902832
0.050002336502075195
0.05901002883911133
0.05004167556762695
0.04991912841796875
0.049988746643066406
0.07097816467285156
0.059511423110961914
0.059828758239746094
0.049397945404052734
0.06313633918762207
0.052460432052612305
0.056970834732055664
0.04922795295715332
0.04895591735839844
0.06032443046569824
0.050066232681274414
0.05362725257873535
0.0515141487121582
0.05495429039001465
0.049401283264160156
0.05045747756958008
0.05170583724975586
0.04954266548156738
0.06104683876037598
0.056061744689941406
0.0511474609375
0.052271127700805664
0.058350324630737305
0.04958200454711914
0.06611061096191406
0.058379173278808594
0.05006146430969238
0.06936120986938477
0.05073833465576172
0.04989814758300781
0.05507016181945801
0.05507254600524902
0.05540347099304199
0.04970836639404297
0.05724978446960449
0.05001711845397949
0.05482959747314453
0.05024385452270508
0.05757331848144531
0.050573110580444336
0.049597740173339844
0.0506441593170166
0.049475669860839844
0.04941368103027344
0.06444740295410156
0.05537557601928711
0.05060625076293945
0.05589723587036133
0.050354957580566406
0.05052924156188965
0.06662917137145996
0.05794215202331543
0.05609488487243652
0.05007481575012207
0.05605030059814453
0.05634665489196777
0.06557774543762207
0.06612777709960938
0.057375192642211914
0.050220489501953125
0.04959392547607422
0.05028700828552246
0.0501708984375
0.05672430992126465
0.06091141700744629
0.05309605598449707
0.05927324295043945
0.06740641593933105
0.062319278717041016
0.06682729721069336
0.05618429183959961
0.05557537078857422
0.05531430244445801
0.05268263816833496
0.0568845272064209
0.05273914337158203
0.0518336296081543
0.04999041557312012
0.0561065673828125
0.05997276306152344
0.05785250663757324
0.07076287269592285
0.05895709991455078
0.05282878875732422
0.0506589412689209
0.05036592483520508
0.050490379333496094
0.06423425674438477
0.05829977989196777
0.05585479736328125
0.056241750717163086
0.05557966232299805
0.05165505409240723
0.05891156196594238
0.051430702209472656
0.057649850845336914
0.050046443939208984
0.0498502254486084
0.04988598823547363
0.055040597915649414
0.058777809143066406
0.05027508735656738
0.05101728439331055
0.05600857734680176
0.05051922798156738
0.050666093826293945
0.053797006607055664
0.05039024353027344
0.05515456199645996
0.056731462478637695
0.058873653411865234
0.05257558822631836
0.05050516128540039
0.05028033256530762
0.05088996887207031
0.050299882888793945
0.05047941207885742
0.05524587631225586
0.050665855407714844
0.05048942565917969
0.0513463020324707
0.05036354064941406
0.050271034240722656
0.055826663970947266
0.056188344955444336
0.05033993721008301
0.06108975410461426
0.05661320686340332
0.05068254470825195
0.05021810531616211
0.05736994743347168
0.04990243911743164
0.04998517036437988
0.05537104606628418
0.05781912803649902
0.06142163276672363
0.05864691734313965
0.050338029861450195
0.06604599952697754
0.06446146965026855
0.05777621269226074
0.05800175666809082
0.05806088447570801
0.04988288879394531
0.060636043548583984
0.05087089538574219
0.04982876777648926
0.05849194526672363
0.05089759826660156
0.05219388008117676
0.055396318435668945
0.057970523834228516
0.05024862289428711
0.06075000762939453
0.05077338218688965
0.05614471435546875
0.05606222152709961
0.05902504920959473
0.05753374099731445
0.05061197280883789
0.051399946212768555
0.05596423149108887
0.05521035194396973
0.050315141677856445
0.05003643035888672
0.052931785583496094
0.05798029899597168
0.05575442314147949
0.05185079574584961
0.050688982009887695
0.05459165573120117
0.06097817420959473
0.05615592002868652
0.04980325698852539
0.04968547821044922
0.05363321304321289
0.05053377151489258
0.0507047176361084
0.057732582092285156
0.05596446990966797
0.06257271766662598
0.05628848075866699
0.05579829216003418
0.05720639228820801
0.06196761131286621
0.0510401725769043
0.0573580265045166
0.04972529411315918
0.05042886734008789
0.0608210563659668
0.059285640716552734
0.06497311592102051
0.05939841270446777
0.05875515937805176
0.059496164321899414
0.062393903732299805
0.057077646255493164
0.051433563232421875
0.05421638488769531
0.05654788017272949
0.051407575607299805
0.04887247085571289
0.05780673027038574
0.051672935485839844
0.057570457458496094
0.05745220184326172
0.049607276916503906
0.0679774284362793
0.07103252410888672
0.05452537536621094
0.05088925361633301
0.05750918388366699
0.055808305740356445
0.04882669448852539
0.04899740219116211
0.05892300605773926
0.06458163261413574
0.057053565979003906
0.052420616149902344
0.05627107620239258
0.05001187324523926
0.05047965049743652
0.057744741439819336
0.05019211769104004
0.06584620475769043
0.06847715377807617
0.051029205322265625
0.051007747650146484
0.04952859878540039
0.04978370666503906
0.0668191909790039
0.05684494972229004
0.05539727210998535
0.05599188804626465
0.05533432960510254
0.05298185348510742
0.05092930793762207
0.06309938430786133
0.05101299285888672
0.05644655227661133
0.049767494201660156
0.05748581886291504
0.050713539123535156
0.061278581619262695
0.0682535171508789
0.062330007553100586
0.06098151206970215
0.05334663391113281
0.058537960052490234
0.06747055053710938
0.05478835105895996
0.05613994598388672
0.06352949142456055
0.05708503723144531
0.05367136001586914
0.05051398277282715
0.05087924003601074
0.0642697811126709
0.05760669708251953
0.050505876541137695
0.05640578269958496
0.05551958084106445
0.05703306198120117
0.05184650421142578
0.05987095832824707
0.052008867263793945
0.05607151985168457
0.05622053146362305
0.04976701736450195
0.058444976806640625
0.056937217712402344
0.05317044258117676
0.05041980743408203
0.06675124168395996
0.056348562240600586
0.05569911003112793
0.050337791442871094
0.0635383129119873
0.05123281478881836
0.05597877502441406
0.051744699478149414
0.05134725570678711
0.06197094917297363
0.05126833915710449
0.057265520095825195
0.04974865913391113
0.04961800575256348
0.050214290618896484
0.06051135063171387
0.05107259750366211
0.05631875991821289
0.06008100509643555
0.06475830078125
0.05931520462036133
0.054918527603149414
0.052674293518066406
0.05156230926513672
0.07443690299987793
0.060099124908447266
0.05311131477355957
0.0545191764831543
0.05839133262634277
0.049733638763427734
0.058466434478759766
0.05218362808227539
0.05231499671936035
0.0610659122467041
0.0581972599029541
0.05889582633972168
0.05866885185241699
0.06017661094665527
0.05301856994628906
0.052239179611206055
0.05194830894470215
0.05247783660888672
0.05496954917907715
0.05100083351135254
0.05787372589111328
0.05092215538024902
0.053134918212890625
0.05198526382446289
0.05129218101501465
0.05067920684814453
0.06478404998779297
0.06332945823669434
0.05028557777404785
0.05004763603210449
0.050542593002319336
0.05836677551269531
0.057639360427856445
0.049675941467285156
0.0508570671081543
0.05128765106201172
0.0553586483001709
0.057103633880615234
0.057053327560424805
0.05015063285827637
0.050022125244140625
0.04964137077331543
0.0584261417388916
0.05001640319824219
0.05054473876953125
0.061981201171875
0.05017280578613281
0.05089855194091797
0.05980038642883301
0.05831480026245117
0.05023765563964844
0.05830645561218262
0.05007767677307129
0.05550646781921387
0.06163287162780762
0.05690932273864746
0.0512690544128418
0.05003523826599121
0.052077293395996094
0.05906343460083008
0.06043386459350586
0.0575566291809082
0.04908108711242676
0.05616474151611328
0.056429386138916016
0.0502467155456543
0.050866127014160156
0.05060887336730957
0.057474613189697266
0.058028459548950195
0.05019354820251465
0.0505671501159668
0.0542905330657959
0.05638575553894043
0.05006122589111328
0.05010342597961426
0.055849552154541016
0.05534529685974121
0.05052351951599121
0.05826115608215332
0.05929994583129883
0.06264638900756836
0.05011248588562012
0.057366132736206055
0.05022835731506348
0.06473398208618164
0.0557253360748291
0.05851912498474121
0.05441141128540039
0.051387786865234375
0.061560630798339844
0.056340694427490234
0.05029416084289551
0.050841331481933594
0.0577852725982666
0.0511016845703125
0.04974365234375
0.04937386512756348
0.05050349235534668
0.05526900291442871
0.050838470458984375
0.0506587028503418
0.057556867599487305
0.05542492866516113
0.05032920837402344
0.04952049255371094
0.04945826530456543
0.05030012130737305
0.05467510223388672
0.05567526817321777
0.05789971351623535
0.05571866035461426
0.05492210388183594
0.05498647689819336
0.0497133731842041
0.05718803405761719
0.05297207832336426
0.059784889221191406
0.05329775810241699
0.055809736251831055
0.05021262168884277
0.051717281341552734
0.057335853576660156
0.049343109130859375
0.05546689033508301
0.05077838897705078
0.0643606185913086
0.051522016525268555
0.06731986999511719
0.05107712745666504
0.050470829010009766
0.0497441291809082
0.050141334533691406
0.050837039947509766
0.04950118064880371
0.05825161933898926
0.0565495491027832
0.05814075469970703
0.05213785171508789
0.051598310470581055
0.05582022666931152
0.06246614456176758
0.06524848937988281
0.0530858039855957
0.05512666702270508
0.05726122856140137
0.05071711540222168
0.0492396354675293
0.05251622200012207
0.049729347229003906
0.05024075508117676
0.04856276512145996
0.056223154067993164
0.06113100051879883
0.05707812309265137
0.05106544494628906
0.050951480865478516
0.057969093322753906
0.05037212371826172
0.05074000358581543
0.049941062927246094
0.05051684379577637
0.06161975860595703
0.05905485153198242
0.05078601837158203
0.05543971061706543
0.049936532974243164
0.05917644500732422
0.054656028747558594
0.055989980697631836
0.05075335502624512
0.06301069259643555
0.05659747123718262
0.049474239349365234
0.04906439781188965
0.050760507583618164
0.05057549476623535
0.06670832633972168
0.04955434799194336
0.05042529106140137
0.061174631118774414
0.05095267295837402
0.051148414611816406
0.05824923515319824
0.05786848068237305
0.04997992515563965
0.06400203704833984
0.0630500316619873
0.05344438552856445
0.0553889274597168
0.05021405220031738
0.049807071685791016
0.05644512176513672
0.05632138252258301
0.04943490028381348
0.050525665283203125
0.04899168014526367
0.050408124923706055
0.0549774169921875
0.056798458099365234
0.06546354293823242
0.062126874923706055
0.04999518394470215
0.05335116386413574
0.05826258659362793
0.05831408500671387
0.05112099647521973
0.05558919906616211
0.053929805755615234
0.05153203010559082
0.05606508255004883
0.05016970634460449
0.05107688903808594
0.04994535446166992
0.05603623390197754
0.0571749210357666
0.061531782150268555
0.05663609504699707
0.05400276184082031
0.051157474517822266
0.05081915855407715
0.05798602104187012
0.05136919021606445
0.05552530288696289
0.0505375862121582
0.061280250549316406
0.05089712142944336
0.05045485496520996
0.05126810073852539
0.06583523750305176
0.05020022392272949
0.05603337287902832
0.057584285736083984
0.05063509941101074
0.056102752685546875
0.05122828483581543
0.05335736274719238
0.05016517639160156
0.05821037292480469
0.05093884468078613
0.04991459846496582
0.04982614517211914
0.050528526306152344
0.054910898208618164
0.0535883903503418
0.05063438415527344
0.05010390281677246
0.05588531494140625
0.04984021186828613
0.05580282211303711
0.056143760681152344
0.059012413024902344
0.06188058853149414
0.05049395561218262
0.049462318420410156
0.05102276802062988
0.05587887763977051
0.05087709426879883
0.05034971237182617
0.049588680267333984
0.0508425235748291
0.06341052055358887
0.05184650421142578
0.05098295211791992
0.05636262893676758
0.05581021308898926
0.06049633026123047
0.05193638801574707
0.06417703628540039
0.05210614204406738
0.05498814582824707
0.051590681076049805
0.051619529724121094
0.05855894088745117
0.05183863639831543
0.05547165870666504
0.06139183044433594
0.04892253875732422
0.0497586727142334
0.058034658432006836
0.05659747123718262
0.05874133110046387
0.05232429504394531
0.05028796195983887
0.05981016159057617
0.0578160285949707
0.05086517333984375
0.04976606369018555
0.0605921745300293
0.05049586296081543
0.05003547668457031
0.05800271034240723
0.05114150047302246
0.04988527297973633
0.05108380317687988
0.057904720306396484
0.05086112022399902
0.06351852416992188
0.05109691619873047
0.05058646202087402
0.05072784423828125
0.058073997497558594
0.06357359886169434
0.05333876609802246
0.05085921287536621
0.05078864097595215
0.05565786361694336
0.0506434440612793
0.052205562591552734
0.054596662521362305
0.05155348777770996
0.05541706085205078
0.05039572715759277
0.04989027976989746
0.05066943168640137
0.055426597595214844
0.051755428314208984
0.05080080032348633
0.05047607421875
0.05073833465576172
0.05114030838012695
0.050435543060302734
0.05481553077697754
0.050794124603271484
0.0552065372467041
0.05049467086791992
0.05316019058227539
0.06371355056762695
0.06053447723388672
0.05138397216796875
0.050514936447143555
0.05565190315246582
0.0511627197265625
0.056474924087524414
0.051778316497802734
0.050759077072143555
0.052764892578125
0.057494163513183594
0.049851179122924805
0.050482749938964844
0.050087928771972656
0.050994157791137695
0.06052112579345703
0.06485152244567871
0.05898451805114746
0.05976057052612305
0.05054736137390137
0.05748105049133301
0.05402684211730957
0.05115389823913574
0.05079770088195801
0.06026124954223633
0.0506134033203125
0.05606341361999512
0.05101656913757324
0.055663108825683594
0.04984545707702637
0.05026674270629883
0.05496788024902344
0.05008053779602051
0.06351995468139648
0.05107617378234863
0.05818533897399902
0.055930137634277344
0.05053997039794922
0.06617546081542969
0.0577089786529541
0.04933762550354004
0.055738210678100586
0.06327176094055176
0.055937767028808594
0.056522369384765625
0.05580425262451172
0.051459312438964844
0.05617833137512207
0.05816316604614258
0.050002336502075195
0.05116105079650879
0.05588173866271973
0.05116081237792969
0.051209211349487305
0.05036568641662598
0.05819511413574219
0.056921958923339844
0.0593717098236084
0.05523562431335449
0.050394296646118164
0.05472588539123535
0.05055499076843262
0.05840921401977539
0.05579423904418945
0.05260753631591797
0.04985451698303223
0.05560755729675293
0.05036115646362305
0.05082964897155762
0.05507159233093262
0.05148458480834961
0.05115199089050293
0.051230669021606445
0.0622105598449707
0.05992412567138672
0.050626277923583984
0.05821394920349121
0.0510859489440918
0.06327605247497559
0.05136752128601074
0.0587315559387207
0.056490421295166016
0.05703449249267578
0.05904555320739746
0.05615854263305664
0.05584311485290527
0.05072617530822754
0.05816173553466797
0.05094194412231445
0.06503462791442871
0.05212044715881348
0.06657576560974121
0.058297157287597656
0.05054163932800293
0.05506706237792969
0.050232887268066406
0.055528879165649414
0.05917644500732422
0.05800127983093262
0.05596637725830078
0.05425834655761719
0.05771207809448242
0.05897998809814453
0.061295270919799805
0.050618886947631836
0.06143784523010254
0.05155682563781738
0.05558919906616211
0.05171036720275879
0.048920392990112305
0.05797934532165527
0.05510210990905762
0.0576171875
0.05414938926696777
0.06401872634887695
0.06003904342651367
0.05096626281738281
0.05057692527770996
0.051621198654174805
0.049775123596191406
0.05142474174499512
0.06122398376464844
0.05657052993774414
0.06255078315734863
0.05068063735961914
0.055786848068237305
0.05034279823303223
0.0497891902923584
0.049694061279296875
0.05230855941772461
0.05525803565979004
0.05003166198730469
0.05473041534423828
0.051044464111328125
0.050150394439697266
0.0582735538482666
0.056511878967285156
0.05786466598510742
0.05783414840698242
0.05556344985961914
0.0507967472076416
0.05478811264038086
0.05104422569274902
0.050379037857055664
0.0498814582824707
0.04948282241821289
0.049428701400756836
0.04953908920288086
0.04990077018737793
0.05455803871154785
0.05493783950805664
0.05043148994445801
0.050058603286743164
0.051122426986694336
0.05550670623779297
0.0497584342956543
0.05776548385620117
0.05565762519836426
0.05022740364074707
0.06086540222167969
0.05691194534301758
0.050746917724609375
0.049834489822387695
0.04980921745300293
0.05051708221435547
0.049747467041015625
0.0494999885559082
0.05019354820251465
0.06284403800964355
0.05112481117248535
0.0577695369720459
0.05602741241455078
0.0536801815032959
0.05354428291320801
0.05010867118835449
0.04978179931640625
0.049950599670410156
0.05595684051513672
0.0624699592590332
0.06328725814819336
0.0586400032043457
0.06035971641540527
0.058275699615478516
0.058792829513549805
0.05896162986755371
0.05337834358215332
0.05525636672973633
0.051245927810668945
0.05101752281188965
0.05119490623474121
0.058114051818847656
0.057611942291259766
0.050512075424194336
0.049782514572143555
0.05041766166687012
0.05524921417236328
0.052216291427612305
0.050322532653808594
0.05935525894165039
0.05019354820251465
0.05018186569213867
0.05574488639831543
0.0491487979888916
0.050899505615234375
0.055449724197387695
0.05066180229187012
0.050199031829833984
0.055771589279174805
0.049642086029052734
0.05009961128234863
0.04942941665649414
0.04997968673706055
0.050420284271240234
0.0547788143157959
0.05865073204040527
0.04979848861694336
0.055509090423583984
0.051676034927368164
0.05015110969543457
0.05131864547729492
0.054087162017822266
0.050055503845214844
0.05440664291381836
0.05046653747558594
0.04960918426513672
0.050342559814453125
0.049889326095581055
0.05759286880493164
0.056062936782836914
0.04942584037780762
0.04963421821594238
0.06266927719116211
0.05064034461975098
0.057892799377441406
0.05015134811401367
0.05045723915100098
0.05136299133300781
0.049787044525146484
0.049922943115234375
0.05041956901550293
0.05434679985046387
0.04996895790100098
0.05034518241882324
0.0506591796875
0.04970097541809082
0.049826622009277344
0.04971814155578613
0.049048423767089844
0.04984569549560547
0.05509185791015625
0.050583600997924805
0.05093669891357422
0.06461524963378906
0.05393052101135254
0.06007075309753418
0.05414223670959473
0.05009198188781738
0.05071520805358887
0.05646967887878418
0.05224466323852539
0.051535844802856445
0.05117154121398926
0.0509493350982666
0.050089120864868164
0.050255537033081055
0.05143618583679199
0.050824880599975586
0.056032419204711914
0.05033230781555176
0.055956125259399414
0.051482439041137695
0.05041670799255371
0.05290794372558594
0.05059933662414551
0.05016899108886719
0.0508272647857666
0.05465197563171387
0.058890581130981445
0.05295872688293457
0.055969953536987305
0.050543785095214844
0.050208330154418945
0.05588269233703613
0.05466914176940918
0.050626277923583984
0.05521035194396973
0.05656599998474121
0.0512697696685791
0.05550122261047363
0.050185203552246094
0.0580141544342041
0.05432748794555664
0.05063772201538086
0.050380706787109375
0.05634307861328125
0.05041837692260742
0.0520024299621582
0.0562896728515625
0.05042099952697754
0.04934954643249512
0.05071711540222168
0.05000662803649902
0.05096936225891113
0.05396246910095215
0.05718398094177246
0.0507504940032959
0.05010175704956055
0.05406641960144043
0.05775594711303711
0.05354905128479004
0.05021786689758301
0.05069398880004883
0.06097555160522461
0.05730462074279785
0.05012202262878418
0.06788825988769531
0.05890369415283203
0.0490109920501709
0.04955935478210449
0.0510411262512207
0.05243420600891113
0.06347107887268066
0.05013132095336914
0.05042219161987305
0.05862307548522949
0.050437211990356445
0.05057382583618164
0.05542111396789551
0.05228233337402344
0.05020856857299805
0.05503487586975098
0.0667269229888916
0.05815482139587402
0.050281524658203125
0.05549883842468262
0.05840563774108887
0.050980329513549805
0.05875682830810547
0.06209111213684082
0.06142616271972656
0.05618762969970703
0.05516767501831055
0.05551767349243164
0.05563950538635254
0.05589795112609863
0.0507817268371582
0.06399297714233398
0.050136566162109375
0.0602574348449707
0.05011796951293945
0.05595040321350098
0.04993033409118652
0.04954886436462402
0.04948592185974121
0.05727434158325195
0.05544018745422363
0.056596994400024414
0.055581092834472656
0.05350780487060547
0.05204057693481445
0.04957866668701172
0.0556638240814209
0.049584388732910156
0.054978370666503906
0.048601627349853516
0.0500948429107666
0.06119728088378906
0.05098152160644531
0.05661797523498535
0.05002307891845703
0.0494387149810791
0.05346488952636719
0.049752235412597656
0.049635887145996094
0.05047273635864258
0.06992197036743164
0.050878286361694336
0.05294466018676758
0.04970431327819824
0.050186872482299805
0.05716514587402344
0.04876828193664551
0.05721592903137207
0.05867195129394531
0.05815553665161133
0.05056405067443848
0.058992862701416016
0.05766701698303223
0.05100417137145996
0.04876112937927246
0.049097537994384766
0.04931998252868652
0.05054211616516113
0.054892778396606445
0.5163664817810059
0.06284666061401367
0.06479001045227051
0.05781078338623047
0.06141376495361328
0.06280755996704102
0.06342458724975586
0.06285977363586426
0.06856369972229004
0.06336307525634766
0.06513714790344238
0.056258440017700195
0.06245064735412598
0.05593109130859375
0.05862927436828613
0.056775569915771484
0.05613231658935547
0.06860899925231934
0.06247711181640625
0.06224989891052246
0.05675029754638672
0.05884504318237305
0.06231498718261719
0.05698990821838379
0.06426405906677246
0.05674123764038086
0.06285333633422852
0.06286096572875977
0.0571136474609375
0.056591033935546875
0.06521868705749512
0.05997753143310547
0.05666232109069824
0.06264376640319824
0.05733036994934082
0.06374001502990723
0.057123422622680664
0.05664873123168945
0.05807757377624512
0.06268954277038574
0.07211613655090332
0.05766725540161133
0.05693984031677246
0.06236624717712402
0.06633806228637695
0.05682730674743652
0.05664229393005371
0.06218457221984863
0.056343793869018555
0.05795550346374512
0.0565340518951416
0.0565640926361084
0.056635141372680664
0.06314420700073242
0.05733990669250488
0.056253910064697266
0.05941367149353027
0.05806756019592285
0.05781984329223633
0.05712485313415527
0.06576681137084961
0.05682945251464844
0.06367802619934082
0.06462836265563965
0.0674130916595459
0.058710575103759766
0.05646920204162598
0.05657529830932617
0.056473731994628906
0.05575084686279297
0.056291818618774414
0.0634162425994873
0.06386017799377441
0.05562162399291992
0.06252908706665039
0.06285762786865234
0.057149410247802734
0.06462788581848145
0.05649304389953613
0.06384634971618652
0.06364774703979492
0.05697345733642578
0.06445741653442383
0.05823063850402832
0.07608413696289062
0.0735769271850586
0.07319164276123047
0.05994153022766113
0.05980253219604492
0.07152700424194336
0.06402349472045898
0.07134699821472168
0.05696463584899902
0.059612274169921875
0.06212949752807617
0.058580875396728516
0.06077408790588379
0.05925273895263672
0.0631418228149414
0.06012153625488281
0.06019091606140137
0.06739473342895508
0.06756806373596191
0.06963753700256348
0.0678567886352539
0.06776809692382812
0.07429003715515137
0.07467818260192871
0.062491416931152344
0.06109976768493652
0.06852984428405762
0.06207561492919922
0.059571027755737305
0.06082749366760254
0.06488347053527832
0.05715131759643555
0.06943082809448242
0.06533336639404297
0.05904388427734375
0.05770754814147949
0.05861234664916992
0.05828213691711426
0.05846881866455078
0.0657649040222168
0.05811929702758789
0.06599569320678711
0.06584048271179199
0.06701874732971191
0.06025218963623047
0.06496644020080566
0.06416177749633789
0.06612753868103027
0.05778980255126953
0.0576174259185791
0.06726813316345215
0.05435490608215332
0.056862831115722656
0.05773210525512695
0.058528900146484375
0.06537199020385742
0.06052350997924805
0.07191896438598633
0.05593585968017578
0.060857534408569336
0.05383419990539551
0.061888694763183594
0.056601524353027344
0.058257341384887695
0.05736899375915527
0.058084726333618164
0.0630648136138916
0.06026315689086914
0.06608223915100098
0.05466961860656738
0.0690610408782959
0.060925960540771484
0.06256890296936035
0.05390501022338867
0.05615091323852539
0.05360698699951172
0.053205251693725586
0.060430049896240234
0.05406308174133301
0.053243160247802734
0.052964210510253906
0.05363821983337402
0.05569815635681152
0.05228233337402344
0.05769634246826172
0.05100727081298828
0.05819869041442871
0.05231428146362305
0.06093025207519531
0.051755428314208984
0.05085277557373047
0.05536913871765137
0.050444602966308594
0.05029010772705078
0.050139427185058594
0.05709052085876465
0.05834555625915527
0.05124926567077637
0.04965662956237793
0.05145072937011719
0.05152487754821777
0.05070042610168457
0.05385017395019531
0.05144619941711426
0.06360650062561035
0.052770137786865234
0.057741641998291016
0.05586123466491699
0.05229640007019043
0.05762934684753418
0.05141735076904297
0.05876755714416504
0.05080747604370117
0.05833864212036133
0.05887579917907715
0.052154541015625
0.050362586975097656
0.05082964897155762
0.05668520927429199
0.050965309143066406
0.05041670799255371
0.05007433891296387
0.05674934387207031
0.05715441703796387
0.050934553146362305
0.05619311332702637
0.04982161521911621
0.05059504508972168
0.05575156211853027
0.05441713333129883
0.06223654747009277
0.0573115348815918
0.06529688835144043
0.059535980224609375
0.05007338523864746
0.04977679252624512
0.049436330795288086
0.05565524101257324
0.04907727241516113
0.059230804443359375
0.056972503662109375
0.050804853439331055
0.050493478775024414
0.049715280532836914
0.05020785331726074
0.049617767333984375
0.049108266830444336
0.05030941963195801
0.05099821090698242
0.05674862861633301
0.052179574966430664
0.06005096435546875
0.05112338066101074
0.05097174644470215
0.058305978775024414
0.05990004539489746
0.04920792579650879
0.050148725509643555
0.05661344528198242
0.05047917366027832
0.056550025939941406
0.05019426345825195
0.06613945960998535
0.05133962631225586
0.05559253692626953
0.05767321586608887
0.05020594596862793
0.061142683029174805
0.05260157585144043
0.05060124397277832
0.05059051513671875
0.056424617767333984
0.05534648895263672
0.05748605728149414
0.05478239059448242
0.0501558780670166
0.05513358116149902
0.050577402114868164
0.05862784385681152
0.056485891342163086
0.05002856254577637
0.05061745643615723
0.05565524101257324
0.055744171142578125
0.055463552474975586
0.05489826202392578
0.0660707950592041
0.05929970741271973
0.05036163330078125
0.050065040588378906
0.049726009368896484
0.05083727836608887
0.057706594467163086
0.05099153518676758
0.07097864151000977
0.05414938926696777
0.05038857460021973
0.0505528450012207
0.06462216377258301
0.056862831115722656
0.05637931823730469
0.05044722557067871
0.05792641639709473
0.05791592597961426
0.05318593978881836
0.05678510665893555
0.05304551124572754
0.05511474609375
0.049893856048583984
0.05024290084838867
0.0573880672454834
0.05758237838745117
0.06128978729248047
0.05184745788574219
0.05588269233703613
0.049980878829956055
0.055544137954711914
0.05473518371582031
0.04963183403015137
0.04929685592651367
0.05037856101989746
0.05646491050720215
0.051878929138183594
0.059458255767822266
0.05759620666503906
0.0494840145111084
0.049907684326171875
0.05477547645568848
0.05488395690917969
0.05010104179382324
0.05570077896118164
0.05648970603942871
0.05066514015197754
0.055866241455078125
0.05048251152038574
0.05090737342834473
0.055443525314331055
0.04956388473510742
0.050202369689941406
0.055799007415771484
0.050638437271118164
0.04989957809448242
0.0555424690246582
0.04939746856689453
0.04914093017578125
0.04955315589904785
0.05750298500061035
0.0589597225189209
0.055576324462890625
0.05837893486022949
0.0584714412689209
0.05119442939758301
0.0495915412902832
0.049910783767700195
0.04991483688354492
0.06559634208679199
0.05423402786254883
0.06163430213928223
0.05484724044799805
0.056847333908081055
0.04959821701049805
0.05560588836669922
0.05365705490112305
0.05150127410888672
0.04910683631896973
0.057865142822265625
0.06442141532897949
0.05078244209289551
0.051503658294677734
0.057694196701049805
0.04972386360168457
0.049643516540527344
0.05020952224731445
0.049605607986450195
0.04990386962890625
0.056531667709350586
0.05084824562072754
0.06538987159729004
0.05133175849914551
0.050176143646240234
0.04945659637451172
0.0507051944732666
0.05925297737121582
0.052520036697387695
0.05496931076049805
0.05231285095214844
0.05869174003601074
0.049620866775512695
0.0569455623626709
0.05649375915527344
0.06860566139221191
0.0631871223449707
0.05215716361999512
0.056381940841674805
0.06638789176940918
0.050762176513671875
0.06023597717285156
0.050722599029541016
0.05579829216003418
0.05045008659362793
0.057276010513305664
0.0553746223449707
0.06292939186096191
0.05078005790710449
0.05059003829956055
0.050942182540893555
0.055861711502075195
0.04962921142578125
0.05345654487609863
0.058001041412353516
0.05036664009094238
0.06451964378356934
0.051422834396362305
0.056613922119140625
0.05100512504577637
0.05099153518676758
0.05000948905944824
0.05184507369995117
0.051084041595458984
0.05621814727783203
0.05716276168823242
0.05270719528198242
0.05552506446838379
0.050087690353393555
0.05176591873168945
0.05170774459838867
0.051361799240112305
0.051572561264038086
0.05968117713928223
0.058472394943237305
0.04999279975891113
0.0567626953125
0.05022692680358887
0.0516202449798584
0.04859137535095215
0.04994034767150879
0.05032634735107422
0.05283761024475098
0.06373167037963867
0.059207916259765625
0.05210995674133301
0.05199623107910156
0.0604100227355957
0.05141282081604004
0.05862617492675781
0.05202889442443848
0.05097341537475586
0.05706524848937988
0.05215859413146973
0.06064152717590332
0.05208730697631836
0.051270484924316406
0.05969882011413574
0.050505876541137695
0.06399416923522949
0.049237728118896484
0.055518388748168945
0.05015993118286133
0.058683156967163086
0.0502932071685791
0.057683467864990234
0.05172991752624512
0.062282562255859375
0.04952430725097656
0.050249576568603516
0.05547475814819336
0.0599520206451416
0.05140066146850586
0.05849432945251465
0.0504450798034668
0.06257128715515137
0.051776885986328125
0.05111432075500488
0.05124521255493164
0.0602107048034668
0.0518031120300293
0.05328488349914551
0.0535275936126709
0.05090951919555664
0.05084085464477539
0.04989457130432129
0.04991507530212402
0.053941965103149414
0.05762052536010742
0.05231189727783203
0.05164027214050293
0.05579638481140137
0.050628662109375
0.04988741874694824
0.04996323585510254
0.049834251403808594
0.05000662803649902
0.056708574295043945
0.05222582817077637
0.05134010314941406
0.051657915115356445
0.05138540267944336
0.05156564712524414
0.05009102821350098
0.05072450637817383
0.0527033805847168
0.05579113960266113
0.050820112228393555
0.0500636100769043
0.05016446113586426
0.051029205322265625
0.059671640396118164
0.059494733810424805
0.057602882385253906
0.0587158203125
0.06356477737426758
0.05097532272338867
0.05539989471435547
0.06042003631591797
0.052996158599853516
0.05137920379638672
0.05508995056152344
0.04944252967834473
0.04906868934631348
0.06379437446594238
0.051077842712402344
0.05036282539367676
0.05033111572265625
0.05775046348571777
0.049791574478149414
0.05866193771362305
0.051941633224487305
0.0614314079284668
0.05736899375915527
0.04987907409667969
0.05013728141784668
0.050170183181762695
0.05968284606933594
0.055428266525268555
0.05180001258850098
0.05721926689147949
0.05847334861755371
0.056960105895996094
0.05100202560424805
0.05587196350097656
0.05057358741760254
0.05092263221740723
0.04941868782043457
0.058139801025390625
0.052944183349609375
0.050589799880981445
0.06463003158569336
0.05056595802307129
0.05288219451904297
0.05071282386779785
0.06300640106201172
0.054582834243774414
0.05384421348571777
0.05334615707397461
0.0540769100189209
0.06164193153381348
0.05177140235900879
0.05118918418884277
0.052684783935546875
0.05157160758972168
0.04957985877990723
0.05803394317626953
0.048860788345336914
0.05613279342651367
0.061612844467163086
0.05259370803833008
0.05190587043762207
0.0502471923828125
0.053635358810424805
0.05094289779663086
0.0496518611907959
0.05904388427734375
0.05502629280090332
0.05536484718322754
0.05096149444580078
0.050811767578125
0.0566864013671875
0.060314178466796875
0.05082273483276367
0.06547737121582031
0.05496525764465332
0.05225777626037598
0.05745339393615723
0.052675724029541016
0.05678057670593262
0.05174398422241211
0.05144953727722168
0.049807071685791016
0.04962325096130371
0.050060272216796875
0.04966235160827637
0.05675244331359863
0.05257773399353027
0.0519709587097168
0.05619025230407715
0.05107593536376953
0.05615091323852539
0.05036211013793945
0.05124020576477051
0.06521368026733398
0.06324315071105957
0.05270814895629883
0.05111432075500488
0.050776004791259766
0.05463433265686035
0.05193948745727539
0.05173611640930176
0.056231021881103516
0.059294700622558594
0.06177663803100586
0.05044102668762207
0.05342268943786621
0.0650792121887207
0.050063133239746094
0.05641746520996094
0.04880332946777344
0.05106067657470703
0.05611920356750488
0.06411266326904297
0.05701112747192383
0.06734347343444824
0.05444455146789551
0.053771018981933594
0.05066704750061035
0.04955005645751953
0.0617830753326416
0.04977893829345703
0.05656838417053223
0.05128884315490723
0.05299735069274902
0.050649166107177734
0.049825429916381836
0.04916572570800781
0.05023384094238281
0.05570483207702637
0.049942731857299805
0.06362295150756836
0.05922698974609375
0.06522083282470703
0.0572657585144043
0.05892133712768555
0.0578305721282959
0.055915117263793945
0.05014920234680176
0.04992532730102539
0.0559535026550293
0.053910255432128906
0.06493616104125977
0.05935025215148926
0.04950094223022461
0.04917502403259277
0.04889059066772461
0.05613088607788086
0.05743122100830078
0.057051897048950195
0.05201458930969238
0.0511775016784668
0.050261497497558594
0.05808568000793457
0.049407243728637695
0.049520015716552734
0.04994821548461914
0.050722599029541016
0.06456518173217773
0.05140542984008789
0.05632185935974121
0.05857515335083008
0.051753997802734375
0.050779104232788086
0.05814933776855469
0.06157660484313965
0.05259227752685547
0.06813287734985352
0.05244255065917969
0.054680585861206055
0.05847501754760742
0.0614626407623291
0.04995298385620117
0.05125880241394043
0.06221938133239746
0.05234837532043457
0.06312894821166992
0.052076101303100586
0.05159616470336914
0.05163979530334473
0.05648970603942871
0.05922508239746094
0.06510066986083984
0.0494844913482666
0.05010819435119629
0.057908058166503906
0.05727887153625488
0.058797597885131836
0.05514812469482422
0.05092215538024902
0.04990696907043457
0.04985642433166504
0.05800986289978027
0.06483983993530273
0.05565237998962402
0.05171465873718262
0.06133913993835449
0.05545806884765625
0.06571507453918457
0.05953717231750488
0.05187082290649414
0.05417823791503906
0.04990267753601074
0.057456016540527344
0.05227470397949219
0.05211687088012695
0.05142688751220703
0.05604672431945801
0.05116081237792969
0.05099940299987793
0.05910301208496094
0.057732582092285156
0.06300568580627441
0.05228114128112793
0.0506439208984375
0.056790828704833984
0.055959463119506836
0.05479693412780762
0.059435129165649414
0.052500009536743164
0.05003762245178223
0.05707430839538574
0.05635380744934082
0.05164790153503418
0.05597543716430664
0.050383567810058594
0.04960942268371582
0.049300193786621094
0.04980182647705078
0.05045747756958008
0.06804609298706055
0.0564420223236084
0.05674266815185547
0.05666065216064453
0.050513505935668945
0.049736738204956055
0.050034284591674805
0.05118417739868164
0.05208396911621094
0.06069779396057129
0.052942752838134766
0.05204057693481445
0.049962520599365234
0.04921984672546387
0.05086398124694824
0.054796695709228516
0.05217599868774414
0.04918336868286133
0.055979251861572266
0.059201955795288086
0.058585405349731445
0.0499262809753418
0.04980587959289551
0.05008244514465332
0.05222296714782715
0.04933810234069824
0.05191493034362793
0.06281805038452148
0.05123162269592285
0.05030512809753418
0.05644392967224121
0.05808663368225098
0.04980826377868652
0.05047893524169922
0.04940509796142578
0.04916715621948242
0.05585289001464844
0.050332069396972656
0.05635476112365723
0.05756092071533203
0.05612826347351074
0.050151824951171875
0.05919981002807617
0.06015777587890625
0.0501103401184082
0.05659079551696777
0.05873847007751465
0.06660985946655273
0.050031185150146484
0.049509286880493164
0.04975557327270508
0.050887346267700195
0.04955720901489258
0.051264047622680664
0.05539965629577637
0.051885128021240234
0.05052018165588379
0.050005197525024414
0.05552172660827637
0.05755901336669922
0.05541491508483887
0.0494084358215332
0.04982757568359375
0.06131696701049805
0.05681037902832031
0.05652952194213867
0.06495308876037598
0.05843377113342285
0.053006887435913086
0.05097174644470215
0.05713677406311035
0.0504755973815918
0.07142353057861328
0.058890581130981445
0.0557093620300293
0.06085681915283203
0.0661928653717041
0.05341768264770508
0.055739402770996094
0.05112123489379883
0.050589561462402344
0.05791735649108887
0.05866050720214844
0.05101323127746582
0.0504307746887207
0.05652666091918945
0.053048133850097656
0.04992270469665527
0.049865007400512695
0.04998207092285156
0.056714534759521484
0.0511782169342041
0.06447386741638184
0.05255699157714844
0.052576303482055664
0.05623602867126465
0.0516357421875
0.05191469192504883
0.050572872161865234
0.05780935287475586
0.059499263763427734
0.0576024055480957
0.05046415328979492
0.0499267578125
0.050657033920288086
0.05089259147644043
0.050218820571899414
0.050768375396728516
0.05748271942138672
0.05134987831115723
0.0584416389465332
0.05056476593017578
0.05657601356506348
0.05022883415222168
0.05808877944946289
0.05599856376647949
0.05106711387634277
0.06356382369995117
0.04995560646057129
0.04984021186828613
0.05105781555175781
0.04876446723937988
0.05047464370727539
0.06550788879394531
0.04967999458312988
0.05013775825500488
0.05567669868469238
0.060762882232666016
0.05579090118408203
0.051160573959350586
0.04900169372558594
0.05005908012390137
0.05184316635131836
0.05071663856506348
0.05086541175842285
0.07166910171508789
0.05593609809875488
0.05783247947692871
0.05017399787902832
0.052576541900634766
0.05054593086242676
0.060344696044921875
0.06430768966674805
0.055739402770996094
0.06258058547973633
0.06155800819396973
0.050980567932128906
0.05154919624328613
0.05712604522705078
0.057618141174316406
0.057817697525024414
0.059920310974121094
0.0520176887512207
0.05876040458679199
0.05169272422790527
0.05445742607116699
0.05371570587158203
0.0636594295501709
0.05553126335144043
0.05976390838623047
0.05277514457702637
0.05207991600036621
0.056334495544433594
0.05904054641723633
0.05392193794250488
0.05280447006225586
0.05311131477355957
0.058356285095214844
0.055193185806274414
0.05095839500427246
0.059851646423339844
0.06254982948303223
0.06109452247619629
0.05086016654968262
0.05143332481384277
0.058023691177368164
0.05144834518432617
0.05319094657897949
0.06285643577575684
0.05717301368713379
0.06197166442871094
0.05633401870727539
0.06136441230773926
0.05028390884399414
0.06047677993774414
0.05562639236450195
0.05193352699279785
0.056182146072387695
0.06050848960876465
0.06411314010620117
0.059888601303100586
0.05390739440917969
0.05864524841308594
0.05618166923522949
0.04968595504760742
0.05210065841674805
0.05560111999511719
0.05040740966796875
0.05788397789001465
0.05124068260192871
0.05108761787414551
0.060630083084106445
0.05047488212585449
0.059734344482421875
0.056123971939086914
0.06113004684448242
0.049864768981933594
0.05781149864196777
0.05157160758972168
0.05682659149169922
0.05024838447570801
0.06076216697692871
0.05991506576538086
0.06662774085998535
0.05285358428955078
0.05071139335632324
0.05644416809082031
0.06034588813781738
0.05449104309082031
0.05607795715332031
0.06027555465698242
0.06042790412902832
0.05072760581970215
0.05100059509277344
0.05866861343383789
0.07318282127380371
0.05390286445617676
0.05412006378173828
0.05274629592895508
0.05329608917236328
0.05295705795288086
0.06371307373046875
0.05281233787536621
0.05022859573364258
0.05840420722961426
0.05845522880554199
0.053663015365600586
0.049787282943725586
0.05998396873474121
0.05591773986816406
0.05161452293395996
0.055983781814575195
0.056001901626586914
0.05749368667602539
0.05648374557495117
0.05637407302856445
0.053237199783325195
0.056200265884399414
0.05745553970336914
0.0506594181060791
0.0499415397644043
0.05739569664001465
0.06323623657226562
0.0507664680480957
0.05350923538208008
0.05027270317077637
0.05165386199951172
0.050538063049316406
0.04989480972290039
0.049587249755859375
0.05596590042114258
0.06183886528015137
0.0507657527923584
0.05823874473571777
0.06228923797607422
0.06671142578125
0.058233022689819336
0.052564144134521484
0.05724763870239258
0.057462215423583984
0.05848193168640137
0.0615077018737793
0.05162215232849121
0.05857253074645996
0.05198478698730469
0.06666684150695801
0.05295085906982422
0.06065225601196289
0.05228853225708008
0.056134939193725586
0.05939960479736328
0.05716872215270996
0.05165290832519531
0.05261659622192383
0.05217242240905762
0.05334591865539551
0.05368185043334961
0.05692744255065918
0.059334516525268555
0.05953025817871094
0.057645559310913086
0.05559659004211426
0.05433821678161621
0.06357669830322266
0.05394458770751953
0.06316757202148438
0.050394296646118164
0.05894947052001953
0.053914546966552734
0.05472087860107422
0.051145076751708984
0.05122733116149902
0.0506443977355957
0.05012989044189453
0.04996466636657715
0.05779743194580078
0.05615568161010742
0.0513916015625
0.058353424072265625
0.05178689956665039
0.0498201847076416
0.04970431327819824
0.05212712287902832
0.05101776123046875
0.05102038383483887
0.0569453239440918
0.052512168884277344
0.057096242904663086
0.05067157745361328
0.050054073333740234
0.05736660957336426
0.05621981620788574
0.050073862075805664
0.057782649993896484
0.06377482414245605
0.0529634952545166
0.05340075492858887
0.05750393867492676
0.049317359924316406
0.07034635543823242
0.0570826530456543
0.06080508232116699
0.05295443534851074
0.06372928619384766
0.05371236801147461
0.05109977722167969
0.05453610420227051
0.05338597297668457
0.05644798278808594
0.0585787296295166
0.05277514457702637
0.0498502254486084
0.0556185245513916
0.05062675476074219
0.05101776123046875
0.05219697952270508
0.05137801170349121
0.05192899703979492
0.05018758773803711
0.057843685150146484
0.04993081092834473
0.05895543098449707
0.051636457443237305
0.058077335357666016
0.05030059814453125
0.05564260482788086
0.04921078681945801
0.04930901527404785
0.05524182319641113
0.05289292335510254
0.05830836296081543
0.057277679443359375
0.05160975456237793
0.05150628089904785
0.050733327865600586
0.052033185958862305
0.04996800422668457
0.05590701103210449
0.05052590370178223
0.06502842903137207
0.06029772758483887
0.057131290435791016
0.05315828323364258
0.055295705795288086
0.059534311294555664
0.05813288688659668
0.04999947547912598
0.049448490142822266
0.059313058853149414
0.06419134140014648
0.05170106887817383
0.05022549629211426
0.055281639099121094
0.05717635154724121
0.05106210708618164
0.05743551254272461
0.05076169967651367
0.0571589469909668
0.051935434341430664
0.051348209381103516
0.05852389335632324
0.05150103569030762
0.056565046310424805
0.058721065521240234
0.05657839775085449
0.05960416793823242
0.05874037742614746
0.05111503601074219
0.0521237850189209
0.05022478103637695
0.05065035820007324
0.06435537338256836
0.055510759353637695
0.05126476287841797
0.049710750579833984
0.06416511535644531
0.05099940299987793
0.0506138801574707
0.05797696113586426
0.05548548698425293
0.06464910507202148
0.06684637069702148
0.05022597312927246
0.05085134506225586
0.05600476264953613
0.05059981346130371
0.050260066986083984
0.05104565620422363
0.060372352600097656
0.056082725524902344
0.050586700439453125
0.058057546615600586
0.05011868476867676
0.06205582618713379
0.05486798286437988
0.050568580627441406
0.05026412010192871
0.050031185150146484
0.04989933967590332
0.05740642547607422
0.06687116622924805
0.060074806213378906
0.06304621696472168
0.051329851150512695
0.05931878089904785
0.051477909088134766
0.052872419357299805
0.05043435096740723
0.05380392074584961
0.05013775825500488
0.04944491386413574
0.056763648986816406
0.0572052001953125
0.05190229415893555
0.05152416229248047
0.04980778694152832
0.050093889236450195
0.05555534362792969
0.04938054084777832
0.05058860778808594
0.05571722984313965
0.05112576484680176
0.05942034721374512
0.058794498443603516
0.06469845771789551
0.06057143211364746
0.05024123191833496
0.053824424743652344
0.05772757530212402
0.062303781509399414
0.050795555114746094
0.05008673667907715
0.05086946487426758
0.049138784408569336
0.0500493049621582
0.05899238586425781
0.061547040939331055
0.06621384620666504
0.06267690658569336
0.059796810150146484
0.05942869186401367
0.06378316879272461
0.053620100021362305
0.05874824523925781
0.05413699150085449
0.05802631378173828
0.053066253662109375
0.06579089164733887
0.05908799171447754
0.05866813659667969
0.053002119064331055
0.056009531021118164
0.05083918571472168
0.050135135650634766
0.04961848258972168
0.0517120361328125
0.0634307861328125
0.06174921989440918
0.05916333198547363
0.05291295051574707
0.05951380729675293
0.057973384857177734
0.055565834045410156
0.06543636322021484
0.05947089195251465
0.05597090721130371
0.0510408878326416
0.05078625679016113
0.05019187927246094
0.05378556251525879
0.050112009048461914
0.055817604064941406
0.04996991157531738
0.06453514099121094
0.060666561126708984
0.05127286911010742
0.06717205047607422
0.05287313461303711
0.05585765838623047
0.05176258087158203
0.05803060531616211
0.04983782768249512
0.05739879608154297
0.06354546546936035
0.05099296569824219
0.05881166458129883
0.05617189407348633
0.05591940879821777
0.05048346519470215
0.05577278137207031
0.051659345626831055
0.05644655227661133
0.06154227256774902
0.056542396545410156
0.05082249641418457
0.0554966926574707
0.05738329887390137
0.05117678642272949
0.05234360694885254
0.050426483154296875
0.050353050231933594
0.056006669998168945
0.0536191463470459
0.051178932189941406
0.05029034614562988
0.05550122261047363
0.051825523376464844
0.06106710433959961
0.05554389953613281
0.05811262130737305
0.06593942642211914
0.05207324028015137
0.05053377151489258
0.05060148239135742
0.05009579658508301
0.05253291130065918
0.04983353614807129
0.05548453330993652
0.05012059211730957
0.06512951850891113
0.05059409141540527
0.05576181411743164
0.0506134033203125
0.055830955505371094
0.05657315254211426
0.06513118743896484
0.05440711975097656
0.050142765045166016
0.057166337966918945
0.05547451972961426
0.06643223762512207
0.05307817459106445
0.04943656921386719
0.05191349983215332
0.057771921157836914
0.05764126777648926
0.050647735595703125
0.06409168243408203
0.05053400993347168
0.051613807678222656
0.06534361839294434
0.05084228515625
0.058509111404418945
0.05871081352233887
0.06512331962585449
0.05959725379943848
0.07155108451843262
0.06010007858276367
0.0566096305847168
0.05045199394226074
0.05086660385131836
0.0498204231262207
0.04995226860046387
0.05036163330078125
0.05946016311645508
0.05973196029663086
0.051580190658569336
0.05506110191345215
0.0505528450012207
0.055852651596069336
0.05589103698730469
0.05045819282531738
0.05904126167297363
0.056444406509399414
0.05659937858581543
0.051659345626831055
0.051172733306884766
0.05137228965759277
0.05773496627807617
0.0503697395324707
0.056406497955322266
0.057366132736206055
0.05025029182434082
0.056240081787109375
0.06551480293273926
0.05233359336853027
0.058301687240600586
0.06452226638793945
0.058419227600097656
0.057877540588378906
0.05809211730957031
0.055861711502075195
0.05588507652282715
0.05687379837036133
0.06779003143310547
0.05490565299987793
0.05618715286254883
0.06041884422302246
0.050635576248168945
0.055710554122924805
0.05015134811401367
0.07150959968566895
0.05941295623779297
0.050635337829589844
0.053240299224853516
0.05900430679321289
0.0533137321472168
0.05010366439819336
0.05073118209838867
0.05100703239440918
0.05658268928527832
0.05295085906982422
0.055362701416015625
0.05133390426635742
0.04979658126831055
0.06267905235290527
0.05110359191894531
0.0563352108001709
0.0571742057800293
0.06499695777893066
0.0525975227355957
0.05046486854553223
0.05874943733215332
0.050077199935913086
0.04995465278625488
0.05685544013977051
0.04971003532409668
0.04962587356567383
0.0623621940612793
0.0510716438293457
0.0656731128692627
0.05862593650817871
0.05614924430847168
0.04899454116821289
0.04982781410217285
0.06679606437683105
0.051863908767700195
0.07049393653869629
0.0599827766418457
0.06024670600891113
0.06013154983520508
0.05964326858520508
0.05092811584472656
0.05660128593444824
0.0501856803894043
0.05064225196838379
0.0606379508972168
0.05067586898803711
0.05132913589477539
0.05189657211303711
0.050220489501953125
0.05076789855957031
0.05594062805175781
0.05683636665344238
0.05715441703796387
0.06407904624938965
0.05650925636291504
0.0503847599029541
0.05050349235534668
0.05734968185424805
0.05804729461669922
0.05477762222290039
0.055664777755737305
0.05894875526428223
0.06252884864807129
0.056899309158325195
0.05263185501098633
0.06016731262207031
0.05624794960021973
0.05019235610961914
0.052789926528930664
0.04996132850646973
0.050782203674316406
0.07178640365600586
0.057314157485961914
0.051488637924194336
0.056676387786865234
0.060159921646118164
0.06986737251281738
0.05208849906921387
0.04971194267272949
0.0502626895904541
0.06165432929992676
0.05884408950805664
0.05836749076843262
0.050592899322509766
0.0497889518737793
0.0654287338256836
0.052289724349975586
0.05563855171203613
0.050075531005859375
0.05579209327697754
0.05065155029296875
0.056140899658203125
0.05828523635864258
0.05091547966003418
0.057916879653930664
0.04957914352416992
0.04974865913391113
0.05022120475769043
0.05540108680725098
0.05078601837158203
0.058771371841430664
0.05805706977844238
0.04921698570251465
0.05793929100036621
0.05233454704284668
0.04966473579406738
0.050151824951171875
0.055974483489990234
0.06793618202209473
0.05823493003845215
0.05006909370422363
0.058966875076293945
0.06544685363769531
0.06172895431518555
0.05139803886413574
0.05507612228393555
0.061470746994018555
0.05170893669128418
0.050537824630737305
0.05855560302734375
0.05588173866271973
0.04934501647949219
0.05533957481384277
0.052445411682128906
0.06529927253723145
0.061388492584228516
0.49172139167785645
0.07516098022460938
0.06263232231140137
0.06328535079956055
0.061132192611694336
0.06967520713806152
0.06425905227661133
0.06619524955749512
0.06446051597595215
0.07547879219055176
0.0649268627166748
0.05901050567626953
0.05947160720825195
0.05672335624694824
0.07686924934387207
0.06320619583129883
0.06253671646118164
0.06786441802978516
0.07536983489990234
0.06082653999328613
0.05979156494140625
0.05706787109375
0.05753779411315918
0.06661176681518555
0.06393647193908691
0.05874276161193848
0.06528210639953613
0.06518793106079102
0.05732274055480957
0.057023048400878906
0.062335968017578125
0.05633878707885742
0.06307101249694824
0.05765104293823242
0.0596308708190918
