              precision    recall  f1-score   support

           0       0.62      0.65      0.63       237
           1       0.84      0.54      0.66       596
           2       0.74      0.48      0.58       294
           3       0.48      0.39      0.43       311
           4       0.89      0.95      0.92       466
           5       0.51      0.78      0.61       618
           6       0.72      0.65      0.68       242
           7       0.78      0.82      0.80       655

    accuracy                           0.69      3419
   macro avg       0.70      0.66      0.67      3419
weighted avg       0.71      0.69      0.69      3419

