              precision    recall  f1-score   support

           0       0.99      0.98      0.99       237
           1       0.99      1.00      1.00       596
           2       0.98      0.99      0.98       294
           3       0.97      0.98      0.98       311
           4       1.00      1.00      1.00       466
           5       0.92      0.97      0.94       618
           6       0.96      1.00      0.98       242
           7       0.99      0.92      0.95       655

    accuracy                           0.97      3419
   macro avg       0.98      0.98      0.98      3419
weighted avg       0.98      0.97      0.97      3419

