1.1608333587646484
0.10163021087646484
0.09394526481628418
0.08951878547668457
0.10202312469482422
0.09690475463867188
0.09720611572265625
0.09713411331176758
0.10123872756958008
0.09762930870056152
0.09159326553344727
0.0998084545135498
0.0979914665222168
0.10145163536071777
0.10046815872192383
0.09706807136535645
0.09071207046508789
0.1001439094543457
0.092132568359375
0.08658480644226074
0.09037542343139648
0.08694982528686523
0.08957433700561523
0.08624100685119629
0.08345174789428711
0.08778619766235352
0.09080886840820312
0.08811044692993164
0.09081554412841797
0.0886850357055664
0.08622479438781738
0.09162068367004395
0.09526395797729492
0.09370040893554688
0.09051322937011719
0.127913236618042
0.10562396049499512
0.10107779502868652
0.09788393974304199
0.09631085395812988
0.09513282775878906
0.10170674324035645
0.09742021560668945
0.09737968444824219
0.11291909217834473
0.10724997520446777
0.09788727760314941
0.10372114181518555
0.09706258773803711
0.09621310234069824
0.09888577461242676
0.09728312492370605
0.0992879867553711
0.1012575626373291
0.10060834884643555
0.09889364242553711
0.10035204887390137
0.09705877304077148
0.09702062606811523
0.09867048263549805
0.09726786613464355
0.09506893157958984
0.10766172409057617
0.10050034523010254
0.0998833179473877
0.09789276123046875
0.09838414192199707
0.09618592262268066
0.09838318824768066
0.09990644454956055
0.09993791580200195
0.10335016250610352
0.10057568550109863
0.09863662719726562
0.0978691577911377
0.09764719009399414
0.09594249725341797
0.09647846221923828
0.09737873077392578
0.09848999977111816
0.10428905487060547
0.09815359115600586
0.09971332550048828
0.09897851943969727
0.09533286094665527
0.09624052047729492
0.0991978645324707
0.09901952743530273
0.09649205207824707
0.10382318496704102
0.10055804252624512
0.09804725646972656
0.09803175926208496
0.09449529647827148
0.09742355346679688
0.09899306297302246
0.1000511646270752
0.09775662422180176
0.10186100006103516
0.09861230850219727
0.09645271301269531
0.09675931930541992
0.09610533714294434
0.09287571907043457
0.09589362144470215
0.09847283363342285
0.09848999977111816
0.10318374633789062
0.09635186195373535
0.0978696346282959
0.0948641300201416
0.0953218936920166
0.09512138366699219
0.09346890449523926
0.09440183639526367
0.09274482727050781
0.10148048400878906
0.09900617599487305
0.09647083282470703
0.09531426429748535
0.09400486946105957
0.09213685989379883
0.09754347801208496
0.09853076934814453
0.09507203102111816
0.10201573371887207
0.09765839576721191
0.09577107429504395
0.09719061851501465
0.09665656089782715
0.09681344032287598
0.09712362289428711
0.09742140769958496
0.09430217742919922
0.10253071784973145
0.09640645980834961
0.09540772438049316
0.0950920581817627
0.09589195251464844
0.0933527946472168
0.09620213508605957
0.096282958984375
0.09839057922363281
0.09896731376647949
0.09686088562011719
0.09619474411010742
0.09573841094970703
0.0969228744506836
0.09676599502563477
0.09694910049438477
0.09599447250366211
