              precision    recall  f1-score   support

           0       0.81      0.93      0.87        14
           1       0.89      0.62      0.73        13
           2       0.55      0.67      0.60        18
           3       0.90      0.95      0.92        19
           4       0.90      0.84      0.87        32
           5       0.42      0.73      0.53        11
           6       0.50      0.17      0.25        12
           7       0.83      0.71      0.77         7
           8       1.00      0.43      0.60         7
           9       0.82      1.00      0.90        18

    accuracy                           0.75       151
   macro avg       0.76      0.70      0.70       151
weighted avg       0.77      0.75      0.74       151

