1.7719628810882568
0.09281587600708008
0.062436580657958984
0.05568981170654297
0.056786298751831055
0.05159735679626465
0.05134701728820801
0.05530357360839844
0.05164527893066406
0.051413774490356445
0.0510406494140625
0.05115032196044922
0.05083870887756348
0.05116891860961914
0.05057096481323242
0.056096553802490234
0.056040287017822266
0.051095008850097656
0.05697131156921387
0.056432485580444336
0.049858808517456055
0.051301002502441406
0.050838470458984375
0.049973249435424805
0.05657529830932617
0.05556511878967285
0.05666613578796387
0.05132031440734863
0.05047893524169922
0.050290584564208984
0.050607919692993164
0.06045103073120117
0.051084280014038086
0.05597424507141113
0.05526161193847656
0.051607608795166016
0.051039695739746094
0.058141231536865234
0.050392866134643555
0.05044674873352051
0.050235748291015625
0.05783271789550781
0.0561370849609375
0.05542135238647461
0.05048489570617676
0.05176258087158203
0.050885915756225586
0.057999610900878906
0.058280229568481445
0.052152395248413086
0.05803275108337402
0.04932594299316406
0.06332826614379883
0.05807089805603027
0.051093339920043945
0.050271034240722656
0.05094170570373535
0.04995608329772949
0.07411694526672363
0.05019378662109375
0.05059957504272461
0.062270164489746094
0.05280637741088867
0.04968976974487305
0.050514936447143555
0.05053353309631348
0.04947066307067871
0.0494692325592041
0.05019807815551758
0.04956364631652832
0.05540299415588379
0.05957221984863281
0.06230044364929199
0.05849194526672363
0.0519866943359375
0.058274030685424805
0.05063581466674805
0.05872011184692383
0.0499725341796875
0.054967403411865234
0.04980063438415527
0.056465864181518555
0.05664348602294922
0.051209211349487305
0.05006575584411621
0.05002236366271973
0.04980587959289551
0.050171852111816406
0.054392099380493164
0.05002260208129883
0.0583343505859375
0.0580596923828125
0.04977059364318848
0.058804988861083984
0.05124163627624512
0.049733877182006836
0.0498809814453125
0.06430745124816895
0.051213741302490234
0.050998687744140625
0.050284624099731445
0.057184457778930664
0.04984450340270996
0.0553586483001709
0.04938697814941406
0.049277305603027344
0.06471705436706543
0.0594480037689209
0.0588071346282959
0.05904221534729004
0.05019879341125488
0.05040454864501953
0.04956936836242676
0.04945659637451172
0.05545496940612793
0.05474972724914551
0.0498042106628418
0.049231767654418945
0.05015230178833008
0.05934000015258789
0.04988670349121094
0.04934358596801758
0.049453020095825195
0.050801753997802734
0.06330037117004395
0.0664060115814209
0.05553126335144043
0.0506746768951416
0.05346512794494629
0.04995131492614746
0.0586550235748291
0.049721717834472656
0.0656888484954834
0.05762600898742676
0.05083465576171875
0.051785945892333984
0.050586700439453125
0.050495147705078125
0.05031991004943848
0.050356149673461914
0.05091524124145508
0.05052757263183594
0.05595064163208008
0.05145549774169922
0.051273345947265625
0.05040383338928223
0.05101180076599121
0.05021810531616211
0.050577402114868164
0.05050253868103027
0.050238847732543945
0.06382632255554199
0.05201554298400879
0.050925493240356445
0.05030393600463867
0.05016326904296875
0.049675703048706055
0.05028533935546875
0.04995131492614746
0.055615901947021484
0.05541205406188965
0.050889015197753906
0.050717830657958984
0.05077314376831055
0.050699472427368164
0.04990506172180176
0.04994630813598633
0.050675153732299805
0.05036163330078125
0.05562877655029297
0.050560712814331055
0.049981117248535156
0.05006241798400879
0.04979658126831055
0.05035686492919922
0.05047130584716797
0.05390191078186035
0.057653188705444336
0.06292986869812012
0.05659222602844238
0.059749603271484375
0.0598149299621582
0.05063796043395996
0.04990720748901367
0.056690216064453125
0.05024385452270508
0.057868242263793945
0.05565977096557617
0.06716156005859375
0.05940699577331543
0.05911612510681152
0.05010581016540527
0.058645009994506836
0.05572962760925293
0.055707693099975586
0.050537824630737305
0.05538749694824219
0.051157474517822266
0.050879478454589844
0.05031418800354004
0.05062747001647949
0.055913686752319336
0.05452251434326172
0.05068039894104004
0.0561215877532959
0.056412458419799805
0.05135083198547363
0.0511019229888916
0.05785369873046875
0.05077075958251953
0.050902366638183594
0.05054926872253418
0.05005288124084473
0.0560917854309082
0.05537748336791992
0.050766706466674805
0.05101943016052246
0.050569772720336914
0.050924062728881836
0.06733083724975586
0.05033731460571289
0.05068254470825195
0.06673002243041992
0.05598282814025879
0.05097770690917969
0.05064988136291504
0.051329851150512695
0.051433563232421875
0.05089688301086426
0.04973959922790527
0.05063509941101074
0.05132603645324707
0.05563807487487793
0.051390886306762695
0.05157613754272461
0.050841569900512695
0.05096936225891113
0.05071210861206055
0.05032849311828613
0.05050015449523926
0.05037403106689453
0.06345534324645996
0.05179142951965332
0.058475494384765625
0.05160713195800781
0.050821542739868164
0.05085015296936035
0.05069994926452637
0.04950070381164551
0.0568385124206543
0.05584001541137695
0.05175924301147461
0.05080461502075195
0.0508875846862793
0.050702810287475586
0.0501408576965332
0.05067253112792969
0.05018973350524902
0.050432682037353516
0.05576658248901367
0.05796170234680176
0.05719590187072754
0.05013847351074219
0.0500950813293457
0.0500025749206543
0.050737857818603516
0.05790138244628906
0.05029940605163574
0.055860280990600586
0.05150794982910156
0.05114626884460449
0.05107712745666504
0.050511837005615234
0.05095982551574707
0.050698280334472656
0.057958364486694336
0.05045175552368164
0.05502891540527344
0.05159163475036621
0.050863027572631836
0.052851200103759766
0.05054616928100586
0.051029205322265625
0.06125187873840332
0.05179023742675781
0.05672168731689453
0.05619168281555176
0.05138731002807617
0.05112433433532715
0.05909276008605957
0.059578657150268555
0.05227923393249512
0.05649900436401367
0.05615854263305664
0.0574648380279541
0.06510376930236816
0.053336381912231445
0.06952404975891113
0.05476951599121094
0.0531003475189209
0.05069565773010254
0.050737619400024414
0.056032419204711914
0.05287456512451172
0.059583425521850586
0.05872225761413574
0.05911684036254883
0.05257391929626465
0.05073833465576172
0.05803251266479492
0.05071258544921875
0.05620431900024414
0.05690360069274902
0.05615711212158203
0.05140399932861328
0.05103015899658203
0.05071377754211426
0.05346941947937012
0.06463456153869629
0.049535512924194336
0.05523395538330078
0.04974865913391113
0.06064558029174805
0.33526039123535156
0.05548858642578125
0.05536770820617676
0.05916714668273926
0.06887674331665039
0.0554203987121582
0.05424928665161133
0.05400371551513672
0.053427696228027344
0.06501984596252441
0.05393028259277344
0.060736894607543945
0.05427265167236328
0.05403590202331543
0.053807735443115234
0.05959773063659668
0.052047014236450195
0.05319356918334961
0.05951833724975586
0.05331993103027344
0.05318284034729004
0.05221676826477051
0.05165743827819824
0.051041603088378906
0.05128312110900879
0.05128121376037598
0.05113959312438965
0.05839729309082031
0.051546573638916016
0.051050424575805664
0.05350065231323242
0.05028128623962402
0.051084041595458984
0.05046248435974121
0.049551963806152344
0.049479007720947266
0.056464195251464844
0.05070662498474121
0.05221962928771973
0.05048060417175293
0.050286054611206055
0.05888533592224121
0.05425906181335449
0.04974532127380371
0.05761289596557617
0.06533288955688477
0.054044485092163086
0.05035281181335449
0.05227017402648926
0.055403947830200195
0.050121307373046875
0.04997992515563965
0.05052971839904785
0.04947042465209961
0.05536198616027832
0.050789833068847656
0.050426483154296875
0.05926823616027832
0.055440664291381836
0.04990959167480469
0.050560712814331055
0.0576174259185791
0.050058841705322266
0.05713224411010742
0.05201435089111328
0.049716949462890625
0.05890655517578125
0.04974937438964844
0.05059695243835449
0.049161672592163086
0.049608707427978516
0.05181002616882324
0.054680585861206055
0.05001425743103027
0.05711722373962402
0.05591440200805664
0.04980587959289551
0.05901026725769043
0.054409027099609375
0.04909777641296387
0.05042219161987305
0.0620884895324707
0.05226469039916992
0.050692081451416016
0.057877302169799805
0.05058598518371582
0.05050158500671387
0.052588701248168945
0.05096244812011719
0.05114865303039551
0.06159210205078125
0.05151176452636719
0.05075979232788086
0.05080914497375488
0.05103492736816406
0.05735945701599121
0.055872440338134766
0.049907684326171875
0.04947543144226074
0.05569005012512207
0.05098319053649902
0.052870988845825195
0.05754351615905762
0.0567173957824707
0.057702064514160156
0.04940915107727051
0.05042457580566406
0.05049276351928711
0.05569267272949219
0.050952911376953125
0.05072379112243652
0.04963541030883789
0.052663564682006836
0.055797576904296875
0.0572664737701416
0.05071544647216797
0.04972696304321289
0.05465531349182129
0.053479909896850586
0.05082893371582031
0.050817012786865234
0.055726051330566406
0.05817842483520508
0.050206899642944336
0.0640873908996582
0.05794668197631836
0.06549978256225586
0.051896095275878906
0.050124406814575195
0.052551984786987305
0.05248713493347168
0.05040168762207031
0.05055546760559082
0.050107717514038086
0.05734395980834961
0.05509495735168457
0.05080461502075195
0.05113577842712402
0.050522804260253906
0.050679683685302734
0.05045795440673828
0.058806657791137695
0.05037569999694824
0.050022125244140625
0.0625605583190918
0.05096721649169922
0.05074477195739746
0.05047774314880371
0.04990744590759277
0.050368547439575195
0.050272226333618164
0.05769085884094238
0.06049466133117676
0.05911564826965332
0.05124187469482422
0.049329519271850586
0.0504918098449707
0.04982256889343262
0.04986166954040527
0.04968857765197754
0.05518317222595215
0.0498957633972168
0.05501270294189453
0.049996137619018555
0.0496058464050293
0.05756115913391113
0.05578422546386719
0.04980611801147461
0.05012035369873047
0.04895138740539551
0.04951000213623047
0.05414557456970215
0.05068349838256836
0.05003213882446289
0.05002403259277344
0.04990649223327637
0.05036115646362305
0.05890607833862305
0.059128522872924805
0.05078768730163574
0.05598855018615723
0.05131268501281738
0.05110311508178711
0.05177497863769531
0.05085587501525879
0.05025887489318848
0.050047874450683594
0.05008816719055176
0.06518077850341797
0.05546307563781738
0.0598301887512207
0.05048322677612305
0.05722689628601074
0.05032229423522949
0.050212860107421875
0.05726432800292969
0.055573225021362305
0.049813032150268555
0.054993629455566406
0.05096077919006348
0.05646538734436035
0.050201416015625
0.05039334297180176
0.05022764205932617
0.05779457092285156
0.05530953407287598
0.049779415130615234
0.06223487854003906
0.05823922157287598
0.05020427703857422
0.050083160400390625
0.04966878890991211
0.05685710906982422
0.05027437210083008
0.049237966537475586
0.049758195877075195
0.055230140686035156
0.05253458023071289
0.05020856857299805
0.05069112777709961
0.05778050422668457
0.050124406814575195
0.056011199951171875
0.04961252212524414
0.049875736236572266
0.05505824089050293
0.0508265495300293
0.050092458724975586
0.05153942108154297
0.04997396469116211
0.049841880798339844
0.050000667572021484
0.06850695610046387
0.05418515205383301
0.057848215103149414
0.05108809471130371
0.05301213264465332
0.052802085876464844
0.05256509780883789
0.056585073471069336
0.04991865158081055
0.05535697937011719
0.04924464225769043
0.05473756790161133
0.05032038688659668
0.05320405960083008
0.04995560646057129
0.049494266510009766
0.05002784729003906
0.06000852584838867
0.05287623405456543
0.05506420135498047
0.05504035949707031
0.0502011775970459
0.05037808418273926
0.049835920333862305
0.05680060386657715
0.04970407485961914
0.0499415397644043
0.04934382438659668
0.0636601448059082
0.05625438690185547
0.05091357231140137
0.05097222328186035
0.05013132095336914
0.05679941177368164
0.050046443939208984
0.05945181846618652
0.05125164985656738
0.057822227478027344
0.05700039863586426
0.057682037353515625
0.05017518997192383
0.04996490478515625
0.049794912338256836
0.04928302764892578
0.050374746322631836
0.05009722709655762
0.0585324764251709
0.06948709487915039
0.050395965576171875
0.04952716827392578
0.05045962333679199
0.04974675178527832
0.04916071891784668
0.056974172592163086
0.049262285232543945
0.05403852462768555
0.0552825927734375
0.05163121223449707
0.05027294158935547
0.05036044120788574
0.04938840866088867
0.05017518997192383
0.050223588943481445
0.04992985725402832
0.04883170127868652
0.05447983741760254
0.051024436950683594
0.051201581954956055
0.04992103576660156
0.0503997802734375
0.050292253494262695
0.04962611198425293
0.05032157897949219
0.0572047233581543
0.05602002143859863
0.05122232437133789
0.05110478401184082
0.05017447471618652
0.05026865005493164
0.0500636100769043
0.05702376365661621
0.04966402053833008
0.049948692321777344
0.05538368225097656
0.05141711235046387
0.05069684982299805
0.05078244209289551
0.05109238624572754
0.05098152160644531
0.050052642822265625
0.05005168914794922
0.049555301666259766
0.0576016902923584
0.05183887481689453
0.05094623565673828
0.051107168197631836
0.05058002471923828
0.05023336410522461
0.050109148025512695
0.057968854904174805
0.04911160469055176
0.05548882484436035
0.0505518913269043
0.05014443397521973
0.0502781867980957
0.04960036277770996
0.049890756607055664
0.0501708984375
0.050345420837402344
0.05090022087097168
0.055429697036743164
0.050772905349731445
0.050585031509399414
0.05079007148742676
0.05045270919799805
0.050446271896362305
0.04987478256225586
0.05530047416687012
0.05111861228942871
0.05540609359741211
0.05137062072753906
0.05048990249633789
0.049965620040893555
0.059813737869262695
0.05793929100036621
0.050187110900878906
0.049520015716552734
0.05116748809814453
0.05523371696472168
0.05125093460083008
0.050679922103881836
0.050623416900634766
0.04986453056335449
0.05008125305175781
0.04958224296569824
0.05054831504821777
0.05655193328857422
0.06454110145568848
0.0520329475402832
0.056290626525878906
0.05088663101196289
0.051332712173461914
0.05120491981506348
0.05012655258178711
0.050090789794921875
0.05039215087890625
0.05573391914367676
0.0508418083190918
0.05168938636779785
0.050614118576049805
0.05032992362976074
0.050597190856933594
0.05037641525268555
0.05001330375671387
0.05724906921386719
0.06117105484008789
0.06813693046569824
0.052852630615234375
0.05916738510131836
0.05335092544555664
0.04990077018737793
0.049655914306640625
0.049872636795043945
0.05164527893066406
0.05781388282775879
0.05111837387084961
0.050446510314941406
0.05027484893798828
0.04993295669555664
0.04970216751098633
0.05937385559082031
0.05290722846984863
0.05081343650817871
0.055982351303100586
0.051496267318725586
0.0513453483581543
0.05029892921447754
0.0504155158996582
0.049920082092285156
0.049805641174316406
0.0498499870300293
0.050026893615722656
0.05506253242492676
0.05086016654968262
0.05210256576538086
0.05246305465698242
0.0580601692199707
0.051984548568725586
0.053488969802856445
0.05203819274902344
0.052265167236328125
0.0645301342010498
0.05797123908996582
0.05542588233947754
0.05227398872375488
0.05947542190551758
0.05840182304382324
0.05162668228149414
0.05019330978393555
0.04951119422912598
0.056504011154174805
0.051618337631225586
0.05064535140991211
0.05073833465576172
0.05711555480957031
0.050762176513671875
0.05083799362182617
0.05045032501220703
0.05915546417236328
0.05686831474304199
0.05169272422790527
0.05112457275390625
0.05124306678771973
0.04990816116333008
0.05099916458129883
0.05026865005493164
0.049669504165649414
0.05012226104736328
0.055515289306640625
0.0675814151763916
0.053365468978881836
0.050286054611206055
0.050128936767578125
0.05030322074890137
0.05808067321777344
0.050609588623046875
0.055649518966674805
0.05538034439086914
0.05076026916503906
0.05050778388977051
0.0523226261138916
0.050362348556518555
0.061016082763671875
0.05229544639587402
0.05195116996765137
0.05231046676635742
0.05766701698303223
0.0528872013092041
0.05278348922729492
0.05263662338256836
0.05235028266906738
0.049585819244384766
0.05232095718383789
0.0522000789642334
0.057969093322753906
0.057497501373291016
0.054845571517944336
0.05223393440246582
0.05248284339904785
0.05932736396789551
0.05013608932495117
0.049704790115356445
0.04995465278625488
0.04945492744445801
0.06401896476745605
0.059094905853271484
0.05057501792907715
0.056848764419555664
0.049638986587524414
0.04923224449157715
0.050083160400390625
0.05878949165344238
0.05982518196105957
0.06592106819152832
0.05873537063598633
0.0496525764465332
0.05030512809753418
0.04979896545410156
0.0654597282409668
0.055712223052978516
0.05565690994262695
0.05106663703918457
0.0543818473815918
0.05804300308227539
0.06747984886169434
0.06137657165527344
0.050325870513916016
0.053958892822265625
0.057949066162109375
0.052948713302612305
0.05037236213684082
0.05470108985900879
0.05098462104797363
0.051027774810791016
0.04997730255126953
0.0583038330078125
0.049729347229003906
0.052869558334350586
0.050019025802612305
0.05035519599914551
0.05552077293395996
0.05088186264038086
0.06529474258422852
0.0551302433013916
0.04980039596557617
0.050212860107421875
0.0570521354675293
0.049599409103393555
0.050049781799316406
0.0637962818145752
0.053809165954589844
0.051025390625
0.052613019943237305
0.04985404014587402
0.049955129623413086
0.05022311210632324
0.05673360824584961
0.055022478103637695
0.06076955795288086
0.05050802230834961
0.05037283897399902
0.05054497718811035
0.049818992614746094
0.04999732971191406
0.04974174499511719
0.04926943778991699
0.04928469657897949
0.0550079345703125
0.05067801475524902
0.05612540245056152
0.04995417594909668
0.04964137077331543
0.04959225654602051
0.05021953582763672
0.04958605766296387
0.06086111068725586
0.0651850700378418
0.05168008804321289
0.05862236022949219
0.05061745643615723
0.05008077621459961
0.04971814155578613
0.04968595504760742
0.058382511138916016
0.05187535285949707
0.055014610290527344
0.05054974555969238
0.05002784729003906
0.05032777786254883
0.0653536319732666
0.058861732482910156
0.05012869834899902
0.04975533485412598
0.05729389190673828
0.055349111557006836
0.057975053787231445
0.05045461654663086
0.05155205726623535
0.05021810531616211
0.05045819282531738
0.05032706260681152
0.05819344520568848
0.05051302909851074
0.05599188804626465
0.051340341567993164
0.05304741859436035
0.05102658271789551
0.05034041404724121
0.05015420913696289
0.05029916763305664
0.049216508865356445
0.05576181411743164
0.07054471969604492
0.05294299125671387
0.05855679512023926
0.05793642997741699
0.05071520805358887
0.05008721351623535
0.05007219314575195
0.05013012886047363
0.05606985092163086
0.05614185333251953
0.05110001564025879
0.05024242401123047
0.05070948600769043
0.049887657165527344
0.05901002883911133
0.05951404571533203
0.05114459991455078
0.05721163749694824
0.055350542068481445
0.05245828628540039
0.05833768844604492
0.0505979061126709
0.050385236740112305
0.05739235877990723
0.04988598823547363
0.050150156021118164
0.0558321475982666
0.05521893501281738
0.05948948860168457
0.058836936950683594
0.0513155460357666
0.049996376037597656
0.04958176612854004
0.053984880447387695
0.05755472183227539
0.049542903900146484
0.05547833442687988
0.050548553466796875
0.05607271194458008
0.057179927825927734
0.04998421669006348
0.05915260314941406
0.05022168159484863
0.05001068115234375
0.05843782424926758
0.06239819526672363
0.0645909309387207
0.05594801902770996
0.057270050048828125
0.04994797706604004
0.05054759979248047
0.053483009338378906
0.050316810607910156
0.05044698715209961
0.056130409240722656
0.050100088119506836
0.05133414268493652
0.05792665481567383
0.0498199462890625
0.04995131492614746
0.04963421821594238
0.054818153381347656
0.05731534957885742
0.055303335189819336
0.051145076751708984
0.05043983459472656
0.05023670196533203
0.0509490966796875
0.04983210563659668
0.05031919479370117
0.057593584060668945
0.0505070686340332
0.06476569175720215
0.05183815956115723
0.05057954788208008
0.05849337577819824
0.0503537654876709
0.05920577049255371
0.05042695999145508
0.050377607345581055
0.05013895034790039
0.06379032135009766
0.05152320861816406
0.05071830749511719
0.05052661895751953
0.05039405822753906
0.05026721954345703
0.05952715873718262
0.05896759033203125
0.05045127868652344
0.06338191032409668
0.058896541595458984
0.05724000930786133
0.05044960975646973
0.04947805404663086
0.05145907402038574
0.05828714370727539
0.05301499366760254
0.05016636848449707
0.05499839782714844
0.05150938034057617
0.049859046936035156
0.05243802070617676
0.0492396354675293
0.05579400062561035
0.05251336097717285
0.05713462829589844
0.049466848373413086
0.05566906929016113
0.05956602096557617
0.055390119552612305
0.050417423248291016
0.05746650695800781
0.05511021614074707
0.04939460754394531
0.04958510398864746
0.04953813552856445
0.054825544357299805
0.05034351348876953
0.05463409423828125
0.04972219467163086
0.04981851577758789
0.04959893226623535
0.04970550537109375
0.04942917823791504
0.05741071701049805
0.0606846809387207
0.05080676078796387
0.050356388092041016
0.04995107650756836
0.04968070983886719
0.05004405975341797
0.05027318000793457
0.04961800575256348
0.052010536193847656
0.06163215637207031
0.05066704750061035
0.05768990516662598
0.06685423851013184
0.05349016189575195
0.051534175872802734
0.04965782165527344
0.05910015106201172
0.05750274658203125
0.0604856014251709
0.05077981948852539
0.05034780502319336
0.05026674270629883
0.05020332336425781
0.04980802536010742
0.04988527297973633
0.04968881607055664
0.050431013107299805
0.05484819412231445
0.050959110260009766
0.05035734176635742
0.05037832260131836
0.049643754959106445
0.04954242706298828
0.05528903007507324
0.055397748947143555
0.05539703369140625
0.05505514144897461
0.050771474838256836
0.050425052642822266
0.0501406192779541
0.05801653861999512
0.0497128963470459
0.04921078681945801
0.049865007400512695
0.05048537254333496
0.05459952354431152
0.057240962982177734
0.05000114440917969
0.049660444259643555
0.0499267578125
0.050098419189453125
0.05750274658203125
0.04985189437866211
0.05839180946350098
0.055422067642211914
0.0632009506225586
0.057702064514160156
0.06345915794372559
0.05935382843017578
0.05198812484741211
0.04990196228027344
0.05130362510681152
0.05615830421447754
0.05599641799926758
0.0509943962097168
0.05098223686218262
0.05007815361022949
0.0646657943725586
0.054765939712524414
0.050520896911621094
0.05623483657836914
0.05104708671569824
0.055594444274902344
0.05423140525817871
0.058901071548461914
0.05127906799316406
0.05048990249633789
0.04991030693054199
0.05631852149963379
0.05871176719665527
0.05704498291015625
0.05525779724121094
0.050678253173828125
0.050687551498413086
0.05053138732910156
0.05048823356628418
0.057677268981933594
0.04982447624206543
0.050128936767578125
0.05536460876464844
0.055290937423706055
0.05082559585571289
0.06679534912109375
0.05985522270202637
0.05146622657775879
0.05022883415222168
0.04995918273925781
0.05027174949645996
0.05771756172180176
0.05509686470031738
0.051103830337524414
0.05056142807006836
0.05070853233337402
0.05028724670410156
0.05031561851501465
0.057547807693481445
0.06554603576660156
0.0528109073638916
0.055588483810424805
0.05140280723571777
0.059076786041259766
0.051873207092285156
0.05081033706665039
0.05025053024291992
0.049909114837646484
0.05009865760803223
0.050005197525024414
0.05889081954956055
0.05156135559082031
0.06294870376586914
0.06030678749084473
0.050958871841430664
0.058296918869018555
0.05077767372131348
0.05929684638977051
0.05764365196228027
0.057100772857666016
0.05049872398376465
0.05061936378479004
0.05831503868103027
0.05061697959899902
0.059011220932006836
0.06390929222106934
0.060228824615478516
0.05151534080505371
0.05527138710021973
0.05460190773010254
0.05162763595581055
0.05080580711364746
0.05375790596008301
0.04995107650756836
0.049532175064086914
0.05790829658508301
0.05747222900390625
0.05545473098754883
0.05059552192687988
0.05054521560668945
0.050440311431884766
0.05057930946350098
0.04990100860595703
0.049715518951416016
0.04994487762451172
0.04980897903442383
0.055234670639038086
0.050377845764160156
0.04997658729553223
0.049852609634399414
0.04946756362915039
0.04941058158874512
0.050102949142456055
0.04973101615905762
0.050252437591552734
0.05531620979309082
0.05614209175109863
0.050366878509521484
0.05001544952392578
0.055071115493774414
0.050336599349975586
0.057770729064941406
0.054763078689575195
0.04999089241027832
0.0549168586730957
0.050708770751953125
0.04985237121582031
0.05083942413330078
0.050225257873535156
0.05097675323486328
0.05034041404724121
0.05034637451171875
0.04866147041320801
0.05512690544128418
0.05102181434631348
0.052361249923706055
0.05041003227233887
0.04916810989379883
0.04896259307861328
0.05691266059875488
0.04959535598754883
0.04865765571594238
0.05423855781555176
0.05051064491271973
0.04953575134277344
0.05037856101989746
0.05023908615112305
0.049675941467285156
0.04964041709899902
0.04963374137878418
0.0495762825012207
0.054728031158447266
0.050253868103027344
0.05013251304626465
0.04994535446166992
0.05112004280090332
0.04962587356567383
0.04956769943237305
0.0498356819152832
0.05060982704162598
0.055002450942993164
0.05087542533874512
0.050467729568481445
0.05003857612609863
0.04982256889343262
0.056513309478759766
0.05690193176269531
0.06326770782470703
0.06460165977478027
0.06496238708496094
0.05107235908508301
0.06300067901611328
0.05702352523803711
0.05011582374572754
0.0504603385925293
0.05018973350524902
0.0503542423248291
0.05787825584411621
0.05564737319946289
0.05978584289550781
0.051696062088012695
0.049904584884643555
0.05015754699707031
0.05788707733154297
0.050445556640625
0.05742621421813965
0.050460100173950195
0.06458616256713867
0.05174517631530762
0.05289435386657715
0.050650835037231445
0.05075693130493164
0.058381080627441406
0.05114555358886719
0.05006599426269531
0.05859184265136719
0.055867910385131836
0.05114102363586426
0.05041956901550293
0.05174064636230469
0.0490260124206543
0.05006980895996094
0.05066537857055664
0.05058097839355469
0.050852298736572266
0.05569887161254883
0.05081367492675781
0.05784249305725098
0.05008125305175781
0.049723148345947266
0.05771446228027344
0.0496368408203125
0.049657344818115234
0.0559382438659668
0.06241917610168457
0.050685882568359375
0.057831525802612305
0.05046701431274414
0.05002450942993164
0.05776548385620117
0.05068469047546387
0.049845218658447266
0.05068254470825195
0.06316280364990234
0.05102896690368652
0.05083274841308594
0.0505833625793457
0.057053327560424805
0.049829959869384766
0.05023312568664551
0.049652099609375
0.05049443244934082
0.0621035099029541
0.050750732421875
0.05370163917541504
0.0576169490814209
0.04938149452209473
0.04967069625854492
0.049761295318603516
0.05672049522399902
0.050580501556396484
0.06347179412841797
0.05230140686035156
0.05063796043395996
0.05004429817199707
0.05019426345825195
0.04966425895690918
0.04953289031982422
0.05025315284729004
0.05006694793701172
0.059609174728393555
0.050272226333618164
0.05045485496520996
0.05710196495056152
0.056554555892944336
0.04967761039733887
0.05730843544006348
0.05560874938964844
0.05023074150085449
0.05467724800109863
0.05034637451171875
0.05013084411621094
0.05923128128051758
0.052276611328125
0.05930614471435547
0.058635711669921875
0.05520486831665039
0.058589935302734375
0.055667877197265625
0.060013532638549805
0.05624103546142578
0.05124044418334961
0.054473161697387695
0.05032610893249512
0.04973459243774414
0.04914212226867676
0.050249338150024414
0.05486583709716797
0.050557851791381836
0.058751821517944336
0.0582427978515625
0.05049443244934082
0.049861907958984375
0.051111698150634766
0.04992413520812988
0.05036640167236328
0.055524349212646484
0.05082392692565918
0.05881619453430176
0.050644874572753906
0.05057406425476074
0.06183791160583496
0.055948495864868164
0.050159454345703125
0.05098319053649902
0.06375956535339355
0.050577640533447266
0.049668312072753906
0.056990861892700195
0.057321786880493164
0.049420833587646484
0.049443721771240234
0.049446821212768555
0.05011892318725586
0.054676055908203125
0.0502781867980957
0.05011320114135742
0.05031561851501465
0.05564713478088379
0.050251007080078125
0.04995417594909668
0.04950380325317383
0.05022549629211426
0.060361385345458984
0.05039358139038086
0.05005502700805664
0.057384490966796875
0.049942731857299805
0.049360036849975586
0.057567596435546875
0.04996943473815918
0.056929588317871094
0.05570268630981445
0.050223350524902344
0.05010223388671875
0.05060315132141113
0.050087928771972656
0.05063343048095703
0.05022025108337402
0.05050849914550781
0.051468610763549805
0.05470871925354004
0.0509800910949707
0.05103111267089844
0.050511837005615234
0.05065488815307617
0.05901789665222168
0.04983067512512207
0.04961514472961426
0.04986286163330078
0.05481123924255371
0.052963972091674805
0.05051755905151367
0.05034041404724121
0.0503692626953125
0.04909014701843262
0.049896955490112305
0.05002403259277344
0.049774885177612305
0.05502724647521973
0.0508112907409668
0.05101823806762695
0.05132555961608887
0.0502011775970459
0.04984235763549805
0.05043601989746094
0.05587148666381836
0.05747389793395996
0.05539655685424805
0.05114388465881348
0.06878900527954102
0.05302071571350098
0.059107065200805664
0.05940508842468262
0.05274629592895508
0.052008867263793945
0.05042290687561035
0.05797529220581055
0.05140113830566406
0.05377817153930664
0.059334754943847656
0.05228376388549805
0.052816152572631836
0.05817461013793945
0.05824542045593262
0.05799722671508789
0.055312395095825195
0.05111980438232422
0.05104231834411621
0.050679922103881836
0.04978156089782715
0.050232648849487305
0.06521368026733398
0.052159786224365234
0.05845189094543457
0.05589032173156738
0.05100703239440918
0.05894279479980469
0.05026650428771973
0.04995226860046387
0.05081033706665039
0.04945802688598633
0.050107479095458984
0.04994010925292969
0.054965972900390625
0.05086398124694824
0.05037951469421387
0.05035877227783203
0.05011749267578125
0.04991292953491211
0.049765825271606445
0.04957151412963867
0.05603909492492676
0.05504202842712402
0.05097794532775879
0.05044245719909668
0.05035686492919922
0.057256221771240234
0.05540966987609863
0.04848837852478027
0.05036163330078125
0.05044436454772949
0.05566835403442383
0.04987215995788574
0.0507047176361084
0.05166482925415039
0.059606313705444336
0.050100088119506836
0.05057644844055176
0.049834251403808594
0.05052947998046875
0.06422901153564453
0.05078268051147461
0.05899453163146973
0.050066232681274414
0.05014348030090332
0.05041980743408203
0.04941153526306152
0.049382925033569336
0.053865671157836914
0.054204463958740234
0.0503232479095459
0.050377845764160156
0.04933571815490723
0.0495147705078125
0.04961228370666504
0.05439114570617676
0.05147576332092285
0.04969358444213867
0.054944753646850586
0.059360504150390625
0.058930397033691406
0.0540163516998291
0.057009220123291016
0.059180498123168945
0.05939316749572754
0.061753034591674805
0.05203104019165039
0.06156587600708008
0.05705094337463379
0.06629395484924316
0.05432534217834473
0.051065921783447266
0.0491788387298584
0.0501096248626709
0.049560546875
0.04921865463256836
0.060729265213012695
0.049278974533081055
0.05058789253234863
0.05802178382873535
0.0557703971862793
0.0496830940246582
0.04993772506713867
0.04963850975036621
0.04889059066772461
0.05365157127380371
0.05578207969665527
0.05057692527770996
0.049616336822509766
0.05052042007446289
0.04981279373168945
0.04959917068481445
0.049669504165649414
0.049634456634521484
0.05503535270690918
0.05659818649291992
0.04993748664855957
0.05002641677856445
0.05752301216125488
0.04985666275024414
0.049491167068481445
0.04958176612854004
0.04983115196228027
0.055089712142944336
0.05106472969055176
0.05910539627075195
0.050853729248046875
0.05072498321533203
0.05041956901550293
0.05028486251831055
0.049996137619018555
0.049741506576538086
0.060672760009765625
0.050963640213012695
0.050478219985961914
0.050588369369506836
0.05042409896850586
0.050078392028808594
0.05036783218383789
0.05776619911193848
0.049268484115600586
0.06352639198303223
0.056047677993774414
0.05067586898803711
0.050403594970703125
0.05236220359802246
0.04970908164978027
0.05014467239379883
0.04981732368469238
0.04914665222167969
0.056465864181518555
0.053028106689453125
0.05061793327331543
0.04986071586608887
0.05147886276245117
0.052872419357299805
0.04956936836242676
0.04951190948486328
0.05002951622009277
0.05495309829711914
0.05103302001953125
0.05026674270629883
0.05025768280029297
0.05027627944946289
0.05774998664855957
0.05581784248352051
0.06052994728088379
0.05789995193481445
0.0651998519897461
0.05377364158630371
0.05910325050354004
0.0507657527923584
0.050237178802490234
0.0588994026184082
0.05545616149902344
0.049817562103271484
0.04990386962890625
0.05580759048461914
0.05172085762023926
0.05951499938964844
0.05837869644165039
0.05572915077209473
0.05085396766662598
0.058405160903930664
0.04955244064331055
0.04960775375366211
0.05454063415527344
0.05106854438781738
0.050417423248291016
0.05049300193786621
0.06567764282226562
0.050322532653808594
0.05148005485534668
0.04831528663635254
0.04965043067932129
0.05418038368225098
0.05683708190917969
0.04913973808288574
0.04872393608093262
0.04869675636291504
0.049345970153808594
0.04909825325012207
0.04891657829284668
0.056235551834106445
0.05461740493774414
0.05079913139343262
0.05611753463745117
0.04996085166931152
0.0501861572265625
0.05750226974487305
0.04997587203979492
0.06398487091064453
0.05216860771179199
0.05480170249938965
0.05074596405029297
0.05816221237182617
0.05271458625793457
0.04964613914489746
0.06591296195983887
0.06235027313232422
0.05036616325378418
0.05607271194458008
0.06353926658630371
0.05151534080505371
0.05630230903625488
0.05746889114379883
0.050800323486328125
0.05866360664367676
0.058705806732177734
0.050226449966430664
0.05203723907470703
0.06442880630493164
0.053537607192993164
0.0510711669921875
0.05044817924499512
0.058248043060302734
0.05050492286682129
0.05053353309631348
0.04991412162780762
0.0502777099609375
0.05581545829772949
0.05136728286743164
0.050995588302612305
0.058763742446899414
0.05077505111694336
0.05026412010192871
0.050717830657958984
0.05063199996948242
0.056551218032836914
0.05600261688232422
0.058350324630737305
0.05071854591369629
0.05200529098510742
0.05020952224731445
0.04992079734802246
0.057831764221191406
0.049451351165771484
0.05701017379760742
0.055136680603027344
0.057813405990600586
0.05055594444274902
0.05061054229736328
0.05578351020812988
0.049967050552368164
0.053267717361450195
0.04944109916687012
0.05683135986328125
0.06042051315307617
0.050467729568481445
0.050443172454833984
0.05747389793395996
0.050490379333496094
0.04987335205078125
0.04996752738952637
0.04997968673706055
0.050009965896606445
0.05529904365539551
0.05642056465148926
0.050765037536621094
0.050334930419921875
0.049432992935180664
0.05686378479003906
0.04997849464416504
0.0498044490814209
0.050008296966552734
0.05508613586425781
0.059259891510009766
0.05041813850402832
0.05144166946411133
0.050467729568481445
0.04980134963989258
0.04958462715148926
0.049594879150390625
0.049877166748046875
0.05515694618225098
0.05658078193664551
0.050108909606933594
0.05782055854797363
0.04987359046936035
0.05005288124084473
0.04969978332519531
0.050096750259399414
0.055272817611694336
0.055443763732910156
0.0507664680480957
0.052551984786987305
0.05004262924194336
0.057356834411621094
0.05017566680908203
0.049860477447509766
0.049566030502319336
0.0501704216003418
0.05516672134399414
0.05897068977355957
0.05089116096496582
0.06210470199584961
0.05416536331176758
0.05187797546386719
0.05220460891723633
0.051987409591674805
0.0497889518737793
0.05534219741821289
0.05074596405029297
0.05624842643737793
0.055878400802612305
0.04962420463562012
0.05026078224182129
0.04957461357116699
0.049405574798583984
0.05611395835876465
0.06277275085449219
0.05063819885253906
0.05067086219787598
0.052282094955444336
0.05174732208251953
0.05156660079956055
0.05904960632324219
0.05204916000366211
0.05609250068664551
0.05519676208496094
0.05279874801635742
0.05880856513977051
0.05952143669128418
0.05053591728210449
0.05250954627990723
0.05288219451904297
0.04915738105773926
0.04971480369567871
0.05437469482421875
0.052271366119384766
0.05943131446838379
0.050354957580566406
0.04948544502258301
0.04905366897583008
0.049149513244628906
0.049532413482666016
0.05191826820373535
0.054795265197753906
0.05098080635070801
0.05216479301452637
0.05271768569946289
0.05738687515258789
0.056693077087402344
0.049350738525390625
0.04906034469604492
0.04934406280517578
0.053926944732666016
0.05015683174133301
0.04988527297973633
0.05650138854980469
0.05785679817199707
0.052011728286743164
0.04945516586303711
0.04956865310668945
0.05056262016296387
0.05494999885559082
0.05086183547973633
0.05042004585266113
0.05001950263977051
0.05267739295959473
0.05209231376647949
0.05255842208862305
0.05260729789733887
0.052347660064697266
0.05521535873413086
0.060808420181274414
0.052268266677856445
0.052576541900634766
0.04953598976135254
0.04972672462463379
0.05188751220703125
0.04958152770996094
0.05259251594543457
0.05817890167236328
0.05371427536010742
0.06686782836914062
0.05101490020751953
0.0570063591003418
0.0585482120513916
0.050377607345581055
0.049713134765625
0.05143141746520996
0.055991411209106445
0.05168724060058594
0.050940752029418945
0.050191640853881836
0.050510406494140625
0.049906015396118164
0.05113720893859863
0.05261588096618652
0.04967641830444336
0.05621218681335449
0.053093910217285156
0.05078458786010742
0.050493478775024414
0.04983997344970703
0.049651145935058594
0.05545926094055176
0.05980348587036133
0.06013655662536621
0.0562138557434082
0.05072379112243652
0.06028342247009277
0.05077767372131348
0.05219221115112305
0.05737757682800293
0.051993370056152344
0.051708221435546875
0.05595135688781738
0.057412147521972656
0.0507509708404541
0.05591893196105957
0.057819366455078125
0.05057239532470703
0.05027127265930176
0.05524420738220215
0.05058479309082031
0.056607961654663086
0.06255078315734863
0.06247353553771973
0.05349850654602051
0.057386159896850586
0.05014395713806152
0.04965543746948242
0.050012826919555664
0.05089116096496582
0.051120758056640625
0.057633161544799805
0.05116581916809082
0.059380531311035156
0.06164121627807617
0.05354809761047363
0.05243659019470215
0.05298566818237305
0.05240511894226074
0.05710601806640625
0.06702065467834473
0.05316519737243652
0.051636695861816406
0.05114912986755371
0.04991745948791504
0.05202770233154297
0.06017875671386719
0.04997658729553223
0.05654120445251465
0.05775260925292969
0.5120413303375244
0.06837749481201172
0.06382083892822266
0.0569303035736084
0.06280398368835449
0.0572965145111084
0.06372642517089844
0.05769538879394531
0.061650753021240234
0.05667567253112793
0.05748915672302246
0.05884885787963867
0.06315493583679199
0.062102317810058594
0.05700421333312988
0.0561678409576416
0.056040048599243164
0.06434464454650879
0.05813860893249512
0.05596327781677246
0.06522536277770996
0.058568477630615234
0.056287527084350586
0.06231522560119629
0.056548357009887695
0.057709693908691406
0.07269716262817383
0.05915045738220215
0.0667107105255127
0.06196022033691406
0.05977511405944824
0.05710554122924805
0.05675530433654785
0.056752920150756836
0.05617237091064453
0.06288027763366699
0.05933642387390137
0.06648445129394531
0.05939602851867676
0.05936408042907715
0.05946230888366699
0.0592193603515625
0.0730593204498291
0.06033802032470703
0.06623506546020508
0.05897355079650879
0.06512570381164551
0.06265687942504883
0.058728933334350586
0.05876779556274414
0.05922532081604004
0.06167268753051758
0.05980801582336426
0.06568431854248047
0.059427738189697266
0.05885195732116699
0.058834075927734375
0.059522151947021484
0.059319257736206055
0.05938267707824707
0.059271812438964844
0.055921316146850586
0.06351804733276367
0.056929826736450195
0.05654287338256836
0.05935382843017578
0.06910324096679688
0.05802774429321289
0.05714845657348633
0.06314444541931152
0.05534625053405762
0.06886839866638184
0.05684804916381836
0.05646634101867676
0.057618141174316406
0.05711007118225098
0.06449627876281738
0.05692100524902344
0.06382155418395996
0.05686545372009277
0.07799863815307617
0.05752253532409668
0.05678081512451172
0.06627368927001953
0.06280159950256348
0.057090044021606445
0.05668759346008301
0.05693840980529785
0.06290245056152344
0.06315135955810547
0.05710959434509277
0.05704855918884277
0.056830406188964844
0.06512141227722168
0.06387829780578613
0.057964324951171875
0.05661892890930176
0.0638270378112793
0.0635075569152832
0.057190895080566406
0.05752158164978027
0.0574030876159668
0.05723905563354492
0.05842781066894531
0.05766439437866211
0.07302141189575195
0.06388425827026367
0.06370735168457031
0.05710601806640625
0.05686497688293457
0.057189226150512695
0.056229352951049805
0.05624222755432129
0.05652761459350586
0.05639982223510742
0.06158638000488281
0.0675051212310791
0.05580759048461914
0.05612063407897949
0.05652809143066406
0.05551719665527344
0.06155562400817871
0.05531454086303711
0.055025577545166016
0.05405735969543457
0.0613863468170166
0.05514097213745117
0.06142473220825195
0.0546417236328125
0.053948402404785156
0.06287860870361328
0.0555729866027832
0.062170982360839844
0.05667519569396973
0.060030221939086914
0.05382966995239258
0.05468249320983887
0.06258940696716309
0.062049150466918945
0.06380271911621094
0.05659365653991699
0.05592846870422363
0.055939435958862305
0.06060194969177246
0.05435609817504883
0.055962562561035156
0.055696725845336914
0.06151986122131348
0.06156444549560547
0.05437588691711426
0.05433368682861328
0.05390048027038574
0.06648921966552734
0.05783224105834961
0.05533099174499512
0.05445718765258789
0.054305076599121094
0.058582305908203125
0.054407358169555664
0.053771018981933594
0.05541110038757324
0.06670236587524414
0.05395197868347168
0.06313943862915039
0.054085731506347656
0.06356167793273926
0.052453041076660156
0.05959820747375488
0.05185246467590332
0.06756305694580078
0.06562352180480957
0.053484201431274414
0.06043100357055664
0.05163931846618652
0.05101895332336426
0.058463335037231445
0.051120758056640625
0.060693979263305664
0.06127023696899414
0.05963444709777832
0.05300784111022949
0.05145859718322754
0.051357269287109375
0.05106067657470703
0.05153679847717285
0.051492929458618164
0.05025529861450195
0.056585073471069336
0.05841422080993652
0.05260300636291504
0.0511469841003418
0.050600528717041016
0.050475120544433594
0.05188703536987305
0.05024838447570801
0.0509798526763916
0.051512718200683594
0.05749678611755371
0.05173754692077637
0.050614118576049805
0.058240652084350586
0.05092883110046387
0.05072784423828125
0.05030488967895508
0.05066227912902832
0.052254676818847656
0.05792117118835449
0.05168437957763672
0.0513613224029541
0.05135059356689453
0.05093836784362793
0.057735443115234375
0.05919384956359863
0.0601806640625
0.04956793785095215
0.06314253807067871
0.051618099212646484
0.05144643783569336
0.05121660232543945
0.04986929893493652
0.049744606018066406
0.0501856803894043
0.0495915412902832
0.05098414421081543
0.05709075927734375
0.05210566520690918
0.051445722579956055
0.05141806602478027
0.051085710525512695
0.05566120147705078
0.05047965049743652
0.05017733573913574
0.04963207244873047
0.056023597717285156
0.05127668380737305
0.05198812484741211
0.05193305015563965
0.06292366981506348
0.051481008529663086
0.051481008529663086
0.05382084846496582
0.0528569221496582
0.058748483657836914
0.057555198669433594
0.053453922271728516
0.05298471450805664
0.0526430606842041
0.05066561698913574
0.05050969123840332
0.0572509765625
0.05146336555480957
0.056349754333496094
0.05242586135864258
0.05411124229431152
0.05359458923339844
0.05227947235107422
0.05047106742858887
0.0501096248626709
0.0578157901763916
0.06250739097595215
0.05544447898864746
0.05133962631225586
0.05051708221435547
0.05809664726257324
0.05189919471740723
0.049962759017944336
0.05021333694458008
0.05573463439941406
0.05089974403381348
0.055132150650024414
0.05042552947998047
0.05063343048095703
0.050696372985839844
0.05694127082824707
0.04934096336364746
0.06312203407287598
0.05002331733703613
0.04930472373962402
0.06168389320373535
0.057633161544799805
0.051551103591918945
0.050383806228637695
0.05034470558166504
0.0498046875
0.04989743232727051
0.05846405029296875
0.04999351501464844
0.05533933639526367
0.05410456657409668
0.06020069122314453
0.06043672561645508
0.057497501373291016
0.04968857765197754
0.04988908767700195
0.0518186092376709
0.05000710487365723
0.05536651611328125
0.050864219665527344
0.050955772399902344
0.05926871299743652
0.049959421157836914
0.04978346824645996
0.050032615661621094
0.05527949333190918
0.04999732971191406
0.06600689888000488
0.05267024040222168
0.051197052001953125
0.05802464485168457
0.04996609687805176
0.050489187240600586
0.050281524658203125
0.05736279487609863
0.051056861877441406
0.05614209175109863
0.053191184997558594
0.05648660659790039
0.051087141036987305
0.05629372596740723
0.054134368896484375
0.06415629386901855
0.051233768463134766
0.0574343204498291
0.05567646026611328
0.05135393142700195
0.05096244812011719
0.05461382865905762
0.049185752868652344
0.05690646171569824
0.05829334259033203
0.059220075607299805
0.05006265640258789
0.05578327178955078
0.05052995681762695
0.05092215538024902
0.05082058906555176
0.057741641998291016
0.06429362297058105
0.05841779708862305
0.049765825271606445
0.05552101135253906
0.056638479232788086
0.051516056060791016
0.0564424991607666
0.05097150802612305
0.049559831619262695
0.05706143379211426
0.059098005294799805
0.05783987045288086
0.049802303314208984
0.06292033195495605
0.05836224555969238
0.05156278610229492
0.050591468811035156
0.05567336082458496
0.04968905448913574
0.06561636924743652
0.05613875389099121
0.05272698402404785
0.055486440658569336
0.058046579360961914
0.05009150505065918
0.05080294609069824
0.05868053436279297
0.0589292049407959
0.05843925476074219
0.05424380302429199
0.049764156341552734
0.055999755859375
0.0518343448638916
0.051912784576416016
0.05835080146789551
0.06707239151000977
0.052500247955322266
0.05102896690368652
0.055841684341430664
0.04961752891540527
0.05576586723327637
0.05027580261230469
0.05099058151245117
0.057769775390625
0.050174713134765625
0.050298213958740234
0.04976677894592285
0.04940080642700195
0.04988503456115723
0.057703495025634766
0.05671095848083496
0.05058026313781738
0.05164909362792969
0.050830841064453125
0.0498654842376709
0.04936051368713379
0.051393747329711914
0.05072903633117676
0.0565950870513916
0.05122685432434082
0.0513768196105957
0.050679922103881836
0.05574464797973633
0.057608842849731445
0.05075812339782715
0.05712771415710449
0.05004072189331055
0.05555009841918945
0.05102872848510742
0.050501108169555664
0.050229787826538086
0.0501711368560791
0.06076860427856445
0.0527348518371582
0.05249190330505371
0.051882266998291016
0.06413722038269043
0.05382084846496582
0.05067276954650879
0.050597429275512695
0.0496366024017334
0.049616336822509766
0.05009126663208008
0.058718204498291016
0.05240440368652344
0.0579218864440918
0.05407381057739258
0.06069350242614746
0.05367708206176758
0.05826997756958008
0.0525360107421875
0.04934954643249512
0.05937528610229492
0.0518951416015625
0.05596661567687988
0.05092144012451172
0.05054450035095215
0.05739331245422363
0.05888557434082031
0.06078529357910156
0.055420637130737305
0.05034995079040527
0.04961276054382324
0.05547285079956055
0.05130577087402344
0.05073976516723633
0.05075526237487793
0.050347089767456055
0.0497593879699707
0.05957221984863281
0.052895307540893555
0.05742645263671875
0.05633115768432617
0.060338735580444336
0.05160069465637207
0.05162954330444336
0.05078387260437012
0.06499028205871582
0.05132269859313965
0.0505368709564209
0.050196170806884766
0.05935955047607422
0.050807952880859375
0.05064511299133301
0.057511091232299805
0.05796217918395996
0.0496516227722168
0.05082845687866211
0.05009317398071289
0.050760507583618164
0.06355929374694824
0.05034351348876953
0.05251169204711914
0.05563712120056152
0.05000567436218262
0.05016374588012695
0.050125837326049805
0.050463199615478516
0.04982900619506836
0.05562782287597656
0.050924062728881836
0.05060625076293945
0.05006527900695801
0.04939556121826172
0.05009031295776367
0.057526588439941406
0.050301551818847656
0.05473136901855469
0.056206703186035156
0.05111241340637207
0.05909919738769531
0.05089735984802246
0.04949688911437988
0.05187726020812988
0.04993867874145508
0.0567934513092041
0.049890756607055664
0.055797576904296875
0.05105400085449219
0.050734758377075195
0.05081486701965332
0.05069327354431152
0.050225257873535156
0.05759835243225098
0.056612253189086914
0.04969048500061035
0.06282448768615723
0.051717281341552734
0.05064034461975098
0.050340890884399414
0.05647134780883789
0.05020284652709961
0.05077004432678223
0.05025887489318848
0.049870967864990234
0.06352734565734863
0.058661699295043945
0.05045366287231445
0.05618882179260254
0.04962968826293945
0.04897427558898926
0.04926657676696777
0.05109381675720215
0.04954886436462402
0.061304330825805664
0.059464454650878906
0.056578874588012695
0.05057334899902344
0.05102872848510742
0.04990124702453613
0.04978060722351074
0.049952030181884766
0.04871630668640137
0.054314613342285156
0.05079936981201172
0.05016374588012695
0.055609703063964844
0.05004739761352539
0.05695295333862305
0.04977989196777344
0.05102658271789551
0.05787992477416992
0.05818772315979004
0.056772708892822266
0.057775020599365234
0.05117487907409668
0.05040550231933594
0.04955267906188965
0.05045938491821289
0.05519366264343262
0.050135135650634766
0.06232023239135742
0.056737661361694336
0.05100297927856445
0.05058932304382324
0.0503232479095459
0.04940652847290039
0.049921512603759766
0.049432992935180664
0.05001497268676758
0.055355072021484375
0.05051231384277344
0.05126070976257324
0.05011892318725586
0.05679202079772949
0.05544734001159668
0.04910588264465332
0.04941821098327637
0.04941439628601074
0.05566668510437012
0.05081772804260254
0.05050301551818848
0.055727481842041016
0.05005693435668945
0.049841880798339844
0.04957890510559082
0.05082058906555176
0.04979062080383301
0.06268763542175293
0.05098533630371094
0.05000901222229004
0.05017209053039551
0.049785614013671875
0.049681663513183594
0.049834251403808594
0.04947352409362793
0.04944920539855957
0.05542612075805664
0.0566709041595459
0.050862789154052734
0.050675153732299805
0.05023479461669922
0.04941082000732422
0.050066232681274414
0.056383609771728516
0.050223350524902344
0.06504344940185547
0.05077099800109863
0.05952882766723633
0.05043148994445801
0.04988408088684082
0.05021047592163086
0.050385236740112305
0.050305843353271484
0.055451393127441406
0.0718984603881836
0.05023908615112305
0.04993915557861328
0.05595707893371582
0.06656813621520996
0.05595064163208008
0.05060076713562012
0.05774545669555664
0.04972529411315918
0.060735225677490234
0.05105328559875488
0.05753207206726074
0.050055742263793945
0.05249953269958496
0.052837371826171875
0.05891108512878418
0.05491518974304199
0.05782818794250488
0.0558323860168457
0.05787062644958496
0.05084419250488281
0.050749778747558594
0.05812883377075195
0.058405160903930664
0.05206608772277832
0.05810117721557617
0.05219841003417969
0.05635976791381836
0.051572561264038086
0.05765581130981445
0.06555342674255371
0.05998420715332031
0.050257205963134766
0.056241512298583984
0.05059218406677246
0.050006866455078125
0.05604434013366699
0.051076412200927734
0.06007242202758789
0.05069303512573242
0.049689531326293945
0.04953932762145996
0.05665707588195801
0.04984259605407715
0.057053327560424805
0.07073640823364258
0.05959939956665039
0.0606837272644043
0.054976463317871094
0.05083203315734863
0.050437211990356445
0.04997062683105469
0.057799577713012695
0.05046987533569336
0.05639934539794922
0.0515592098236084
0.051528215408325195
0.05104470252990723
0.05743050575256348
0.050189971923828125
0.05103349685668945
0.049588680267333984
0.05744481086730957
0.056069374084472656
0.059249162673950195
0.05142521858215332
0.05138683319091797
0.050209999084472656
0.0500178337097168
0.05025029182434082
0.05030322074890137
0.05527067184448242
0.06603622436523438
0.05164313316345215
0.051299333572387695
0.05767679214477539
0.05252838134765625
0.05048942565917969
0.050263404846191406
0.050562381744384766
0.05018162727355957
0.056813716888427734
0.05158710479736328
0.059481143951416016
0.050473928451538086
0.06532716751098633
0.051199913024902344
0.05049753189086914
0.050185203552246094
0.05788445472717285
0.05711722373962402
0.0583500862121582
0.05191469192504883
0.051161766052246094
0.05147051811218262
0.05140399932861328
0.05122637748718262
0.056528568267822266
0.05021405220031738
0.05684089660644531
0.05200481414794922
0.05141568183898926
0.050339698791503906
0.05016207695007324
0.05016207695007324
0.0584256649017334
0.050345659255981445
0.04998373985290527
0.05672264099121094
0.05172991752624512
0.051360368728637695
0.0508580207824707
0.05779075622558594
0.05036520957946777
0.05777120590209961
0.05794954299926758
0.0500493049621582
0.05649733543395996
0.05155158042907715
0.05144333839416504
0.05120491981506348
0.05701923370361328
0.05090665817260742
0.05719494819641113
0.049957275390625
0.05006051063537598
0.057704925537109375
0.05160689353942871
0.05143332481384277
0.05837678909301758
0.05091261863708496
0.050398826599121094
0.050768136978149414
0.05032777786254883
0.0506436824798584
0.056635141372680664
0.05225372314453125
0.05131125450134277
0.050592899322509766
0.050139665603637695
0.049916982650756836
0.05067706108093262
0.05760669708251953
0.050032615661621094
0.0553736686706543
0.05159449577331543
0.05669975280761719
0.050369977951049805
0.050688982009887695
0.05059409141540527
0.05122685432434082
0.05044889450073242
0.05036282539367676
0.056507110595703125
0.05157351493835449
0.058333635330200195
0.050646066665649414
0.05730152130126953
0.05774831771850586
0.050246238708496094
0.05055713653564453
0.05042672157287598
0.05637073516845703
0.05132007598876953
0.0580744743347168
0.05040884017944336
0.0576937198638916
0.050759077072143555
0.05102944374084473
0.05038285255432129
0.050171852111816406
0.05624222755432129
0.05164217948913574
0.05732393264770508
0.05962228775024414
0.05157351493835449
0.05046677589416504
0.06383037567138672
0.05233454704284668
0.0572967529296875
0.05685067176818848
0.05413174629211426
0.05056643486022949
0.04984474182128906
0.056497812271118164
0.05122566223144531
0.05458974838256836
0.055267333984375
0.05553483963012695
0.05503726005554199
0.050995826721191406
0.05004119873046875
0.05039811134338379
0.053674936294555664
0.05811905860900879
0.04980206489562988
0.049779415130615234
0.049603939056396484
0.05586838722229004
0.05135703086853027
0.0578153133392334
0.05020451545715332
0.05047106742858887
0.05050086975097656
0.05042839050292969
0.05847477912902832
0.050345420837402344
0.056331634521484375
0.056981801986694336
0.05673503875732422
0.05581402778625488
0.05023646354675293
0.050748348236083984
0.05065608024597168
0.04997563362121582
0.050089359283447266
0.05617713928222656
0.05126380920410156
0.05040478706359863
0.05050539970397949
0.05004739761352539
0.05037808418273926
0.05046248435974121
0.04993176460266113
0.055976152420043945
0.05681157112121582
0.05208253860473633
0.05076885223388672
0.050908565521240234
0.05042743682861328
0.05913662910461426
0.0518186092376709
0.061486005783081055
0.06425857543945312
0.05912637710571289
0.06378412246704102
0.05590987205505371
0.053518056869506836
0.05255246162414551
0.052822113037109375
0.05011558532714844
0.049651145935058594
0.04919576644897461
0.06287169456481934
0.06740689277648926
0.062062978744506836
0.05961775779724121
0.0527491569519043
0.04995417594909668
0.05004119873046875
0.049405574798583984
0.04974722862243652
0.05546092987060547
0.05086660385131836
0.05839824676513672
0.05039572715759277
0.04950571060180664
0.053394317626953125
0.04993486404418945
0.05807900428771973
0.05000710487365723
0.06298542022705078
0.05843973159790039
0.05128121376037598
0.0501863956451416
0.05042767524719238
0.051371097564697266
0.05617380142211914
0.05677962303161621
0.05579423904418945
0.05650639533996582
0.057709455490112305
0.051058053970336914
0.05092740058898926
0.05029582977294922
0.049996137619018555
0.05099081993103027
0.052295684814453125
0.04976940155029297
0.05666232109069824
0.05180788040161133
0.06498837471008301
0.05038881301879883
0.05059361457824707
0.05072784423828125
0.05626082420349121
0.050052642822265625
0.0492398738861084
0.05601787567138672
0.051633596420288086
0.05847454071044922
0.05053281784057617
0.05028223991394043
0.058255910873413086
0.054512739181518555
0.055898189544677734
0.05749654769897461
0.05462527275085449
0.04988670349121094
0.0596468448638916
0.05295109748840332
0.05725884437561035
0.04918169975280762
0.048897743225097656
0.05335187911987305
0.04918551445007324
0.05561685562133789
0.05084037780761719
0.05855417251586914
0.04971671104431152
0.04883432388305664
0.04864621162414551
0.049439430236816406
0.05084490776062012
0.05574917793273926
0.05600738525390625
0.05690956115722656
0.05008745193481445
0.049226999282836914
0.057799577713012695
0.05490422248840332
0.050514936447143555
0.049330949783325195
0.049294233322143555
0.05542778968811035
0.049947261810302734
0.0504145622253418
0.05022931098937988
0.05276060104370117
0.05082535743713379
0.05662393569946289
0.050832509994506836
0.05058431625366211
0.0556025505065918
0.05264449119567871
0.06548333168029785
0.05263948440551758
0.05045914649963379
0.050139427185058594
0.04870796203613281
0.049158334732055664
0.0498957633972168
0.055143117904663086
0.049713134765625
0.04926323890686035
0.049515724182128906
0.04956388473510742
0.04989004135131836
0.050379276275634766
0.05777430534362793
0.049640655517578125
0.05647134780883789
0.05719304084777832
0.05060529708862305
0.05093574523925781
0.05007314682006836
0.0544586181640625
0.04956316947937012
0.050150394439697266
0.04836273193359375
0.06144285202026367
0.050774574279785156
0.05033731460571289
0.05817294120788574
0.059125661849975586
0.051087379455566406
0.05859017372131348
0.05042624473571777
0.04952096939086914
0.06267929077148438
0.05762434005737305
0.05098414421081543
0.04993128776550293
0.04928708076477051
0.05563044548034668
0.05531907081604004
0.06523633003234863
0.060129404067993164
0.061789751052856445
0.06980037689208984
0.051444292068481445
0.04983949661254883
0.05021238327026367
0.05647706985473633
0.05010271072387695
0.06156778335571289
0.05806231498718262
0.056549787521362305
0.06461596488952637
0.0514063835144043
0.05874371528625488
0.05092120170593262
0.06543922424316406
0.05269742012023926
0.058121681213378906
0.05745720863342285
0.06308603286743164
0.06391167640686035
0.05104207992553711
0.050710439682006836
0.04973030090332031
0.049555301666259766
0.05688762664794922
0.058183908462524414
0.050243377685546875
0.056598663330078125
0.058278799057006836
0.06574249267578125
0.051012516021728516
0.058650970458984375
0.051114797592163086
0.05006718635559082
0.057634830474853516
0.04997682571411133
0.06370329856872559
0.05185556411743164
0.051007986068725586
0.05077385902404785
0.05014300346374512
0.05002236366271973
0.056053876876831055
0.049654483795166016
0.05621194839477539
0.05588674545288086
0.05975341796875
0.051311492919921875
0.05044293403625488
0.05806422233581543
0.05226397514343262
0.04974174499511719
0.0498354434967041
0.050071001052856445
0.06309938430786133
0.05100679397583008
0.05124330520629883
0.05096888542175293
0.049915313720703125
0.04913783073425293
0.04965543746948242
0.04961538314819336
0.04979372024536133
0.06598758697509766
0.051224470138549805
0.05412745475769043
0.0510706901550293
0.05004739761352539
0.05780649185180664
0.05188155174255371
0.05030202865600586
0.05629563331604004
0.05603790283203125
0.05863332748413086
0.051212310791015625
0.06540536880493164
0.05413818359375
0.05240321159362793
0.05057954788208008
0.04998135566711426
0.050307273864746094
0.05640435218811035
0.053362131118774414
0.059354305267333984
0.0509648323059082
0.05037498474121094
0.05003666877746582
0.04969191551208496
0.05328845977783203
0.05597543716430664
0.05709242820739746
0.06598091125488281
0.06631112098693848
0.05824851989746094
0.0529477596282959
0.05698204040527344
0.05792427062988281
0.051244497299194336
0.0573883056640625
0.056327104568481445
0.04990863800048828
0.05946612358093262
0.0497899055480957
0.050771474838256836
0.05016207695007324
0.057755231857299805
0.05146074295043945
0.04993700981140137
0.06361937522888184
0.050871849060058594
0.058812618255615234
0.052765607833862305
0.050554513931274414
0.05797171592712402
0.0582733154296875
0.05745267868041992
0.04925417900085449
0.06462669372558594
0.05060577392578125
0.05838346481323242
0.05852389335632324
0.05115795135498047
0.058077335357666016
0.05026674270629883
0.05283617973327637
0.05907416343688965
0.055613040924072266
0.050473690032958984
0.05957388877868652
0.051377058029174805
0.05284476280212402
0.055342674255371094
0.06592631340026855
0.05367279052734375
0.05501580238342285
0.05648541450500488
0.05093026161193848
0.057648658752441406
0.05099344253540039
0.05017828941345215
0.05558156967163086
0.04913210868835449
0.049149274826049805
0.04947614669799805
0.06268548965454102
0.05067157745361328
0.04998302459716797
0.0495603084564209
0.049265384674072266
0.04960918426513672
0.049833059310913086
0.04981637001037598
0.04842996597290039
0.055188894271850586
0.05116558074951172
0.05772590637207031
0.05067110061645508
0.0500187873840332
0.04929852485656738
0.0502164363861084
0.04952597618103027
0.05907177925109863
0.056707143783569336
0.06089615821838379
0.06704068183898926
0.054277658462524414
0.0583193302154541
0.05728745460510254
0.0652608871459961
0.05201387405395508
0.05280327796936035
0.056212663650512695
0.05136823654174805
0.05315518379211426
0.050142765045166016
0.05734610557556152
0.0565946102142334
0.050011396408081055
0.04972338676452637
0.05681133270263672
0.06283068656921387
0.05067110061645508
0.05043220520019531
0.05726170539855957
0.04974865913391113
0.05680561065673828
0.0507197380065918
0.049833059310913086
0.05021047592163086
0.0632021427154541
0.05056881904602051
0.050656795501708984
0.04933762550354004
0.048926353454589844
0.050354957580566406
0.04950284957885742
0.04873800277709961
0.0567319393157959
0.06162524223327637
0.050519466400146484
0.050728797912597656
0.05489802360534668
0.04885387420654297
0.05693626403808594
0.057012319564819336
0.049877166748046875
0.05746912956237793
0.05633974075317383
0.0502166748046875
0.05029869079589844
0.05844521522521973
0.049892425537109375
0.049825191497802734
0.06687283515930176
0.05490899085998535
0.06345677375793457
0.07220578193664551
0.0543060302734375
0.051119327545166016
0.05532217025756836
0.049910783767700195
0.04956865310668945
0.04989027976989746
0.055472373962402344
0.05098295211791992
0.0562288761138916
0.05158686637878418
0.05086040496826172
0.05047726631164551
0.05626392364501953
0.05106186866760254
0.05714011192321777
0.05033254623413086
0.06421399116516113
0.06507706642150879
0.06592035293579102
0.053209543228149414
0.057222604751586914
0.050364017486572266
0.05854463577270508
0.05104327201843262
0.04953813552856445
0.05321907997131348
0.05577230453491211
0.05123424530029297
0.05710577964782715
0.05082392692565918
0.0555117130279541
0.049547672271728516
0.049002647399902344
0.05376315116882324
0.055818796157836914
0.06524896621704102
0.05994415283203125
0.050987958908081055
0.05036163330078125
0.050139427185058594
0.05023026466369629
0.05407238006591797
0.04892325401306152
0.04991650581359863
0.05616402626037598
0.05905270576477051
0.06018471717834473
0.0604395866394043
0.0527796745300293
0.0505213737487793
0.06140899658203125
0.05197429656982422
0.06138777732849121
0.056238412857055664
0.051250457763671875
0.0513157844543457
0.05057501792907715
0.05000615119934082
0.05093979835510254
0.05039095878601074
0.049642324447631836
0.049703121185302734
0.056433916091918945
0.051512718200683594
0.05048036575317383
0.05138754844665527
0.05045890808105469
0.050643205642700195
0.0501101016998291
0.057399749755859375
0.056282997131347656
0.05613231658935547
0.05148625373840332
0.05707192420959473
0.0512545108795166
0.05035805702209473
0.050104618072509766
0.049797773361206055
0.0502166748046875
0.056047916412353516
0.062098026275634766
0.051572561264038086
0.05099749565124512
0.058502197265625
0.050518035888671875
0.05146622657775879
0.050911903381347656
0.05725550651550293
0.05988621711730957
0.05688810348510742
0.05150032043457031
0.05109357833862305
0.05844259262084961
0.05736207962036133
0.05087614059448242
0.05045318603515625
0.04990267753601074
0.05047488212585449
0.05658721923828125
0.05243992805480957
0.05129742622375488
0.050989389419555664
0.05111432075500488
0.05089616775512695
0.05087637901306152
0.050695180892944336
0.05928373336791992
0.05757880210876465
0.0578150749206543
0.058672189712524414
0.05150771141052246
0.05868029594421387
0.050959110260009766
0.057733774185180664
0.055980682373046875
0.05633735656738281
0.05639958381652832
0.051262617111206055
0.05145621299743652
0.05784487724304199
0.05727243423461914
0.05042123794555664
0.05669689178466797
0.05056118965148926
0.05062437057495117
0.05717062950134277
0.05739760398864746
0.05673670768737793
0.05122971534729004
0.05074906349182129
0.05053281784057617
0.061582326889038086
0.05279898643493652
0.05269742012023926
0.05848073959350586
0.059798240661621094
0.058856964111328125
0.0528874397277832
0.05074453353881836
0.05228376388549805
0.05241584777832031
0.05225944519042969
0.05044960975646973
0.06619691848754883
0.06082797050476074
0.05185270309448242
0.05043148994445801
0.05391645431518555
0.05159497261047363
0.05293703079223633
0.057445526123046875
0.0502018928527832
0.05932784080505371
0.054602861404418945
0.05394101142883301
0.05265951156616211
0.05939030647277832
0.05136251449584961
0.050972938537597656
0.05083870887756348
0.050353050231933594
0.0569455623626709
0.05207109451293945
0.05345964431762695
0.05345749855041504
0.05272626876831055
0.05096149444580078
0.0587162971496582
0.05211949348449707
0.05290102958679199
0.06539750099182129
0.052683115005493164
0.052402496337890625
0.05133700370788574
0.050897836685180664
0.05733633041381836
0.05013155937194824
0.04944658279418945
0.05055856704711914
0.06926989555358887
0.05341792106628418
0.05107831954956055
0.049988746643066406
0.04982137680053711
0.05720376968383789
0.04968595504760742
0.05590558052062988
0.049868106842041016
0.055722951889038086
0.050858497619628906
0.050408124923706055
0.05090761184692383
0.05004096031188965
0.051680564880371094
0.05026125907897949
0.04970502853393555
0.05672121047973633
0.062067270278930664
0.05125117301940918
0.050716400146484375
0.05038142204284668
0.057077646255493164
0.05623888969421387
0.05682492256164551
0.05121421813964844
0.04957699775695801
0.060507774353027344
0.05218315124511719
0.05075502395629883
0.05770516395568848
0.057409048080444336
0.05009031295776367
0.0500035285949707
0.04952120780944824
0.051375627517700195
0.06929492950439453
0.05116915702819824
0.05062675476074219
0.05912494659423828
0.059526681900024414
0.06683588027954102
0.05922698974609375
0.05313611030578613
0.05744647979736328
0.05649590492248535
0.05725216865539551
0.051219940185546875
0.05099344253540039
0.052649736404418945
0.050455331802368164
0.05669689178466797
0.058120012283325195
0.05403447151184082
0.06240534782409668
0.05168557167053223
0.051375627517700195
0.05863356590270996
0.05629467964172363
0.050504446029663086
0.05534815788269043
0.061780691146850586
0.05445981025695801
0.056868553161621094
0.053818464279174805
0.05097031593322754
0.059395551681518555
0.04993629455566406
0.05095815658569336
0.05046820640563965
0.050272464752197266
0.06627798080444336
0.06708192825317383
0.06394314765930176
0.051412105560302734
0.05117654800415039
0.05858111381530762
0.054025888442993164
0.049607038497924805
0.049945831298828125
0.05082130432128906
0.056945085525512695
0.051424264907836914
0.0514829158782959
0.051038503646850586
0.057383060455322266
0.0585331916809082
0.059571027755737305
0.05238842964172363
0.05246448516845703
0.05864405632019043
0.48772501945495605
0.06082010269165039
0.059712886810302734
0.06722140312194824
0.059154510498046875
0.0590357780456543
0.06411480903625488
0.061276912689208984
0.056453704833984375
0.06319046020507812
0.05644106864929199
0.056711435317993164
0.06301712989807129
0.05632781982421875
0.06397795677185059
0.05936717987060547
0.06602168083190918
0.06343460083007812
0.06635451316833496
0.056970834732055664
0.05710959434509277
0.05849623680114746
0.05911135673522949
0.06341743469238281
0.057084083557128906
0.059350013732910156
0.06522083282470703
0.06929349899291992
0.06344366073608398
0.0588078498840332
0.056041717529296875
0.06497597694396973
0.05745506286621094
0.05571556091308594
0.056374549865722656
