1.905531406402588
0.09608054161071777
0.07509756088256836
0.06744098663330078
0.05756783485412598
0.05352449417114258
0.07261300086975098
0.0603938102722168
0.05864858627319336
0.05898237228393555
0.051853179931640625
0.057586669921875
0.05259084701538086
0.05865812301635742
0.05813336372375488
0.07451224327087402
0.0604555606842041
0.05803251266479492
0.05226445198059082
0.06666159629821777
0.06039881706237793
0.05370759963989258
0.06056809425354004
0.06311202049255371
0.06391143798828125
0.06253767013549805
0.05287289619445801
0.05776190757751465
0.05803966522216797
0.06310606002807617
0.05258989334106445
0.05964255332946777
0.054671525955200195
0.06644606590270996
0.05297684669494629
0.05229067802429199
0.07065963745117188
0.05527305603027344
0.054442644119262695
0.05214977264404297
0.056424617767333984
0.05200958251953125
0.061417579650878906
0.055106163024902344
0.05269789695739746
0.05966329574584961
0.057787418365478516
0.062448740005493164
0.05425763130187988
0.06088590621948242
0.055722713470458984
0.06544637680053711
0.09915876388549805
0.06464481353759766
0.05201292037963867
0.06270122528076172
0.054659366607666016
0.0537412166595459
0.05379056930541992
0.05981850624084473
0.056865692138671875
0.0627899169921875
0.05927777290344238
0.057657480239868164
0.05533552169799805
0.053302764892578125
0.051489830017089844
0.05132102966308594
0.052663564682006836
0.05708146095275879
0.06029033660888672
0.05931425094604492
0.051573753356933594
0.05169820785522461
0.058664560317993164
0.059058427810668945
0.06097698211669922
0.05441713333129883
0.06503725051879883
0.052980661392211914
0.05112814903259277
0.05142641067504883
0.05907750129699707
0.052369117736816406
0.05735373497009277
0.05256009101867676
0.05102992057800293
0.05857086181640625
0.05139470100402832
0.05091547966003418
0.05183053016662598
0.053571224212646484
0.052767276763916016
0.050485849380493164
0.05164909362792969
0.0503392219543457
0.0565948486328125
0.051667213439941406
0.05150103569030762
0.05953693389892578
0.05186939239501953
0.05159926414489746
0.05117440223693848
0.05157065391540527
0.05213594436645508
0.06376504898071289
0.058065176010131836
0.05797171592712402
0.05353116989135742
0.052256107330322266
0.0513606071472168
0.051941871643066406
0.05211973190307617
0.058797359466552734
0.0582118034362793
0.052967071533203125
0.05271720886230469
0.053899526596069336
0.05964517593383789
0.05913686752319336
0.0596311092376709
0.05978584289550781
0.052291154861450195
0.07280611991882324
0.05497407913208008
0.05357789993286133
0.060706138610839844
0.05153155326843262
0.05124235153198242
0.05332303047180176
0.051000356674194336
0.05209970474243164
0.06618976593017578
0.05788850784301758
0.051552534103393555
0.05476546287536621
0.0570065975189209
0.058409690856933594
0.051445960998535156
0.05401134490966797
0.051938533782958984
0.05757784843444824
0.06184887886047363
0.06028413772583008
0.0617983341217041
0.05343461036682129
0.05150294303894043
0.051258087158203125
0.053290605545043945
0.05193471908569336
0.057195186614990234
0.05211305618286133
0.05856728553771973
0.05153656005859375
0.058690547943115234
0.0517115592956543
0.057260751724243164
0.0516657829284668
0.05210113525390625
0.059446096420288086
0.05984377861022949
0.054506778717041016
0.051512718200683594
0.05878901481628418
0.06427216529846191
0.06130504608154297
0.05695462226867676
0.053079843521118164
0.05921435356140137
0.05303645133972168
0.055211782455444336
0.05454874038696289
0.05774569511413574
0.06051039695739746
0.06277227401733398
0.05349874496459961
0.051342010498046875
0.058912038803100586
0.05404019355773926
0.05246925354003906
0.05367755889892578
0.05417037010192871
0.05193519592285156
0.05255579948425293
0.060614585876464844
0.052031755447387695
0.0579371452331543
0.05323505401611328
0.05140566825866699
0.05361151695251465
0.054253339767456055
0.051831722259521484
0.06159663200378418
0.06107521057128906
0.05863690376281738
0.05749154090881348
0.06191539764404297
0.06463956832885742
0.06013226509094238
0.055051326751708984
0.05403852462768555
0.06412863731384277
0.058287858963012695
0.051902055740356445
0.058936357498168945
0.05858778953552246
0.0532689094543457
0.06832122802734375
0.053394317626953125
0.052782297134399414
0.05197310447692871
0.06055092811584473
0.051486968994140625
0.05726909637451172
0.052994489669799805
0.053043365478515625
0.06383991241455078
0.06287789344787598
0.06154918670654297
0.05157828330993652
0.061524152755737305
0.06113290786743164
0.06447529792785645
0.05808210372924805
0.06358098983764648
0.05715155601501465
0.05478024482727051
0.05449271202087402
0.054749488830566406
0.05373525619506836
0.05237746238708496
0.0605008602142334
0.06493282318115234
0.056188106536865234
0.06534647941589355
0.06346416473388672
0.0572664737701416
0.05775856971740723
0.05078315734863281
0.05775809288024902
0.0587315559387207
0.054346561431884766
0.05742979049682617
0.05405473709106445
0.056691646575927734
0.05799436569213867
0.058948516845703125
0.06174135208129883
0.05737018585205078
0.06435728073120117
0.058434486389160156
0.06224322319030762
0.053954124450683594
0.05181479454040527
0.0516054630279541
0.06768202781677246
0.057390451431274414
0.05176734924316406
0.06117367744445801
0.0664515495300293
0.05833292007446289
0.05402708053588867
0.05936622619628906
0.053264617919921875
0.051879167556762695
0.0517888069152832
0.05435371398925781
0.06224846839904785
0.05570864677429199
0.05714607238769531
0.054406166076660156
0.05925631523132324
0.052237510681152344
0.05109429359436035
0.05111360549926758
0.06123471260070801
0.06396150588989258
0.059784889221191406
0.05621600151062012
0.05411672592163086
0.05437779426574707
0.06071066856384277
0.057520151138305664
0.05361652374267578
0.05986213684082031
0.060003042221069336
0.05800056457519531
0.05711007118225098
0.05152010917663574
0.0585329532623291
0.06065511703491211
0.05643820762634277
0.05245637893676758
0.05119776725769043
0.06072258949279785
0.05439329147338867
0.05157804489135742
0.06766343116760254
0.051317691802978516
0.05214262008666992
0.055359840393066406
0.05449986457824707
0.0518803596496582
0.06816530227661133
0.052787065505981445
0.055031538009643555
0.053594112396240234
0.0518031120300293
0.05210709571838379
0.051647186279296875
0.05274176597595215
0.051962852478027344
0.06402873992919922
0.052377939224243164
0.061045169830322266
0.05258584022521973
0.06536149978637695
0.05187821388244629
0.052282094955444336
0.05086565017700195
0.051187753677368164
0.056713104248046875
0.05312609672546387
0.06160569190979004
0.053012847900390625
0.05114173889160156
0.05058550834655762
0.050499916076660156
0.0510249137878418
0.051062583923339844
0.05814647674560547
0.05336475372314453
0.05955862998962402
0.05241060256958008
0.058557987213134766
0.05116558074951172
0.0644996166229248
0.05401492118835449
0.05109000205993652
0.06973791122436523
0.05517244338989258
0.05444669723510742
0.06321239471435547
0.05453324317932129
0.06601834297180176
0.054284095764160156
0.05347633361816406
0.053904056549072266
0.06683731079101562
0.0544736385345459
0.05174660682678223
0.0536646842956543
0.05136871337890625
0.052146196365356445
0.0513460636138916
0.05872201919555664
0.051633358001708984
0.06024599075317383
0.05173778533935547
0.0549473762512207
0.058133602142333984
0.06170797348022461
0.053258419036865234
0.0640878677368164
0.06205177307128906
0.05316638946533203
0.0674598217010498
0.06253242492675781
0.06189441680908203
0.05353546142578125
0.05204176902770996
0.05400586128234863
0.06452012062072754
0.052422523498535156
0.052636146545410156
0.06736302375793457
0.0633704662322998
0.06230425834655762
0.061475515365600586
0.051650047302246094
0.0525364875793457
0.06231689453125
0.06574892997741699
0.054061174392700195
0.05795717239379883
0.05409431457519531
0.0545344352722168
0.06502056121826172
0.05350518226623535
0.056191205978393555
0.0620725154876709
0.061835289001464844
0.05092883110046387
0.059903621673583984
0.05506277084350586
0.05464744567871094
0.06634354591369629
0.051711082458496094
0.05103182792663574
0.052236080169677734
0.05274510383605957
0.051772117614746094
0.059938669204711914
0.05378270149230957
0.05253267288208008
0.05566239356994629
0.06123709678649902
0.06669974327087402
0.054392337799072266
0.0513310432434082
0.053128719329833984
0.06744885444641113
0.05336451530456543
0.06163454055786133
0.053235769271850586
0.06117510795593262
0.052738189697265625
0.05348348617553711
0.05964994430541992
0.06185293197631836
0.06624412536621094
0.06526374816894531
0.053483009338378906
0.05291414260864258
0.05293560028076172
0.06149911880493164
0.05374336242675781
0.05167341232299805
0.05250430107116699
0.057290077209472656
0.059539794921875
0.06179022789001465
0.056993722915649414
0.06126809120178223
0.05640840530395508
0.06158256530761719
0.053249359130859375
0.052361488342285156
0.06236982345581055
0.06259441375732422
0.057607173919677734
0.051459312438964844
0.051941871643066406
0.05289745330810547
0.05674934387207031
0.0531468391418457
0.057045698165893555
0.05907082557678223
0.05772209167480469
0.055507659912109375
0.05739712715148926
0.05395793914794922
0.05170035362243652
0.05794239044189453
0.051692962646484375
0.05253005027770996
0.06786227226257324
0.05941605567932129
0.052860260009765625
0.05658984184265137
0.05502438545227051
0.05421638488769531
0.057013511657714844
0.052712440490722656
0.057903289794921875
0.05952954292297363
0.055046796798706055
0.051842689514160156
0.05376553535461426
0.05392169952392578
0.05134892463684082
0.05349111557006836
0.05683112144470215
0.05369687080383301
0.06388735771179199
0.06166791915893555
0.05479097366333008
0.05128812789916992
0.0540316104888916
0.053194522857666016
0.055917978286743164
0.052870988845825195
0.05713963508605957
0.06358456611633301
0.0535733699798584
0.05170416831970215
0.07125377655029297
0.05159783363342285
0.060497283935546875
0.055155277252197266
0.05312800407409668
0.057791709899902344
0.06821298599243164
0.055699825286865234
0.05426740646362305
0.0617830753326416
0.051085710525512695
0.05870556831359863
0.0534520149230957
0.06416010856628418
0.053624629974365234
0.061089515686035156
0.06379008293151855
0.05511641502380371
0.05476832389831543
0.05149340629577637
0.0614011287689209
0.05399346351623535
0.05726981163024902
0.05367112159729004
0.06496739387512207
0.05529475212097168
0.05481576919555664
0.0511469841003418
0.05718708038330078
0.05136394500732422
0.0522918701171875
0.058315277099609375
0.05160236358642578
0.05999398231506348
0.05185127258300781
0.061707496643066406
0.053627967834472656
0.0547337532043457
0.054273366928100586
0.05150008201599121
0.06077885627746582
0.051367759704589844
0.05968880653381348
0.055681705474853516
0.05148673057556152
0.05151653289794922
0.06164431571960449
0.054418087005615234
0.05454611778259277
0.057282209396362305
0.05330538749694824
0.06295347213745117
0.06154227256774902
0.05463767051696777
0.054364681243896484
0.0643463134765625
0.05124974250793457
0.058965444564819336
0.05413651466369629
0.05719494819641113
0.06030011177062988
0.06493902206420898
0.05744361877441406
0.06315493583679199
0.05717897415161133
0.057286977767944336
0.056160688400268555
0.05091547966003418
0.050925254821777344
0.06153082847595215
0.06360006332397461
0.05947303771972656
0.05750250816345215
0.06374049186706543
0.05386495590209961
0.0545039176940918
0.06097817420959473
0.05124306678771973
0.06001996994018555
0.054644107818603516
0.05455374717712402
0.05144667625427246
0.05150341987609863
0.05685067176818848
0.060651302337646484
0.05389523506164551
0.06823563575744629
0.0699305534362793
0.057677507400512695
0.05369234085083008
0.057927608489990234
0.05086565017700195
0.057540178298950195
0.061989784240722656
0.05417776107788086
0.05744767189025879
0.0577092170715332
0.05381441116333008
0.052930355072021484
0.054453134536743164
0.0546414852142334
0.054433584213256836
0.0517125129699707
0.052298545837402344
0.052082061767578125
0.05754208564758301
0.05319476127624512
0.05310416221618652
0.05753922462463379
0.05881786346435547
0.053510189056396484
0.05361032485961914
0.05332684516906738
0.05960845947265625
0.06268644332885742
0.05172896385192871
0.051532745361328125
0.05058789253234863
0.05072760581970215
0.06011390686035156
0.060393333435058594
0.05128836631774902
0.05092000961303711
0.05641317367553711
0.05280137062072754
0.051280975341796875
0.051209449768066406
0.05847001075744629
0.0497894287109375
0.05051827430725098
0.056533098220825195
0.049952030181884766
0.05910158157348633
0.060980796813964844
0.06403636932373047
0.0541071891784668
0.0566408634185791
0.04996824264526367
0.06766033172607422
0.05807089805603027
0.05727410316467285
0.056218862533569336
0.05368661880493164
0.054261207580566406
0.05378389358520508
0.06015920639038086
0.053557395935058594
0.05328512191772461
0.058034658432006836
0.05703902244567871
0.06290078163146973
0.058225393295288086
0.059294939041137695
0.06220078468322754
0.05827975273132324
0.05302739143371582
0.05744671821594238
0.062155961990356445
0.05172085762023926
0.06014299392700195
0.05526924133300781
0.051186323165893555
0.06161665916442871
0.051552772521972656
0.0603327751159668
0.051839590072631836
0.058568477630615234
0.0515894889831543
0.06020808219909668
0.055194854736328125
0.05825686454772949
0.054322242736816406
0.061601877212524414
0.05877065658569336
0.06183362007141113
0.05124211311340332
0.06217455863952637
0.057451486587524414
0.05191469192504883
0.061002254486083984
0.05890202522277832
0.06292104721069336
0.06038165092468262
0.054532527923583984
0.052048444747924805
0.06684303283691406
0.07092857360839844
0.05823397636413574
0.055417776107788086
0.051949501037597656
0.053507089614868164
0.06396150588989258
0.05928802490234375
0.05611371994018555
0.05163431167602539
0.06952643394470215
0.052416086196899414
0.06208014488220215
0.05302619934082031
0.057152748107910156
0.05169939994812012
0.06160140037536621
0.05118823051452637
0.05121469497680664
0.05938291549682617
0.05467104911804199
0.05142807960510254
0.05081987380981445
0.052892446517944336
0.054186344146728516
0.054097652435302734
0.051062822341918945
0.058718204498291016
0.06291389465332031
0.06158256530761719
0.05244874954223633
0.053432464599609375
0.05146145820617676
0.05672335624694824
0.057008981704711914
0.05124831199645996
0.051491737365722656
0.05769634246826172
0.05261659622192383
0.052075862884521484
0.05147671699523926
0.05853104591369629
0.05086326599121094
0.05698370933532715
0.05910086631774902
0.058441162109375
0.058107852935791016
0.05267906188964844
0.05787062644958496
0.051569461822509766
0.05167984962463379
0.051363468170166016
0.051484107971191406
0.051076650619506836
0.052466392517089844
0.05793642997741699
0.05270028114318848
0.05185103416442871
0.059183597564697266
0.057083845138549805
0.05840492248535156
0.05177879333496094
0.05117344856262207
0.05157303810119629
0.06351280212402344
0.059865713119506836
0.051816463470458984
0.05873751640319824
0.05127906799316406
0.05141115188598633
0.059123992919921875
0.05835151672363281
0.05243968963623047
0.057637929916381836
0.052169084548950195
0.05196952819824219
0.05174612998962402
0.05238151550292969
0.05230975151062012
0.05102992057800293
0.051984310150146484
0.05120706558227539
0.06298351287841797
0.05994391441345215
0.05880451202392578
0.051570892333984375
0.05148911476135254
0.05129885673522949
0.05712461471557617
0.05938386917114258
0.05487704277038574
0.06655550003051758
0.05214214324951172
0.05181622505187988
0.05180525779724121
0.051746368408203125
0.051415443420410156
0.05193471908569336
0.05106687545776367
0.05129432678222656
0.05717587471008301
0.05193066596984863
0.05169844627380371
0.05154013633728027
0.05100560188293457
0.05865120887756348
0.051820993423461914
0.05636715888977051
0.059772491455078125
0.07218241691589355
0.05778312683105469
0.05963635444641113
0.05188894271850586
0.05147385597229004
0.050939083099365234
0.05153226852416992
0.05838918685913086
0.05160212516784668
0.06509852409362793
0.052781105041503906
0.05172014236450195
0.05161261558532715
0.05243635177612305
0.051158905029296875
0.05161738395690918
0.056801795959472656
0.05090141296386719
0.06345033645629883
0.05270576477050781
0.05760073661804199
0.058098554611206055
0.057846784591674805
0.05187821388244629
0.051506996154785156
0.05884599685668945
0.05150461196899414
0.05754685401916504
0.059807538986206055
0.051758766174316406
0.05149531364440918
0.05765843391418457
0.05348014831542969
0.0514681339263916
0.05119967460632324
0.05710196495056152
0.0572202205657959
0.052072763442993164
0.06434082984924316
0.05227231979370117
0.05145835876464844
0.05129718780517578
0.0513613224029541
0.05409073829650879
0.051583290100097656
0.06500554084777832
0.06449460983276367
0.05926084518432617
0.05154776573181152
0.053202152252197266
0.06174039840698242
0.06538271903991699
0.05199933052062988
0.051854848861694336
0.06389880180358887
0.05420041084289551
0.05798077583312988
0.05878400802612305
0.051172733306884766
0.05732226371765137
0.051824331283569336
0.057462215423583984
0.051439762115478516
0.057619333267211914
0.052686214447021484
0.051667213439941406
0.051775217056274414
0.05120992660522461
0.050997018814086914
0.058730125427246094
0.0573122501373291
0.05735659599304199
0.06320929527282715
0.4178273677825928
0.05736422538757324
0.057181358337402344
0.057090044021606445
0.06270003318786621
0.05747222900390625
0.06205034255981445
0.05671191215515137
0.056798458099365234
0.06248927116394043
0.06184124946594238
0.056784629821777344
0.061834096908569336
0.05927467346191406
0.06145071983337402
0.06094002723693848
0.06263303756713867
0.0636446475982666
0.06867241859436035
0.06127190589904785
0.054030418395996094
0.056951284408569336
0.060999393463134766
0.0634911060333252
0.05472230911254883
0.0543975830078125
0.05889630317687988
0.06617903709411621
0.05596923828125
0.061319828033447266
0.0686638355255127
0.05599641799926758
0.052778005599975586
0.053843021392822266
0.05292510986328125
0.05263209342956543
0.06035804748535156
0.05845236778259277
0.05317521095275879
0.05269598960876465
0.05271792411804199
0.06756949424743652
0.06040549278259277
0.06124448776245117
0.05813097953796387
0.07443547248840332
0.05550980567932129
0.05180859565734863
0.06333684921264648
0.05632519721984863
0.06000185012817383
0.05726957321166992
0.05434894561767578
0.053842782974243164
0.06246519088745117
0.056855201721191406
0.05992603302001953
0.0540311336517334
0.0592341423034668
0.05764174461364746
0.05575156211853027
0.06160712242126465
0.05360531806945801
0.05741524696350098
0.05430269241333008
0.05409884452819824
0.055346012115478516
0.052660226821899414
0.051348209381103516
0.051259756088256836
0.06232142448425293
0.05611562728881836
0.062074899673461914
0.05791020393371582
0.051036834716796875
0.0646507740020752
0.05413484573364258
0.0657205581665039
0.051833152770996094
0.05102276802062988
0.05146050453186035
0.06443357467651367
0.057433366775512695
0.050774574279785156
0.05660891532897949
0.056841373443603516
0.05680084228515625
0.05045008659362793
0.05803275108337402
0.050708770751953125
0.06221818923950195
0.05703330039978027
0.056465864181518555
0.050928354263305664
0.058026790618896484
0.050380706787109375
0.05065178871154785
0.050263166427612305
0.0567474365234375
0.058676958084106445
0.0514836311340332
0.05231904983520508
0.05286526679992676
0.052813053131103516
0.0500490665435791
0.05016160011291504
0.056609392166137695
0.05287933349609375
0.05638837814331055
0.058341026306152344
0.05090045928955078
0.06062602996826172
0.050824880599975586
0.06293368339538574
0.06488704681396484
0.05054664611816406
0.05430150032043457
0.06158328056335449
0.05908083915710449
0.05686616897583008
0.05334353446960449
0.053531646728515625
0.050275564193725586
0.05315256118774414
0.05456066131591797
0.05267000198364258
0.05728793144226074
0.05104994773864746
0.0528254508972168
0.05240201950073242
0.050925493240356445
0.05247831344604492
0.05391192436218262
0.052979230880737305
0.05067276954650879
0.05924510955810547
0.05858469009399414
0.05368542671203613
0.05363130569458008
0.05410599708557129
0.05024313926696777
0.052132368087768555
0.0578000545501709
0.05681300163269043
0.06899905204772949
0.0541532039642334
0.05302572250366211
0.05344271659851074
0.056285858154296875
0.05050849914550781
0.056769371032714844
0.052535295486450195
0.05631518363952637
0.06870722770690918
0.05136418342590332
0.053026676177978516
0.05780816078186035
0.06346487998962402
0.05339765548706055
0.053075313568115234
0.06059837341308594
0.052442312240600586
0.055890798568725586
0.06088423728942871
0.05121564865112305
0.06999611854553223
0.060897111892700195
0.06085634231567383
0.05091094970703125
0.052448272705078125
0.05653738975524902
0.06838822364807129
0.07023215293884277
0.05536293983459473
0.05364823341369629
0.05412173271179199
0.05315899848937988
0.05263352394104004
0.05290627479553223
0.05507206916809082
0.058197736740112305
0.05365705490112305
0.06057000160217285
0.06392621994018555
0.05672502517700195
0.054161787033081055
0.05106043815612793
0.05269145965576172
0.06031298637390137
0.0583491325378418
0.05581545829772949
0.056151390075683594
0.05303168296813965
0.05089521408081055
0.05086636543273926
0.0505523681640625
0.053792715072631836
0.056864261627197266
0.06292557716369629
0.051354169845581055
0.06063222885131836
0.05823922157287598
0.05055093765258789
0.059891700744628906
0.05219006538391113
0.05383610725402832
0.06524109840393066
0.06590032577514648
0.05846691131591797
0.05639362335205078
0.056116342544555664
0.05831146240234375
0.05191349983215332
0.050606489181518555
0.058446407318115234
0.050624847412109375
0.05623626708984375
0.0642693042755127
0.05350780487060547
0.051557302474975586
0.05173087120056152
0.058881521224975586
0.053588151931762695
0.06348586082458496
0.056243896484375
0.06161785125732422
0.053375244140625
0.05678296089172363
0.051576852798461914
0.05273556709289551
0.05651092529296875
0.0522615909576416
0.05256485939025879
0.053322553634643555
0.05601930618286133
0.05391573905944824
0.06136035919189453
0.062351226806640625
0.059037208557128906
0.05156302452087402
0.056342363357543945
0.05707383155822754
0.06309080123901367
0.0642085075378418
0.05481982231140137
0.0539090633392334
0.060953617095947266
0.05732536315917969
0.05958890914916992
0.05263161659240723
0.058220863342285156
0.05073094367980957
0.05808568000793457
0.05117082595825195
0.05744361877441406
0.05145454406738281
0.05618095397949219
0.053874969482421875
0.05337715148925781
0.05110788345336914
0.051004648208618164
0.05643033981323242
0.06493639945983887
0.0655052661895752
0.0658257007598877
0.06508588790893555
0.056894779205322266
0.05651688575744629
0.05304217338562012
0.05072617530822754
0.058959245681762695
0.054830074310302734
0.05361461639404297
0.05666518211364746
0.061026573181152344
0.05656695365905762
0.058062076568603516
0.056374311447143555
0.05621957778930664
0.05880570411682129
0.05886960029602051
0.053395748138427734
0.05562734603881836
0.06355786323547363
0.05825161933898926
0.052762508392333984
0.05778098106384277
0.0516657829284668
0.05619096755981445
0.0591433048248291
0.06168007850646973
0.05650639533996582
0.053132057189941406
0.05344700813293457
0.060508012771606445
0.0617218017578125
0.05738663673400879
0.05889391899108887
0.053481340408325195
0.0633082389831543
0.06418514251708984
0.06966066360473633
0.056603431701660156
0.056535959243774414
0.06934022903442383
0.06441855430603027
0.060025930404663086
0.053873538970947266
0.05378317832946777
0.05904674530029297
0.056136131286621094
0.0700533390045166
0.05277752876281738
0.05012845993041992
0.05024266242980957
0.057403564453125
0.05722832679748535
0.05132412910461426
0.05789971351623535
0.0531153678894043
0.060317039489746094
0.06286835670471191
0.0554349422454834
0.05710411071777344
0.06546998023986816
0.05119824409484863
0.05394601821899414
0.0561833381652832
0.05217599868774414
0.053792715072631836
0.050753116607666016
0.06549501419067383
0.053517818450927734
0.05565047264099121
0.05181479454040527
0.062158823013305664
0.056287288665771484
0.05496931076049805
0.0567317008972168
0.060063838958740234
0.05041623115539551
0.05230545997619629
0.061910152435302734
0.05827927589416504
0.06100916862487793
0.056998252868652344
0.051015377044677734
0.05043768882751465
0.056020259857177734
0.056775569915771484
0.05662655830383301
0.058348894119262695
0.05090737342834473
0.05077695846557617
0.058452606201171875
0.05788111686706543
0.05219888687133789
0.05040860176086426
0.05819511413574219
0.05099773406982422
0.05815529823303223
0.05688667297363281
0.06143331527709961
0.061237335205078125
0.06578516960144043
0.056264638900756836
0.056060791015625
0.0539546012878418
0.06355953216552734
0.05850934982299805
0.05446505546569824
0.05086326599121094
0.053131818771362305
0.05297088623046875
0.05289149284362793
0.05193281173706055
0.06014132499694824
0.05318331718444824
0.06612801551818848
0.05107617378234863
0.051895856857299805
0.051793813705444336
0.05985713005065918
0.0532994270324707
0.05089569091796875
0.0697023868560791
0.05284523963928223
0.0630791187286377
0.0517115592956543
0.05377960205078125
0.050453901290893555
0.06319713592529297
0.06519412994384766
0.05581068992614746
0.05794477462768555
0.05047798156738281
0.05730271339416504
0.054274797439575195
0.055719614028930664
0.0541539192199707
0.050438642501831055
0.050730228424072266
0.05998039245605469
0.05293893814086914
0.05269670486450195
0.05768585205078125
0.05608844757080078
0.052767276763916016
0.05296444892883301
0.052545785903930664
0.052054405212402344
0.0508575439453125
0.05086565017700195
0.05205965042114258
0.0593717098236084
0.06148576736450195
0.05875444412231445
0.05350971221923828
0.05131673812866211
0.0522463321685791
0.050012826919555664
0.052292823791503906
0.05817294120788574
0.057456016540527344
0.05442357063293457
0.052709341049194336
0.05232429504394531
0.051280975341796875
0.06911134719848633
0.06276273727416992
0.054329872131347656
0.05086565017700195
0.058866262435913086
0.05341291427612305
0.052313804626464844
0.06384754180908203
0.053227901458740234
0.05308389663696289
0.06221485137939453
0.05382537841796875
0.05140423774719238
0.06629490852355957
0.06313848495483398
0.050801753997802734
0.060693979263305664
0.0530238151550293
0.05150604248046875
0.05155754089355469
0.05357813835144043
0.0512697696685791
0.06226491928100586
0.05786776542663574
0.05292534828186035
0.05086350440979004
0.050550222396850586
0.06199193000793457
0.05078315734863281
0.054968833923339844
0.050557851791381836
0.06174921989440918
0.058618783950805664
0.06586933135986328
0.05416059494018555
0.06383633613586426
0.053844451904296875
0.06093478202819824
0.057831525802612305
0.05275464057922363
0.061229705810546875
0.06659197807312012
0.06293869018554688
0.06992316246032715
0.052745819091796875
0.05096769332885742
0.06114840507507324
0.06061720848083496
0.05048370361328125
0.057684898376464844
0.06230497360229492
0.05757308006286621
0.058159828186035156
0.053803443908691406
0.05587649345397949
0.05386042594909668
0.05340242385864258
0.05101203918457031
0.06074404716491699
0.05885767936706543
0.060892343521118164
0.05797171592712402
0.061658382415771484
0.05194234848022461
0.050608158111572266
0.060511112213134766
0.05088019371032715
0.06340527534484863
0.06514573097229004
0.052641868591308594
0.05981874465942383
0.0572667121887207
0.05107402801513672
0.05047607421875
0.05243802070617676
0.0609440803527832
0.05610966682434082
0.06172323226928711
0.06121063232421875
0.05217385292053223
0.060251712799072266
0.05031156539916992
0.060608625411987305
0.0670006275177002
0.05496811866760254
0.06370258331298828
0.06965756416320801
0.05309009552001953
0.05784893035888672
0.06108355522155762
0.05597209930419922
0.05051827430725098
0.05597090721130371
0.05051255226135254
0.0648355484008789
0.05391120910644531
0.05303645133972168
0.0510554313659668
0.06121516227722168
0.05851387977600098
0.05078697204589844
0.05285239219665527
0.05282950401306152
0.05849814414978027
0.05428743362426758
0.05338644981384277
0.05120253562927246
0.053674936294555664
0.06383419036865234
0.05334734916687012
0.05325675010681152
0.050907135009765625
0.058971405029296875
0.06469845771789551
0.05525040626525879
0.05054736137390137
0.060236454010009766
0.06050848960876465
0.059531211853027344
0.0520176887512207
0.06108736991882324
0.06906008720397949
0.05347084999084473
0.0533289909362793
0.05800795555114746
0.0608057975769043
0.05268597602844238
0.05820727348327637
0.05076789855957031
0.06067371368408203
0.05818939208984375
0.051444053649902344
0.053432464599609375
0.05251479148864746
0.06434750556945801
0.055307865142822266
0.06058621406555176
0.057752132415771484
0.061097145080566406
0.05823016166687012
0.051282644271850586
0.05274820327758789
0.055528879165649414
0.050324440002441406
0.05212855339050293
0.05009317398071289
0.049915313720703125
0.05044150352478027
0.058145761489868164
0.052983999252319336
0.05654191970825195
0.05148887634277344
0.050618648529052734
0.055999040603637695
0.05146050453186035
0.04982447624206543
0.05232858657836914
0.05741620063781738
0.05306863784790039
0.06332087516784668
0.05237245559692383
0.05230402946472168
0.05184125900268555
0.05173611640930176
0.0671529769897461
0.05289936065673828
0.05817985534667969
0.06015467643737793
0.06398200988769531
0.052446603775024414
0.0579221248626709
0.05048537254333496
0.05120563507080078
0.051442861557006836
0.06082606315612793
0.05570077896118164
0.05233573913574219
0.05292057991027832
0.05191230773925781
0.059992074966430664
0.06511235237121582
0.06948471069335938
0.056648969650268555
0.0595707893371582
0.06261587142944336
0.06152486801147461
0.052265167236328125
0.05572009086608887
0.05238628387451172
0.05576682090759277
0.056545257568359375
0.05754685401916504
0.05016684532165527
0.05488228797912598
0.050989389419555664
0.05619359016418457
0.05334591865539551
0.06130099296569824
0.05169391632080078
0.06061053276062012
0.050452470779418945
0.05780482292175293
0.05530095100402832
0.051455020904541016
0.056687116622924805
0.054605722427368164
0.052877187728881836
0.05783820152282715
0.051468610763549805
0.06095552444458008
0.06199479103088379
0.06329679489135742
0.061675071716308594
0.0509953498840332
0.05250811576843262
0.0723121166229248
0.060449838638305664
0.0535883903503418
0.05458521842956543
0.050424814224243164
0.05741262435913086
0.054595232009887695
0.05427670478820801
0.05728912353515625
0.049967288970947266
0.060724496841430664
0.0599822998046875
0.05603742599487305
0.05043363571166992
0.0549311637878418
0.05875682830810547
0.056351423263549805
0.0670175552368164
0.06278133392333984
0.05666995048522949
0.050765275955200195
0.050070762634277344
0.051268577575683594
0.06172990798950195
0.05480384826660156
0.0506291389465332
0.05194830894470215
0.0506749153137207
0.0590970516204834
0.05062079429626465
0.05072665214538574
0.05759549140930176
0.05924034118652344
0.06711030006408691
0.051850318908691406
0.0644829273223877
0.06145882606506348
0.05745506286621094
0.050504446029663086
0.05913591384887695
0.05716967582702637
0.0619204044342041
0.05125308036804199
0.0599818229675293
0.057883501052856445
0.05504488945007324
0.050655364990234375
0.05594325065612793
0.05052328109741211
0.05542302131652832
0.06605124473571777
0.05259370803833008
0.056345462799072266
0.050350189208984375
0.06120777130126953
0.050814151763916016
0.049715280532836914
0.05021786689758301
0.050348520278930664
0.06235647201538086
0.05111551284790039
0.05126333236694336
0.05667734146118164
0.05155158042907715
0.05133700370788574
0.05738401412963867
0.050251007080078125
0.056268930435180664
0.05565905570983887
0.0508723258972168
0.050711631774902344
0.05091071128845215
0.050882816314697266
0.05599379539489746
0.06540131568908691
0.05936074256896973
0.05506396293640137
0.05568885803222656
0.051537275314331055
0.05623960494995117
0.057531118392944336
0.05047178268432617
0.05800461769104004
0.058840036392211914
0.06191849708557129
0.04986882209777832
0.05561709403991699
0.05143904685974121
0.050855398178100586
0.05075883865356445
0.05071759223937988
0.050809621810913086
0.057952165603637695
0.05778336524963379
0.05090451240539551
0.0558016300201416
0.050926923751831055
0.056346893310546875
0.05060839653015137
0.05631208419799805
0.057847023010253906
0.05888032913208008
0.0520634651184082
0.05052971839904785
0.05567741394042969
0.05834531784057617
0.051573753356933594
0.05640244483947754
0.0561068058013916
0.05020427703857422
0.05764365196228027
0.05595254898071289
0.06278347969055176
0.07232856750488281
0.06141090393066406
0.0531315803527832
0.05237841606140137
0.05997824668884277
0.05908083915710449
0.06144857406616211
0.05926704406738281
0.05972409248352051
0.06563758850097656
0.0539546012878418
0.06264543533325195
0.05956745147705078
0.05780529975891113
0.05257010459899902
0.05052351951599121
0.05145430564880371
0.05118155479431152
0.05561542510986328
0.052388906478881836
0.06519198417663574
0.05280160903930664
0.05075240135192871
0.05650591850280762
0.049985647201538086
0.05122542381286621
0.055757999420166016
0.06297969818115234
0.057099103927612305
0.052106380462646484
0.05037355422973633
0.061106204986572266
0.05341219902038574
0.0557553768157959
0.05068206787109375
0.06036734580993652
0.05663251876831055
0.05211448669433594
0.06051301956176758
0.0526118278503418
0.06051135063171387
0.06072354316711426
0.05554318428039551
0.05190920829772949
0.05077672004699707
0.06283283233642578
0.05723762512207031
0.06397771835327148
0.06132984161376953
0.05625414848327637
0.05740022659301758
0.05005025863647461
0.05030393600463867
0.054842233657836914
0.06160736083984375
0.06117391586303711
0.05840301513671875
0.05065655708312988
0.05010557174682617
0.05278372764587402
0.05230832099914551
0.04992079734802246
0.051835060119628906
0.06288933753967285
0.051610708236694336
0.05271434783935547
0.0574038028717041
0.06316375732421875
0.051657676696777344
0.04997134208679199
0.05719757080078125
0.051065921783447266
0.055928945541381836
0.05660510063171387
0.050736188888549805
0.0556941032409668
0.052182674407958984
0.05040574073791504
0.05759882926940918
0.05719947814941406
0.05019664764404297
0.056272268295288086
0.05199694633483887
0.051909446716308594
0.05062675476074219
0.05110573768615723
0.04994511604309082
0.05088067054748535
0.0509645938873291
0.05005621910095215
0.055350542068481445
0.051119089126586914
0.05110883712768555
0.050898075103759766
0.05101966857910156
0.05057191848754883
0.05060887336730957
0.058595895767211914
0.06110692024230957
0.05548286437988281
0.058586835861206055
0.059545040130615234
0.05938220024108887
0.05113554000854492
0.055808305740356445
0.049994707107543945
0.05012774467468262
0.0500791072845459
0.07172441482543945
0.061078548431396484
0.05078625679016113
0.05151772499084473
0.05027294158935547
0.05630373954772949
0.06254339218139648
0.05805253982543945
0.05146956443786621
0.060402631759643555
0.059528350830078125
0.057056427001953125
0.04989886283874512
0.05012059211730957
0.05770444869995117
0.04965472221374512
0.050481319427490234
0.05641436576843262
0.06186056137084961
0.058513641357421875
0.05143332481384277
0.05291914939880371
0.05782723426818848
0.05585336685180664
0.05549812316894531
0.050100088119506836
0.0511479377746582
0.06257152557373047
0.05847430229187012
0.05124855041503906
0.06471920013427734
0.057129621505737305
0.05527329444885254
0.057822227478027344
0.04975175857543945
0.04925274848937988
0.05566763877868652
0.05193305015563965
0.05006551742553711
0.050287723541259766
0.05669999122619629
0.0503537654876709
0.04991888999938965
0.04939842224121094
0.04973411560058594
0.06541109085083008
0.06029844284057617
0.06615662574768066
0.05182838439941406
0.050821542739868164
0.05113983154296875
0.05127549171447754
0.06009960174560547
0.060452938079833984
0.06515026092529297
0.05215024948120117
0.056238412857055664
0.05844712257385254
0.054068803787231445
0.05020594596862793
0.05011415481567383
0.049695730209350586
0.0501253604888916
0.05674314498901367
0.05187726020812988
0.051850318908691406
0.05675458908081055
0.05153989791870117
0.05144309997558594
0.05038094520568848
0.0495758056640625
0.05069088935852051
0.05706381797790527
0.056603431701660156
0.057103633880615234
0.050687313079833984
0.05057716369628906
0.05187726020812988
0.05108904838562012
0.051053762435913086
0.060369014739990234
0.0605473518371582
0.05263566970825195
0.05730938911437988
0.05869770050048828
0.05048656463623047
0.051781654357910156
0.05046367645263672
0.05032944679260254
0.05054926872253418
0.055071115493774414
0.05658531188964844
0.0514521598815918
0.055635929107666016
0.06592631340026855
0.0634770393371582
0.050405025482177734
0.049955129623413086
0.05221986770629883
0.06250715255737305
0.05099678039550781
0.059024810791015625
0.05031943321228027
0.05615091323852539
0.051477909088134766
0.05087637901306152
0.05035042762756348
0.05617237091064453
0.05599689483642578
0.05693817138671875
0.05677032470703125
0.06620240211486816
0.05940675735473633
0.057221412658691406
0.05148959159851074
0.050391435623168945
0.050276756286621094
0.05591464042663574
0.05700564384460449
0.05127263069152832
0.050749778747558594
0.06293845176696777
0.05590486526489258
0.05572175979614258
0.05588531494140625
0.05079150199890137
0.0560612678527832
0.05750703811645508
0.052248477935791016
0.05038595199584961
0.05023312568664551
0.050319671630859375
0.05586409568786621
0.05748391151428223
0.05627942085266113
0.056123971939086914
0.05449223518371582
0.06725096702575684
0.05068564414978027
0.05025672912597656
0.0663003921508789
0.05394124984741211
0.05189919471740723
0.05081915855407715
0.06235384941101074
0.055666446685791016
0.0506744384765625
0.05104947090148926
0.056490421295166016
0.05812191963195801
0.05691671371459961
0.05012702941894531
0.05526232719421387
0.061630964279174805
0.058942556381225586
0.05109453201293945
0.056539058685302734
0.05147242546081543
0.05121016502380371
0.050501346588134766
0.05512094497680664
0.050638437271118164
0.06246066093444824
0.05877852439880371
0.057382822036743164
0.05672931671142578
0.050519466400146484
0.04995131492614746
0.054448843002319336
0.04984092712402344
0.05778622627258301
0.055654287338256836
0.051256656646728516
0.05835700035095215
0.05277752876281738
0.050548553466796875
0.05025315284729004
0.05061984062194824
0.05630230903625488
0.051070213317871094
0.06090950965881348
0.051026105880737305
0.05676007270812988
0.0564115047454834
0.05021071434020996
0.05755448341369629
0.05010366439819336
0.056188344955444336
0.057683706283569336
0.06707429885864258
0.052373409271240234
0.05083608627319336
0.05818319320678711
0.056427717208862305
0.0559697151184082
0.06644153594970703
0.06557941436767578
0.05271029472351074
0.06120920181274414
0.05087447166442871
0.05648994445800781
0.05012869834899902
0.05625772476196289
0.06453156471252441
0.05241131782531738
0.06529784202575684
0.053182363510131836
0.05655646324157715
0.054360389709472656
0.0593571662902832
0.05076026916503906
0.050482749938964844
0.05088233947753906
0.05608320236206055
0.05774283409118652
0.05747509002685547
0.06374335289001465
0.05289006233215332
0.05235624313354492
0.05305075645446777
0.05368685722351074
0.05100083351135254
0.049962759017944336
0.05046820640563965
0.05136275291442871
0.061823368072509766
0.05772900581359863
0.05113840103149414
0.051251888275146484
0.05551433563232422
0.055739402770996094
0.055588483810424805
0.0499269962310791
0.05019807815551758
0.06176352500915527
0.05160164833068848
0.05809164047241211
0.050794124603271484
0.05090498924255371
0.05063581466674805
0.05035400390625
0.057756900787353516
0.05109977722167969
0.06338882446289062
0.056706905364990234
0.05840611457824707
0.05657696723937988
0.0553431510925293
0.05566215515136719
0.05602741241455078
0.049896240234375
0.05047178268432617
0.06892657279968262
0.05922102928161621
0.05677080154418945
0.05116152763366699
0.0507206916809082
0.058222055435180664
0.05591845512390137
0.04991412162780762
0.04987835884094238
0.05753159523010254
0.057401180267333984
0.05727791786193848
0.05976414680480957
0.05093669891357422
0.05086684226989746
0.057708024978637695
0.05102252960205078
0.05128741264343262
0.06325054168701172
0.06595730781555176
0.054875850677490234
0.05575370788574219
0.05070805549621582
0.05073094367980957
0.056426048278808594
0.0559542179107666
0.05602002143859863
0.05614185333251953
0.057348012924194336
0.05426526069641113
0.05101180076599121
0.050699710845947266
0.05049633979797363
0.05770230293273926
0.05807852745056152
0.05086040496826172
0.055895090103149414
0.051938533782958984
0.05665946006774902
0.05026412010192871
0.05574798583984375
0.050420284271240234
0.050585031509399414
0.05739092826843262
0.05077195167541504
0.05604958534240723
0.051863908767700195
0.052817344665527344
0.05073666572570801
0.05026984214782715
0.050401926040649414
0.050699710845947266
0.05786871910095215
0.05646085739135742
0.055820465087890625
0.05150246620178223
0.051018714904785156
0.05166959762573242
0.05653858184814453
0.05628252029418945
0.05036640167236328
0.05049562454223633
0.052156925201416016
0.06286072731018066
0.05124235153198242
0.0584414005279541
0.05119657516479492
0.05150723457336426
0.04989218711853027
0.0643761157989502
0.050104379653930664
0.05582308769226074
0.06157040596008301
0.059723615646362305
0.059180259704589844
0.05725431442260742
0.05378556251525879
0.05620622634887695
0.05744147300720215
0.05503034591674805
0.049723148345947266
0.05513262748718262
0.054682254791259766
0.05036520957946777
0.050078630447387695
0.05664777755737305
0.05330348014831543
0.052227020263671875
0.05025458335876465
0.05033063888549805
0.05518007278442383
0.05380129814147949
0.05440330505371094
0.05799698829650879
0.05017232894897461
0.04987812042236328
0.052208900451660156
0.049808502197265625
0.050496816635131836
0.06508803367614746
0.05200552940368652
0.05090689659118652
0.05592179298400879
0.05722546577453613
0.0565948486328125
0.05045175552368164
0.056204795837402344
0.050037384033203125
0.05569124221801758
0.0588068962097168
0.0659182071685791
0.05367326736450195
0.055507659912109375
0.05634903907775879
0.05535483360290527
0.04952406883239746
0.057289838790893555
0.06545281410217285
0.0676729679107666
0.05901360511779785
0.052483320236206055
0.059931039810180664
0.058545827865600586
0.05610179901123047
0.057798147201538086
0.05117082595825195
0.07101607322692871
0.05241751670837402
0.05141329765319824
0.05129814147949219
0.05630183219909668
0.05856657028198242
0.05562758445739746
0.05569052696228027
0.049939632415771484
0.05587005615234375
0.05843400955200195
0.05176544189453125
0.05074501037597656
0.058252573013305664
0.05041956901550293
0.050894975662231445
0.05674099922180176
0.05064749717712402
0.05658698081970215
0.05154752731323242
0.05097532272338867
0.05825400352478027
0.05794095993041992
0.056617021560668945
0.056839942932128906
0.05184650421142578
0.05804586410522461
0.05682516098022461
0.0513308048248291
0.05141091346740723
0.0504450798034668
0.05644655227661133
0.05604839324951172
0.056206464767456055
0.05039811134338379
0.0504610538482666
0.055954694747924805
0.052019596099853516
0.05081748962402344
0.05060935020446777
0.0518646240234375
0.04971718788146973
0.05042004585266113
0.05582141876220703
0.05209159851074219
0.05856156349182129
0.05734682083129883
0.05632472038269043
0.05095839500427246
0.0578007698059082
0.04997372627258301
0.05337834358215332
0.056114912033081055
0.05584716796875
0.05657672882080078
0.05079793930053711
0.0509641170501709
0.05636239051818848
0.05098748207092285
0.05810880661010742
0.05808544158935547
0.05785059928894043
0.05637335777282715
0.056511640548706055
0.05487561225891113
0.052881717681884766
0.058298587799072266
0.050214529037475586
0.059238433837890625
0.051276206970214844
0.05337119102478027
0.052587270736694336
0.055284738540649414
0.05144095420837402
0.05097007751464844
0.059947967529296875
0.05421853065490723
0.05262947082519531
0.05172848701477051
0.058895111083984375
0.05280613899230957
0.0549924373626709
0.05003476142883301
0.058322906494140625
0.05800342559814453
0.050698041915893555
0.049434661865234375
0.055872201919555664
0.050299882888793945
0.05492448806762695
0.05542922019958496
0.051206350326538086
0.050902605056762695
0.056305646896362305
0.06426429748535156
0.05584001541137695
0.05048346519470215
0.05234789848327637
0.05934000015258789
0.055431365966796875
0.05084037780761719
0.05562639236450195
0.050336360931396484
0.05028581619262695
0.050072431564331055
0.048711299896240234
0.05587267875671387
0.05038309097290039
0.05612969398498535
0.05377697944641113
0.05042624473571777
0.05007314682006836
0.049338579177856445
0.04937005043029785
0.05047035217285156
0.05056262016296387
0.049872398376464844
0.062230587005615234
0.05154132843017578
0.05082559585571289
0.05069565773010254
0.05036473274230957
0.05493927001953125
0.0555875301361084
0.049156904220581055
0.049729347229003906
0.05533313751220703
0.05128169059753418
0.05060434341430664
0.05016803741455078
0.05938720703125
0.05558276176452637
0.049072980880737305
0.050214290618896484
0.05051851272583008
0.05530905723571777
0.05675196647644043
0.050167083740234375
0.05623006820678711
0.049764394760131836
0.0560758113861084
0.04983401298522949
0.05048632621765137
0.055849313735961914
0.05559897422790527
0.056673288345336914
0.05037713050842285
0.0592496395111084
0.05075716972351074
0.049892425537109375
0.05929279327392578
0.05025506019592285
0.055982112884521484
0.05572676658630371
0.05170011520385742
0.058002471923828125
0.052431583404541016
0.05006003379821777
0.05734753608703613
0.04976153373718262
0.05105924606323242
0.05328774452209473
0.05559730529785156
0.05672788619995117
0.05153155326843262
0.05674314498901367
0.058364152908325195
0.05879044532775879
0.061568498611450195
0.05219626426696777
0.055407047271728516
0.06111931800842285
0.0569157600402832
0.05054306983947754
0.05011177062988281
0.050275564193725586
0.05801868438720703
0.05042290687561035
0.057730674743652344
0.05636024475097656
0.06335592269897461
0.0589747428894043
0.05738210678100586
0.0570981502532959
0.05248761177062988
0.05573844909667969
0.056548357009887695
0.05132937431335449
0.05097556114196777
0.056441545486450195
0.051053762435913086
0.05170273780822754
0.0558927059173584
0.05659341812133789
0.0657343864440918
0.0599215030670166
0.05449843406677246
0.05653882026672363
0.06307077407836914
0.05667233467102051
0.05089592933654785
0.05069446563720703
0.06489801406860352
0.05795168876647949
0.06560087203979492
0.05186915397644043
0.05767202377319336
0.06699419021606445
0.057149648666381836
0.058235883712768555
0.05052757263183594
0.05188703536987305
0.05589461326599121
0.05765581130981445
0.05529332160949707
0.059416770935058594
0.06416749954223633
0.06642484664916992
0.058938026428222656
0.05932140350341797
0.06610774993896484
0.05930471420288086
0.052725791931152344
0.050075531005859375
0.04977130889892578
0.05570220947265625
0.0580899715423584
0.05062508583068848
0.05182194709777832
0.06648540496826172
0.054242849349975586
0.05955314636230469
0.05798649787902832
0.05050945281982422
0.0651543140411377
0.051470279693603516
0.056499481201171875
0.056233882904052734
0.057634592056274414
0.05277085304260254
0.055806875228881836
0.06242990493774414
0.059935808181762695
0.06607413291931152
0.06417202949523926
0.06672334671020508
0.060787200927734375
0.06415557861328125
0.05578279495239258
0.05597686767578125
0.05062413215637207
0.04953932762145996
0.05617189407348633
0.05200481414794922
0.05238986015319824
0.04957437515258789
0.05061221122741699
0.04984688758850098
0.05587482452392578
0.050835609436035156
0.05299735069274902
0.05581331253051758
0.058332204818725586
0.05689859390258789
0.05668449401855469
0.05040287971496582
0.0558781623840332
0.05749082565307617
0.04999876022338867
0.05379772186279297
0.05576515197753906
0.051609039306640625
0.05683493614196777
0.05083489418029785
0.050339698791503906
0.05624198913574219
0.059296607971191406
0.05750846862792969
0.05885958671569824
0.05832314491271973
0.05971837043762207
0.059745073318481445
0.059572696685791016
0.054679155349731445
0.06819319725036621
0.054022789001464844
0.04999876022338867
0.05136704444885254
0.05574941635131836
0.05175662040710449
0.051279306411743164
0.05146384239196777
0.0626978874206543
0.06562542915344238
0.062158823013305664
0.05296134948730469
0.05281853675842285
0.06394171714782715
0.05461859703063965
0.06770563125610352
0.05364084243774414
0.05136847496032715
0.057596445083618164
0.05666708946228027
0.05550360679626465
0.05292320251464844
0.0585024356842041
0.05913496017456055
0.05720973014831543
0.05352902412414551
0.05394887924194336
0.06476163864135742
0.05871415138244629
0.05860424041748047
0.059352874755859375
0.06341123580932617
0.05138516426086426
0.05087423324584961
0.050275564193725586
0.05056309700012207
0.05740022659301758
0.050867319107055664
0.05666613578796387
0.05078268051147461
0.05826163291931152
0.06669020652770996
0.060487985610961914
0.05679583549499512
0.050681114196777344
0.05664563179016113
0.056142568588256836
0.058516740798950195
0.050920963287353516
0.05894112586975098
0.05155634880065918
0.050916433334350586
0.05674934387207031
0.05680227279663086
0.05073952674865723
0.05680441856384277
0.05560660362243652
0.05602216720581055
0.05738949775695801
0.05207180976867676
0.050728797912597656
0.053444862365722656
0.056427001953125
0.052094459533691406
0.057813167572021484
0.057654380798339844
0.05051016807556152
0.05566525459289551
0.060431718826293945
0.051947593688964844
0.05058574676513672
0.050582170486450195
0.05517244338989258
0.0499875545501709
0.05979752540588379
0.05261540412902832
0.056479454040527344
0.05934286117553711
0.051235198974609375
0.05807232856750488
0.057884931564331055
0.056171417236328125
0.05632734298706055
0.05120062828063965
0.05045604705810547
0.05796980857849121
0.053746938705444336
0.05078291893005371
0.057486772537231445
0.0561676025390625
0.05757308006286621
0.050426483154296875
0.05009651184082031
0.0575871467590332
0.056438446044921875
0.05145597457885742
0.05802154541015625
0.05075836181640625
0.050399065017700195
0.05786895751953125
0.05664205551147461
0.058897972106933594
0.05087995529174805
0.056175947189331055
0.054314613342285156
0.05056881904602051
0.050498008728027344
0.049825429916381836
0.05398273468017578
0.05048203468322754
0.057477712631225586
0.050534725189208984
0.07156944274902344
0.05350804328918457
0.05840039253234863
0.05222368240356445
0.05019235610961914
0.050817012786865234
0.05007171630859375
0.05565237998962402
0.0558626651763916
0.061547279357910156
0.06777262687683105
0.05095386505126953
0.05132007598876953
0.05396914482116699
0.050093889236450195
0.056023359298706055
0.05669832229614258
0.050939083099365234
0.06319975852966309
0.05532526969909668
0.05232071876525879
0.05619692802429199
0.0573580265045166
0.04941296577453613
0.05567193031311035
0.04985380172729492
0.050843238830566406
0.06116461753845215
0.05876588821411133
0.056656599044799805
0.05637526512145996
0.05025625228881836
0.054384469985961914
0.04941511154174805
0.050405263900756836
0.056667327880859375
0.06099390983581543
0.06740331649780273
0.06052517890930176
0.06600618362426758
0.05299830436706543
0.05243253707885742
0.05604410171508789
0.04931521415710449
0.05136895179748535
0.07289457321166992
0.05870342254638672
0.05120348930358887
0.05097389221191406
0.05667829513549805
0.05624270439147949
0.05051612854003906
0.050327301025390625
0.0531313419342041
0.0640254020690918
0.057274818420410156
0.050925493240356445
0.05060124397277832
0.051401615142822266
0.05243396759033203
0.05005788803100586
0.05009865760803223
0.05084824562072754
0.05711722373962402
0.052802324295043945
0.051290273666381836
0.050762176513671875
0.050894737243652344
0.05148005485534668
0.049928903579711914
0.050290584564208984
0.050292253494262695
0.05557990074157715
0.05403542518615723
0.05134296417236328
0.05040264129638672
0.05061984062194824
0.05037832260131836
0.0523836612701416
0.05071544647216797
0.05700516700744629
0.05569577217102051
0.05072641372680664
0.056075334548950195
0.05803561210632324
0.05134224891662598
0.055780887603759766
0.05051302909851074
0.058969974517822266
0.05945253372192383
0.06283283233642578
0.06134748458862305
0.05258750915527344
0.05016493797302246
0.06001424789428711
0.05785346031188965
0.04966306686401367
0.049577951431274414
0.059667110443115234
0.05732393264770508
0.056620121002197266
0.05824637413024902
0.05270957946777344
0.057068824768066406
0.06528401374816895
0.06726360321044922
0.05346322059631348
0.05043745040893555
0.06131720542907715
0.051261186599731445
0.056574106216430664
0.0596928596496582
0.05844426155090332
0.05758929252624512
0.05105113983154297
0.05776023864746094
0.05047345161437988
0.05785775184631348
0.572005033493042
0.06455063819885254
0.05753946304321289
0.06706118583679199
0.057517290115356445
0.05837893486022949
0.05732464790344238
0.06733155250549316
0.06181955337524414
0.06373929977416992
0.0633690357208252
0.06189870834350586
0.06888318061828613
0.05729556083679199
0.0605010986328125
0.05801701545715332
0.05755901336669922
0.05784893035888672
0.06459474563598633
0.06320953369140625
0.06471872329711914
0.056900739669799805
0.06416869163513184
0.061079978942871094
0.05759429931640625
0.05673098564147949
0.0621490478515625
0.06334924697875977
0.05744123458862305
0.06407666206359863
0.06560087203979492
0.06327939033508301
0.06252002716064453
0.05679941177368164
0.05685544013977051
0.06305694580078125
0.07786035537719727
0.058673858642578125
0.07308387756347656
0.060710906982421875
0.06371903419494629
0.07391643524169922
0.061361074447631836
0.05907464027404785
0.05733680725097656
0.06450033187866211
0.05960392951965332
0.07381010055541992
0.05742692947387695
0.061304330825805664
0.05726814270019531
0.05790567398071289
0.06515645980834961
0.05728411674499512
0.06381630897521973
0.057306528091430664
0.05809330940246582
0.06392073631286621
0.05866265296936035
0.05761551856994629
0.06347322463989258
0.05686497688293457
0.058524131774902344
0.06485867500305176
0.057599544525146484
0.05765056610107422
0.05716753005981445
0.05705595016479492
0.06334495544433594
0.06352829933166504
0.06241035461425781
0.056446075439453125
0.06934618949890137
0.05657768249511719
0.05919218063354492
0.05969882011413574
0.05832862854003906
0.05962729454040527
0.06344127655029297
0.06356143951416016
0.06494283676147461
0.06428813934326172
0.05853700637817383
0.06701087951660156
0.05906176567077637
0.06058096885681152
0.05861687660217285
0.058409929275512695
0.0578460693359375
0.06443643569946289
0.06462526321411133
0.06561779975891113
0.05769824981689453
0.05939030647277832
0.06612658500671387
0.06372189521789551
0.05809664726257324
0.06330227851867676
0.05818319320678711
0.06566429138183594
0.0648658275604248
0.05775189399719238
0.058927059173583984
0.064697265625
0.06578660011291504
0.058518171310424805
0.06427979469299316
0.05762362480163574
0.0651712417602539
0.05780291557312012
0.05845832824707031
0.061983585357666016
0.0700979232788086
0.06137585639953613
0.06730461120605469
0.06610298156738281
0.05797910690307617
0.07084035873413086
0.06371259689331055
0.06536054611206055
0.06308698654174805
0.06110191345214844
0.06372737884521484
0.05689501762390137
0.06563377380371094
0.059819698333740234
0.06423330307006836
0.0574800968170166
0.0728907585144043
0.06732535362243652
0.06386756896972656
0.06205558776855469
0.05686450004577637
0.058159828186035156
0.05768918991088867
0.06290483474731445
0.06508851051330566
0.0596468448638916
0.0735635757446289
0.06344127655029297
0.06369948387145996
0.0610048770904541
0.06275677680969238
0.06572294235229492
0.06273603439331055
0.07176899909973145
0.058313608169555664
0.0557248592376709
0.06063723564147949
0.06163597106933594
0.05584526062011719
0.05733895301818848
0.061089515686035156
0.0705862045288086
0.061020851135253906
0.06421422958374023
0.06488323211669922
0.062044382095336914
0.053737640380859375
0.05433821678161621
0.06342267990112305
0.06486940383911133
0.06039261817932129
0.06107974052429199
0.06150507926940918
0.05360746383666992
0.053551435470581055
0.054107666015625
0.06143665313720703
0.05361580848693848
0.05334281921386719
0.05894112586975098
0.06111764907836914
0.05317568778991699
0.05369758605957031
0.05181479454040527
0.053159236907958984
0.052672386169433594
0.07085037231445312
0.053983211517333984
0.06289196014404297
0.06297516822814941
0.05947375297546387
0.05871009826660156
0.059301137924194336
0.05304861068725586
0.05336475372314453
0.05256080627441406
0.062222957611083984
0.0656728744506836
0.060842275619506836
0.06020236015319824
0.06089448928833008
0.05350542068481445
0.06698846817016602
0.05272173881530762
0.05742168426513672
0.05762791633605957
0.058954715728759766
0.05149388313293457
0.05386161804199219
0.051657676696777344
0.051911354064941406
0.057486534118652344
0.05767393112182617
0.050566911697387695
0.05150771141052246
0.06402397155761719
0.052765846252441406
0.05219674110412598
0.05094456672668457
0.05684399604797363
0.06273198127746582
0.05043220520019531
0.05685019493103027
0.05089831352233887
0.06354093551635742
0.051217079162597656
0.050405025482177734
0.05769085884094238
0.05730628967285156
0.0506436824798584
0.04993796348571777
0.061249732971191406
0.05099892616271973
0.06498384475708008
0.0571894645690918
0.05112457275390625
0.050623416900634766
0.04980587959289551
0.05100655555725098
0.0563206672668457
0.04991888999938965
0.06012392044067383
0.06848907470703125
0.06002974510192871
0.05108523368835449
0.05077981948852539
0.053148746490478516
0.05147099494934082
0.05122661590576172
0.05121898651123047
0.05158710479736328
0.06237673759460449
0.05182528495788574
0.05824708938598633
0.05581212043762207
0.056890010833740234
0.05114269256591797
0.05007433891296387
0.0493474006652832
0.050174713134765625
0.058000802993774414
0.05098390579223633
0.050994873046875
0.05148911476135254
0.05058479309082031
0.05019688606262207
0.04998445510864258
0.05164003372192383
0.05067157745361328
0.055709123611450195
0.053109169006347656
0.05390620231628418
0.06285810470581055
0.05657529830932617
0.06129789352416992
0.05513906478881836
0.056638479232788086
0.05112886428833008
0.055596113204956055
0.0607304573059082
0.05108070373535156
0.050627946853637695
0.05320262908935547
0.05200076103210449
0.060602426528930664
0.057556867599487305
0.05219125747680664
0.057070255279541016
0.05685997009277344
0.05085253715515137
0.057816505432128906
0.05076909065246582
0.05755472183227539
0.05015158653259277
0.05005502700805664
0.05131649971008301
0.061686038970947266
0.05857229232788086
0.060132503509521484
0.05101728439331055
0.050583600997924805
0.05070900917053223
0.05072140693664551
0.056624650955200195
0.05165266990661621
0.05971932411193848
0.05168318748474121
0.05419659614562988
0.05394124984741211
0.05068540573120117
0.060830116271972656
0.06086897850036621
0.05386710166931152
0.05087709426879883
0.0661778450012207
0.05244135856628418
0.05399656295776367
0.05172300338745117
0.05760598182678223
0.05256295204162598
0.05295825004577637
0.059377193450927734
0.05413484573364258
0.05875277519226074
0.05909538269042969
0.05617856979370117
0.054245710372924805
0.05374026298522949
0.050623178482055664
0.05066967010498047
0.05047297477722168
0.052094459533691406
0.05496859550476074
0.05142545700073242
0.05057811737060547
0.05695509910583496
0.050931453704833984
0.05642986297607422
0.05074048042297363
0.05093693733215332
0.05032086372375488
0.06020545959472656
0.05262589454650879
0.05831503868103027
0.057430267333984375
0.05109858512878418
0.05149340629577637
0.05208444595336914
0.050516366958618164
0.05088448524475098
0.056174516677856445
0.05082869529724121
0.052884817123413086
0.05817747116088867
0.05026865005493164
0.06557655334472656
0.05506134033203125
0.04974722862243652
0.05077075958251953
0.056279659271240234
0.05239605903625488
0.05678987503051758
0.051210880279541016
0.05761909484863281
0.06497859954833984
0.056218624114990234
0.05801820755004883
0.05157589912414551
0.06756114959716797
0.05127739906311035
0.05300641059875488
0.057207584381103516
0.06931447982788086
0.05220365524291992
0.05270957946777344
0.06339311599731445
0.05063056945800781
0.06885886192321777
0.05409693717956543
0.05868387222290039
0.05992436408996582
0.05038595199584961
0.05287337303161621
0.05219531059265137
0.05196666717529297
0.05289173126220703
0.06558895111083984
0.05904030799865723
0.058530330657958984
0.05191755294799805
0.060449838638305664
0.05199718475341797
0.058235883712768555
0.054390668869018555
0.05023550987243652
0.055792808532714844
0.052995920181274414
0.05610847473144531
0.05660104751586914
0.05310511589050293
0.05562901496887207
0.05016827583312988
0.05734825134277344
0.05887198448181152
0.06571459770202637
0.061112403869628906
0.05323386192321777
0.05022621154785156
0.058994293212890625
0.05053973197937012
0.05383634567260742
0.05511140823364258
0.057108402252197266
0.055814504623413086
0.05663013458251953
0.06063055992126465
0.050803184509277344
0.052570343017578125
0.05248117446899414
0.05238914489746094
0.05228567123413086
0.0545504093170166
0.0653235912322998
0.05070376396179199
0.06004691123962402
0.050325632095336914
0.052633047103881836
0.05088090896606445
0.049536705017089844
0.05547761917114258
0.05031251907348633
0.056253671646118164
0.05111336708068848
0.05622410774230957
0.05312800407409668
0.0602266788482666
0.04996943473815918
0.05309104919433594
0.05752897262573242
0.05946803092956543
0.07820725440979004
0.06802654266357422
0.0575566291809082
0.06496882438659668
0.05604147911071777
0.06582021713256836
0.06672239303588867
0.062364816665649414
0.06173253059387207
0.05651426315307617
0.051671504974365234
0.05207228660583496
0.05074143409729004
0.05154538154602051
0.05554342269897461
0.05634164810180664
0.05138206481933594
0.05271100997924805
0.06256246566772461
0.05111956596374512
0.05384206771850586
0.05662989616394043
0.05629277229309082
0.05069255828857422
0.06013965606689453
0.05032157897949219
0.06119179725646973
0.06448483467102051
0.05328512191772461
0.051216840744018555
0.05327129364013672
0.056551218032836914
0.04947543144226074
0.05831575393676758
0.05063939094543457
0.05197858810424805
0.05781912803649902
0.051219940185546875
0.06115436553955078
0.05311131477355957
0.06641697883605957
0.05384564399719238
0.06321454048156738
0.05022025108337402
0.05971240997314453
0.05791163444519043
0.06136751174926758
0.050694942474365234
0.050411224365234375
0.05986738204956055
0.05040597915649414
0.06676673889160156
0.058350563049316406
0.05987811088562012
0.06843447685241699
0.05333757400512695
0.05636262893676758
0.05759239196777344
0.05361199378967285
0.05663871765136719
0.06373834609985352
0.04958653450012207
0.060584306716918945
0.057847023010253906
0.056829214096069336
0.05008649826049805
0.06126546859741211
0.057691097259521484
0.05586743354797363
0.0578765869140625
0.054776668548583984
0.06033444404602051
0.05617046356201172
0.05392003059387207
0.05836057662963867
0.05015754699707031
0.05619645118713379
0.05359959602355957
0.058827877044677734
0.06606936454772949
0.050847530364990234
0.061437129974365234
0.05862760543823242
0.05843186378479004
0.05864548683166504
0.06940078735351562
0.06105613708496094
0.055388689041137695
0.052756547927856445
0.050173282623291016
0.0637960433959961
0.05313420295715332
0.05329155921936035
0.05401325225830078
0.07211637496948242
0.05467700958251953
0.05234169960021973
0.05207419395446777
0.06444978713989258
0.05587172508239746
0.049378395080566406
0.04931902885437012
0.051733970642089844
0.05613374710083008
0.05640864372253418
0.056838035583496094
0.06010842323303223
0.05077242851257324
0.0568997859954834
0.05086803436279297
0.051819801330566406
0.052365779876708984
0.05736541748046875
0.05680251121520996
0.04993176460266113
0.057858943939208984
0.05037569999694824
0.05541825294494629
0.05668139457702637
0.05687260627746582
0.06229734420776367
0.053457021713256836
0.0521082878112793
0.04964160919189453
0.057073116302490234
0.0631110668182373
0.05800127983093262
0.05423712730407715
0.05322575569152832
0.056255340576171875
0.05238699913024902
0.06665325164794922
0.056056976318359375
0.05761551856994629
0.05297970771789551
0.06275153160095215
0.057439565658569336
0.07075262069702148
0.05831742286682129
0.052083730697631836
0.05813717842102051
0.05808520317077637
0.04922056198120117
0.04934120178222656
0.06509613990783691
0.05365586280822754
0.05619406700134277
0.05710101127624512
0.05128979682922363
0.05191469192504883
0.05550551414489746
0.05181312561035156
0.05122637748718262
0.05762672424316406
0.05733370780944824
0.05322694778442383
0.05074286460876465
0.060289859771728516
0.06304764747619629
0.05237126350402832
0.056088924407958984
0.049924612045288086
0.05751395225524902
0.05280041694641113
0.06362223625183105
0.05217099189758301
0.05254364013671875
0.05602145195007324
0.05209946632385254
0.05750417709350586
0.050452232360839844
0.05798912048339844
0.05266714096069336
0.05296730995178223
0.053359031677246094
0.0585942268371582
0.06198740005493164
0.05553388595581055
0.05583810806274414
0.05730557441711426
0.05755758285522461
0.06545162200927734
0.053658246994018555
0.050408124923706055
0.05570197105407715
0.051314353942871094
0.05602836608886719
0.04979419708251953
0.05015873908996582
0.061629295349121094
0.051285505294799805
0.053029537200927734
0.05041790008544922
0.05561995506286621
0.050260066986083984
0.06011080741882324
0.04970264434814453
0.050047874450683594
0.058138132095336914
0.06673860549926758
0.053366661071777344
0.050829172134399414
0.05667686462402344
0.052202701568603516
0.055135488510131836
0.05245161056518555
0.05069875717163086
0.06104254722595215
0.06574177742004395
0.06457662582397461
0.056175947189331055
0.05751776695251465
0.058881282806396484
0.05580949783325195
0.06254839897155762
0.05044198036193848
0.06299757957458496
0.06141543388366699
0.058229923248291016
0.050653696060180664
0.057466983795166016
0.05232810974121094
0.056185245513916016
0.05191183090209961
0.050302982330322266
0.05566906929016113
0.05988311767578125
0.061491966247558594
0.06945228576660156
0.055677175521850586
0.06327652931213379
0.059528350830078125
0.053026676177978516
0.06073451042175293
0.06094551086425781
0.05289149284362793
0.06461644172668457
0.06160259246826172
0.05706214904785156
0.052229881286621094
0.05597043037414551
0.04903221130371094
0.05349588394165039
0.06152224540710449
0.05057334899902344
0.049799442291259766
0.057695865631103516
0.059854984283447266
0.04975152015686035
0.05744647979736328
0.0542905330657959
0.05034208297729492
0.05791616439819336
0.05093026161193848
0.0534062385559082
0.05212688446044922
0.0500645637512207
0.053328752517700195
0.049541473388671875
0.051621198654174805
0.0575566291809082
0.06958341598510742
0.05658459663391113
0.056604623794555664
0.05064892768859863
0.05238080024719238
0.04976296424865723
0.05192375183105469
0.049463748931884766
0.05586981773376465
0.0583038330078125
0.05660390853881836
0.05339956283569336
0.05688929557800293
0.0552678108215332
0.05241131782531738
0.05034041404724121
0.049875736236572266
0.06018495559692383
0.05940723419189453
0.0531771183013916
0.05629754066467285
0.060201406478881836
0.050676584243774414
0.05769610404968262
0.05609703063964844
0.06498956680297852
0.05071520805358887
0.07230162620544434
0.05143928527832031
0.06150984764099121
0.056360721588134766
0.06087160110473633
0.06309914588928223
0.06009316444396973
0.05204606056213379
0.05765843391418457
0.06402397155761719
0.06629371643066406
0.05984926223754883
0.05400228500366211
0.0590057373046875
0.059079885482788086
0.05263829231262207
0.04987812042236328
0.05467939376831055
0.05701017379760742
0.053177595138549805
0.05696606636047363
0.06942939758300781
0.06867551803588867
0.05324435234069824
0.05248737335205078
0.05404496192932129
0.04994821548461914
0.05556607246398926
0.05715489387512207
0.05842256546020508
0.05304098129272461
0.05068087577819824
0.05260038375854492
0.05573701858520508
0.0609126091003418
0.05385231971740723
0.06555533409118652
0.06814765930175781
0.05281329154968262
0.056385040283203125
0.05826115608215332
0.05279207229614258
0.05020475387573242
0.0656735897064209
0.056176185607910156
0.058411359786987305
0.0549929141998291
0.05338692665100098
0.0534367561340332
0.04943490028381348
0.055032968521118164
0.06270384788513184
0.05303072929382324
0.05927085876464844
0.061383962631225586
0.05833625793457031
0.05070042610168457
0.06980586051940918
0.05803990364074707
0.06017494201660156
0.05574750900268555
0.0555722713470459
0.06190037727355957
0.06027674674987793
0.05278301239013672
0.06698036193847656
0.058428049087524414
0.05588269233703613
0.06027793884277344
0.04996967315673828
0.06039595603942871
0.05203533172607422
0.055762290954589844
0.05737757682800293
0.06065797805786133
0.05826592445373535
0.05819129943847656
0.05534720420837402
0.061443328857421875
0.05845928192138672
0.05261087417602539
0.05664873123168945
0.061194658279418945
0.05117511749267578
0.05355978012084961
0.05719494819641113
0.05076885223388672
0.0539250373840332
0.05011868476867676
0.05044269561767578
