              precision    recall  f1-score   support

           0       0.93      1.00      0.96       237
           1       1.00      1.00      1.00       596
           2       0.97      0.91      0.94       294
           3       1.00      0.93      0.97       311
           4       0.94      1.00      0.97       466
           5       0.94      0.95      0.95       618
           6       0.98      0.97      0.97       242
           7       0.97      0.95      0.96       655

    accuracy                           0.97      3419
   macro avg       0.97      0.96      0.96      3419
weighted avg       0.97      0.97      0.97      3419

