2.0283217430114746
0.07188057899475098
0.06304025650024414
0.07038688659667969
0.053083181381225586
0.056082963943481445
0.05898690223693848
0.05606651306152344
0.05160880088806152
0.06272578239440918
0.06038260459899902
0.05460000038146973
0.06197357177734375
0.05585169792175293
0.05460643768310547
0.059842586517333984
0.054523468017578125
0.052593231201171875
0.0528562068939209
0.06184840202331543
0.06109213829040527
0.05149960517883301
0.05181694030761719
0.051581382751464844
0.058153390884399414
0.059983015060424805
0.05141496658325195
0.05260324478149414
0.05291175842285156
0.05251431465148926
0.05356717109680176
0.05524730682373047
0.05103158950805664
0.06679892539978027
0.052207231521606445
0.0524442195892334
0.05248761177062988
0.052978515625
0.051291704177856445
0.052939653396606445
0.05125570297241211
0.06066751480102539
0.06305074691772461
0.05232381820678711
0.059287309646606445
0.051910400390625
0.05138111114501953
0.051833152770996094
0.05190157890319824
0.0511472225189209
0.051863908767700195
0.06324982643127441
0.05931973457336426
0.05990743637084961
0.06244921684265137
0.05572152137756348
0.061506032943725586
0.05480527877807617
0.050698041915893555
0.050887107849121094
0.059503793716430664
0.05329394340515137
0.052706003189086914
0.053293704986572266
0.050566911697387695
0.05282115936279297
0.05102872848510742
0.051285743713378906
0.06583929061889648
0.07104134559631348
0.05776071548461914
0.052146196365356445
0.05328106880187988
0.051332712173461914
0.05114126205444336
0.05225110054016113
0.051666259765625
0.05137491226196289
0.057472944259643555
0.0526585578918457
0.05965089797973633
0.05132174491882324
0.051595211029052734
0.0518343448638916
0.051880598068237305
0.05157136917114258
0.05726265907287598
0.06525182723999023
0.05619335174560547
0.05775785446166992
0.05201554298400879
0.05177140235900879
0.051450252532958984
0.061017513275146484
0.05247139930725098
0.05140352249145508
0.05761909484863281
0.059474945068359375
0.05214428901672363
0.05161595344543457
0.051148176193237305
0.05730462074279785
0.061147212982177734
0.05333423614501953
0.05704307556152344
0.06491303443908691
0.052816152572631836
0.05971097946166992
0.05590677261352539
0.051360368728637695
0.058762311935424805
0.05198264122009277
0.05115914344787598
0.05902504920959473
0.057459354400634766
0.05216693878173828
0.05209779739379883
0.05706930160522461
0.05994415283203125
0.0589902400970459
0.051433563232421875
0.06075596809387207
0.05617976188659668
0.05826425552368164
0.05288577079772949
0.05206608772277832
0.05214643478393555
0.05145692825317383
0.05150771141052246
0.05115795135498047
0.05125689506530762
0.05687570571899414
0.0646202564239502
0.05205965042114258
0.05139422416687012
0.05151104927062988
0.05188441276550293
0.051485300064086914
0.05717945098876953
0.051108360290527344
0.05103754997253418
0.0573117733001709
0.051984548568725586
0.05177164077758789
0.05169057846069336
0.05238771438598633
0.05196666717529297
0.053735971450805664
0.05770277976989746
0.052078962326049805
0.07008981704711914
0.05346798896789551
0.059884071350097656
0.05222153663635254
0.05597805976867676
0.06281018257141113
0.06821608543395996
0.05497026443481445
0.05449676513671875
0.060445308685302734
0.05579018592834473
0.05234837532043457
0.05946207046508789
0.051481008529663086
0.05219888687133789
0.05900979042053223
0.05156564712524414
0.05145716667175293
0.056937217712402344
0.05236983299255371
0.05217623710632324
0.05120587348937988
0.054999351501464844
0.05882883071899414
0.06678485870361328
0.0800619125366211
0.05118155479431152
0.05870771408081055
0.05236482620239258
0.051843881607055664
0.05159139633178711
0.05186581611633301
0.0513310432434082
0.051558732986450195
0.051126956939697266
0.05122661590576172
0.0568540096282959
0.05210304260253906
0.05200314521789551
0.05182290077209473
0.05163693428039551
0.05139613151550293
0.051383256912231445
0.05138826370239258
0.057164669036865234
0.05790305137634277
0.06748366355895996
0.05992007255554199
0.05194592475891113
0.05118918418884277
0.05482959747314453
0.0541532039642334
0.051601409912109375
0.05157303810119629
0.057798147201538086
0.05231952667236328
0.05182337760925293
0.052263736724853516
0.05185437202453613
0.05852007865905762
0.058469295501708984
0.05137276649475098
0.05168271064758301
0.06530427932739258
0.05387568473815918
0.05181455612182617
0.05217242240905762
0.05245828628540039
0.05688023567199707
0.05240273475646973
0.051848649978637695
0.05196952819824219
0.057852983474731445
0.058480262756347656
0.05319690704345703
0.05211949348449707
0.05207204818725586
0.05227017402648926
0.059230804443359375
0.05128002166748047
0.051485538482666016
0.05751633644104004
0.052530527114868164
0.05961489677429199
0.052527666091918945
0.051531076431274414
0.05943107604980469
0.05161714553833008
0.051194190979003906
0.05512809753417969
0.05790352821350098
0.052854299545288086
0.05219531059265137
0.05227470397949219
0.05188775062561035
0.05932140350341797
0.05953097343444824
0.051525115966796875
0.052399635314941406
0.0629119873046875
0.05266714096069336
0.052659034729003906
0.0588536262512207
0.06098604202270508
0.051991939544677734
0.061200857162475586
0.05879807472229004
0.0568852424621582
0.05731916427612305
0.06901216506958008
0.05254864692687988
0.05215096473693848
0.0519258975982666
0.05930352210998535
0.050745248794555664
0.051927804946899414
0.05664873123168945
0.05717968940734863
0.05256986618041992
0.052585601806640625
0.05217719078063965
0.05290961265563965
0.05192255973815918
0.06640863418579102
0.05273723602294922
0.05214571952819824
0.06122279167175293
0.05305647850036621
0.05963587760925293
0.05229353904724121
0.05251502990722656
0.05206775665283203
0.05133509635925293
0.051918983459472656
0.05233049392700195
0.05783843994140625
0.05246114730834961
0.058173179626464844
0.0587003231048584
0.05075860023498535
0.05923008918762207
0.051085710525512695
0.060849905014038086
0.05301022529602051
0.058042049407958984
0.05344653129577637
0.05257439613342285
0.06827616691589355
0.05711174011230469
0.058278799057006836
0.052988529205322266
0.05788111686706543
0.051423072814941406
0.05730080604553223
0.058270931243896484
0.05186915397644043
0.05677437782287598
0.050429582595825195
0.053128957748413086
0.056481361389160156
0.05001473426818848
0.05174732208251953
0.06358957290649414
0.057738542556762695
0.05133962631225586
0.05115199089050293
0.053226470947265625
0.058899879455566406
0.05344033241271973
0.051038503646850586
0.05704236030578613
0.057657480239868164
0.05217623710632324
0.05183982849121094
0.05415773391723633
0.05208110809326172
0.051743507385253906
0.0515594482421875
0.06072711944580078
0.05982398986816406
0.05784440040588379
0.05264735221862793
0.051859140396118164
0.05307936668395996
0.05131888389587402
0.05187726020812988
0.051688194274902344
0.05897712707519531
0.05668497085571289
0.05740094184875488
0.05247044563293457
0.052271366119384766
0.05202960968017578
0.05143332481384277
0.051435232162475586
0.05168032646179199
0.05144190788269043
0.051642656326293945
0.06653165817260742
0.05427360534667969
0.05163311958312988
0.05219578742980957
0.05097365379333496
0.051711082458496094
0.05144500732421875
0.05134439468383789
0.051183462142944336
0.0636746883392334
0.05244159698486328
0.051781415939331055
0.051908016204833984
0.0516514778137207
0.052001953125
0.05921530723571777
0.05213046073913574
0.05114173889160156
0.06492114067077637
0.052248477935791016
0.052680253982543945
0.05262160301208496
0.052010536193847656
0.05121564865112305
0.05139946937561035
0.051439523696899414
0.051346540451049805
0.06895256042480469
0.05413627624511719
0.051926374435424805
0.05191969871520996
0.05207538604736328
0.05203890800476074
0.05174064636230469
0.051175594329833984
0.052496910095214844
0.058259010314941406
0.05333995819091797
0.052892208099365234
0.05304574966430664
0.052257537841796875
0.05203962326049805
0.05214285850524902
0.051280975341796875
0.051409244537353516
0.05745053291320801
0.05509209632873535
0.05176210403442383
0.051592111587524414
0.05166506767272949
0.05111503601074219
0.05181884765625
0.0512843132019043
0.05793333053588867
0.057706594467163086
0.05220842361450195
0.051685333251953125
0.051993370056152344
0.051637887954711914
0.051416635513305664
0.05339646339416504
0.05170726776123047
0.051763057708740234
0.0573732852935791
0.053025245666503906
0.05232739448547363
0.052347660064697266
0.053041934967041016
0.05205678939819336
0.05429863929748535
0.06085824966430664
0.0626380443572998
0.06643176078796387
0.05367732048034668
0.05219411849975586
0.0519261360168457
0.05353260040283203
0.0519256591796875
0.05940556526184082
0.06381535530090332
0.050568580627441406
0.05782771110534668
0.05790567398071289
0.05176806449890137
0.05161309242248535
0.05066347122192383
0.05298328399658203
0.05175518989562988
0.050313711166381836
0.05049490928649902
0.05707097053527832
0.051564931869506836
0.051947832107543945
0.051728248596191406
0.05159807205200195
0.05091500282287598
0.051096439361572266
0.05315089225769043
0.05108952522277832
0.05709576606750488
0.05790138244628906
0.05175614356994629
0.05217766761779785
0.057004690170288086
0.051683902740478516
0.05203652381896973
0.0512089729309082
0.05309915542602539
0.06649255752563477
0.06233835220336914
0.05242562294006348
0.05255603790283203
0.05162501335144043
0.05149674415588379
0.06783938407897949
0.05225563049316406
0.0541079044342041
0.06401443481445312
0.05122256278991699
0.0587773323059082
0.0570521354675293
0.05093097686767578
0.051407575607299805
0.05195498466491699
0.05151939392089844
0.0517117977142334
0.057363271713256836
0.0611572265625
0.06013894081115723
0.05150723457336426
0.05098867416381836
0.05098772048950195
0.05121898651123047
0.05204510688781738
0.05695915222167969
0.06735515594482422
0.05278491973876953
0.05158519744873047
0.05177187919616699
0.051363229751586914
0.05037355422973633
0.05115389823913574
0.05086493492126465
0.050911664962768555
0.0572657585144043
0.052523136138916016
0.05240273475646973
0.05176997184753418
0.05158829689025879
0.051657676696777344
0.05186891555786133
0.05254769325256348
0.05156588554382324
0.0571751594543457
0.05232548713684082
0.059540510177612305
0.05688738822937012
0.05111098289489746
0.05096626281738281
0.060272932052612305
0.051804304122924805
0.05362510681152344
0.05714607238769531
0.059464454650878906
0.05066490173339844
0.05140042304992676
0.05103445053100586
0.05077195167541504
0.05798935890197754
0.05698990821838379
0.056909799575805664
0.06475830078125
0.06833958625793457
0.05578494071960449
0.05182242393493652
0.05089831352233887
0.051372528076171875
0.051932334899902344
0.058795928955078125
0.05112648010253906
0.058298349380493164
0.05236101150512695
0.05150103569030762
0.05063343048095703
0.051334381103515625
0.051795005798339844
0.051831960678100586
0.05814361572265625
0.05148744583129883
0.05678200721740723
0.05275893211364746
0.051908254623413086
0.05154561996459961
0.05093812942504883
0.05180811882019043
0.05693387985229492
0.05061912536621094
0.05050086975097656
0.062116146087646484
0.05205559730529785
0.051834821701049805
0.059027910232543945
0.05186295509338379
0.060480356216430664
0.050826311111450195
0.05792546272277832
0.05624222755432129
0.05652666091918945
0.05280780792236328
0.0524134635925293
0.05185437202453613
0.05211758613586426
0.05190443992614746
0.051590681076049805
0.05169987678527832
0.05783247947692871
0.05727505683898926
0.05218005180358887
0.05238008499145508
0.05179119110107422
0.05131340026855469
0.05135846138000488
0.05225396156311035
0.05108189582824707
0.05101442337036133
0.056860923767089844
0.05226469039916992
0.05194997787475586
0.05088233947753906
0.051544904708862305
0.051253318786621094
0.0514523983001709
0.05149483680725098
0.05099892616271973
0.05722618103027344
0.05354642868041992
0.05179119110107422
0.060773611068725586
0.051470041275024414
0.06091594696044922
0.05136513710021973
0.05103635787963867
0.05126142501831055
0.057082414627075195
0.05232119560241699
0.051926612854003906
0.0514376163482666
0.051328182220458984
0.052538394927978516
0.05129075050354004
0.051187753677368164
0.05982470512390137
0.05685710906982422
0.059377431869506836
0.05181550979614258
0.05143547058105469
0.05277705192565918
0.05170321464538574
0.05276131629943848
0.05325174331665039
0.05187559127807617
0.057042598724365234
0.05269908905029297
0.052160024642944336
0.05268669128417969
0.051480770111083984
0.051308393478393555
0.051169395446777344
0.05103158950805664
0.05690765380859375
0.06288909912109375
0.06017160415649414
0.052594900131225586
0.05209827423095703
0.05128979682922363
0.05078840255737305
0.05834698677062988
0.05089926719665527
0.05091691017150879
0.05691170692443848
0.052260398864746094
0.051367759704589844
0.058396339416503906
0.052265167236328125
0.05214500427246094
0.05088520050048828
0.05238842964172363
0.06093430519104004
0.06031632423400879
0.05813479423522949
0.05160117149353027
0.051828861236572266
0.05123496055603027
0.0520172119140625
0.06057095527648926
0.05122804641723633
0.06608963012695312
0.06007218360900879
0.06012892723083496
0.05131340026855469
0.05190300941467285
0.05166506767272949
0.05340933799743652
0.05151939392089844
0.051137447357177734
0.05089592933654785
0.05659198760986328
0.05879616737365723
0.061231374740600586
0.05342435836791992
0.05121040344238281
0.0507662296295166
0.051102638244628906
0.06017637252807617
0.06046295166015625
0.06649255752563477
0.052430152893066406
0.05380725860595703
0.05050396919250488
0.05175423622131348
0.06497001647949219
0.05959963798522949
0.0509645938873291
0.05786919593811035
0.056249141693115234
0.05447030067443848
0.06552386283874512
0.05215048789978027
0.05031394958496094
0.05916905403137207
0.04998135566711426
0.05135750770568848
0.05041360855102539
0.05751323699951172
0.05056047439575195
0.051079750061035156
0.05709481239318848
0.05084657669067383
0.05116629600524902
0.05122852325439453
0.05083441734313965
0.05148792266845703
0.056423187255859375
0.05167508125305176
0.05206894874572754
0.052141666412353516
0.05133414268493652
0.051152706146240234
0.05218219757080078
0.05875706672668457
0.05324864387512207
0.07284331321716309
0.052259206771850586
0.051981210708618164
0.053964853286743164
0.05154585838317871
0.051241397857666016
0.05162978172302246
0.051421403884887695
0.06108283996582031
0.057782888412475586
0.05343770980834961
0.05214500427246094
0.05210685729980469
0.05212259292602539
0.05219435691833496
0.05165362358093262
0.052150726318359375
0.05236220359802246
0.05775141716003418
0.05313301086425781
0.05971193313598633
0.0589752197265625
0.05170130729675293
0.0514066219329834
0.05880594253540039
0.051665306091308594
0.057152509689331055
0.07674932479858398
0.053229570388793945
0.059639930725097656
0.05460166931152344
0.06107521057128906
0.05447983741760254
0.0536346435546875
0.053391218185424805
0.05355095863342285
0.059587955474853516
0.05452322959899902
0.054254770278930664
0.05413103103637695
0.054343461990356445
0.06033635139465332
0.06046628952026367
0.05735421180725098
0.06039762496948242
0.06066083908081055
0.0523228645324707
0.05323290824890137
0.051238059997558594
0.05117392539978027
0.05182218551635742
0.05159735679626465
0.051268815994262695
0.051526546478271484
0.06277680397033691
0.05238533020019531
0.05267763137817383
0.05141162872314453
0.05131983757019043
0.05112504959106445
0.051242828369140625
0.05080056190490723
0.051129817962646484
0.0569610595703125
0.05232095718383789
0.059436798095703125
0.0519411563873291
0.05146050453186035
0.05948519706726074
0.05195736885070801
0.05729842185974121
0.05147576332092285
0.05760312080383301
0.05198812484741211
0.05169200897216797
0.05159807205200195
0.051543474197387695
0.059783220291137695
0.05247020721435547
0.05123114585876465
0.05879688262939453
0.06454920768737793
0.052077531814575195
0.05400705337524414
0.05283927917480469
0.052336931228637695
0.05228233337402344
0.05231761932373047
0.05284428596496582
0.05203509330749512
0.05875277519226074
0.05272960662841797
0.05229067802429199
0.052039384841918945
0.05192232131958008
0.05131173133850098
0.05151510238647461
0.05911612510681152
0.05139899253845215
0.07327580451965332
0.059787750244140625
0.0514826774597168
0.05838775634765625
0.060521602630615234
0.05172109603881836
0.05159163475036621
0.05123710632324219
0.05096101760864258
0.057146549224853516
0.05216646194458008
0.05222892761230469
0.058838605880737305
0.051085710525512695
0.05111193656921387
0.05150794982910156
0.05166769027709961
0.05103015899658203
0.05762982368469238
0.05234074592590332
0.051201581954956055
0.05174088478088379
0.060454368591308594
0.05086040496826172
0.051235198974609375
0.05760502815246582
0.050943851470947266
0.05680537223815918
0.05715131759643555
0.051786184310913086
0.05132484436035156
0.05128931999206543
0.05129384994506836
0.05171704292297363
0.05077171325683594
0.054079294204711914
0.0594789981842041
0.05636954307556152
0.05183529853820801
0.051532745361328125
0.05176687240600586
0.05183553695678711
0.05178546905517578
0.05364227294921875
0.05153846740722656
0.057259559631347656
0.05283069610595703
0.05202341079711914
0.0517582893371582
0.051610469818115234
0.051415205001831055
0.0519404411315918
0.051999568939208984
0.05149960517883301
0.06689023971557617
0.4239180088043213
0.057591915130615234
0.06253933906555176
0.05611133575439453
0.05658888816833496
0.06314301490783691
0.057037353515625
0.05711221694946289
0.0558474063873291
0.06385564804077148
0.05657362937927246
0.05615353584289551
0.0565495491027832
0.05573606491088867
0.05610513687133789
0.061836957931518555
0.054791927337646484
0.05545783042907715
0.0616459846496582
0.05593252182006836
0.05523681640625
0.05542755126953125
0.05658721923828125
0.05491065979003906
0.05441474914550781
0.053498268127441406
0.06936264038085938
0.06870341300964355
0.05472373962402344
0.05472397804260254
0.05465054512023926
0.06210947036743164
0.06249499320983887
0.05850410461425781
0.05267167091369629
0.057575225830078125
0.06731510162353516
0.0532684326171875
0.05209517478942871
0.05205392837524414
0.052503108978271484
0.0599370002746582
0.05913114547729492
0.05225872993469238
0.05446624755859375
0.0693216323852539
0.05414175987243652
0.05265998840332031
0.06022191047668457
0.05243802070617676
0.051462650299072266
0.05173373222351074
0.0524749755859375
0.05205130577087402
0.0585932731628418
0.05295443534851074
0.05235719680786133
0.05227303504943848
0.05226421356201172
0.05208015441894531
0.05180001258850098
0.051682233810424805
0.0597226619720459
0.057460784912109375
0.05246782302856445
0.052080392837524414
0.05181717872619629
0.05806994438171387
0.05872392654418945
0.05973982810974121
0.058904170989990234
0.05205392837524414
0.057399749755859375
0.05430412292480469
0.05835127830505371
0.05155825614929199
0.05174589157104492
0.05223965644836426
0.0670771598815918
0.05348396301269531
0.05690336227416992
0.05657505989074707
0.05175924301147461
0.051444053649902344
0.058530569076538086
0.05187487602233887
0.051223039627075195
0.0510103702545166
0.05803203582763672
0.05201244354248047
0.06389808654785156
0.053063392639160156
0.051691532135009766
0.05105447769165039
0.05151772499084473
0.05125093460083008
0.05110502243041992
0.05108189582824707
0.05667400360107422
0.05672407150268555
0.05211949348449707
0.05166339874267578
0.05198073387145996
0.051520347595214844
0.06259346008300781
0.06723546981811523
0.06888628005981445
0.0588226318359375
0.05849933624267578
0.056926727294921875
0.059871673583984375
0.053366661071777344
0.05370759963989258
0.05889701843261719
0.0536954402923584
0.053769588470458984
0.052912235260009766
0.059235334396362305
0.05465364456176758
0.05413103103637695
0.05387616157531738
0.06012749671936035
0.0559234619140625
0.05667448043823242
0.05083489418029785
0.051854848861694336
0.056589365005493164
0.05189156532287598
0.050934553146362305
0.05324745178222656
0.05092787742614746
0.050546884536743164
0.05080580711364746
0.0504000186920166
0.0604250431060791
0.06553864479064941
0.059156179428100586
0.05720973014831543
0.05122113227844238
0.05051565170288086
0.05060553550720215
0.05439305305480957
0.06032586097717285
0.05823326110839844
0.0559086799621582
0.05137324333190918
0.0507655143737793
0.050633907318115234
0.05090832710266113
0.05047488212585449
0.05807900428771973
0.05070948600769043
0.05634140968322754
0.0567326545715332
0.051757097244262695
0.0511319637298584
0.050647735595703125
0.051018714904785156
0.050820350646972656
0.050832271575927734
0.05080103874206543
0.05037331581115723
0.05643868446350098
0.051212310791015625
0.051421403884887695
0.05159759521484375
0.04991745948791504
0.05846858024597168
0.06468009948730469
0.05865597724914551
0.05782270431518555
0.06134533882141113
0.06079435348510742
0.05970287322998047
0.050772666931152344
0.04966998100280762
0.05036306381225586
0.05106997489929199
0.051815032958984375
0.055200815200805664
0.06464028358459473
0.058418989181518555
0.05089974403381348
0.05071830749511719
0.05130147933959961
0.050431013107299805
0.050330162048339844
0.05642962455749512
0.050035715103149414
0.062032461166381836
0.05183076858520508
0.05815935134887695
0.05910301208496094
0.058077335357666016
0.04979300498962402
0.052565813064575195
0.05598735809326172
0.056337833404541016
0.05927634239196777
0.05232524871826172
0.05794119834899902
0.05127286911010742
0.05110025405883789
0.05065321922302246
0.058161020278930664
0.05933380126953125
0.051908254623413086
0.05623483657836914
0.051732778549194336
0.05469679832458496
0.05080389976501465
0.05074810981750488
0.06032085418701172
0.0596771240234375
0.05538511276245117
0.05949974060058594
0.05751919746398926
0.05198311805725098
0.051065921783447266
0.05121636390686035
0.05929970741271973
0.06015896797180176
0.060146331787109375
0.051642656326293945
0.05219244956970215
0.056223392486572266
0.05172371864318848
0.05040311813354492
0.05973625183105469
0.06189155578613281
0.05857253074645996
0.05605149269104004
0.05322718620300293
0.0496978759765625
0.0560460090637207
0.05137920379638672
0.051103830337524414
0.051549434661865234
0.05889439582824707
0.05118393898010254
0.05083727836608887
0.05968952178955078
0.052439212799072266
0.05608773231506348
0.0615077018737793
0.05486249923706055
0.05105781555175781
0.05788397789001465
0.050940752029418945
0.049881696701049805
0.05104541778564453
0.04961824417114258
0.06372261047363281
0.05160951614379883
0.05867719650268555
0.05033230781555176
0.05157017707824707
0.0509648323059082
0.051145315170288086
0.05100750923156738
0.05086350440979004
0.06566500663757324
0.05189871788024902
0.05095386505126953
0.051068782806396484
0.05072140693664551
0.05655097961425781
0.050801753997802734
0.0574495792388916
0.05020308494567871
0.056101083755493164
0.06057858467102051
0.06257176399230957
0.0514063835144043
0.05166363716125488
0.05151677131652832
0.05097246170043945
0.05106019973754883
0.05731010437011719
0.05606412887573242
0.05181097984313965
0.05082583427429199
0.05773043632507324
0.051583051681518555
0.05040907859802246
0.05401420593261719
0.05039620399475098
0.05079841613769531
0.056478023529052734
0.05145001411437988
0.05690169334411621
0.051025390625
0.05123472213745117
0.05092263221740723
0.05055665969848633
0.05139565467834473
0.05023932456970215
0.05608725547790527
0.05137133598327637
0.0521550178527832
0.05764889717102051
0.05107402801513672
0.05836653709411621
0.05063486099243164
0.05066108703613281
0.055861473083496094
0.055741071701049805
0.051705360412597656
0.059766292572021484
0.05433917045593262
0.05202674865722656
0.05921363830566406
0.05996847152709961
0.055304527282714844
0.050356149673461914
0.06831932067871094
0.052523136138916016
0.051778316497802734
0.06016683578491211
0.05120253562927246
0.049859046936035156
0.049980878829956055
0.050673484802246094
0.05033302307128906
0.05712175369262695
0.05201315879821777
0.051802635192871094
0.05163860321044922
0.05161881446838379
0.05092358589172363
0.051172494888305664
0.05673074722290039
0.05069327354431152
0.056653499603271484
0.0519406795501709
0.051526784896850586
0.051857948303222656
0.05351567268371582
0.05818510055541992
0.0505220890045166
0.051026105880737305
0.050581932067871094
0.06270599365234375
0.0517425537109375
0.05904364585876465
0.051589250564575195
0.05162954330444336
0.05061769485473633
0.0509641170501709
0.0514528751373291
0.05030012130737305
0.05618691444396973
0.051668405532836914
0.05097627639770508
0.05138659477233887
0.05151939392089844
0.0509488582611084
0.050466060638427734
0.05129742622375488
0.06546711921691895
0.05814242362976074
0.05170249938964844
0.05194354057312012
0.050833702087402344
0.053174734115600586
0.05840921401977539
0.05877327919006348
0.0512998104095459
0.05025625228881836
0.056849002838134766
0.05227065086364746
0.05167531967163086
0.0573422908782959
0.05203557014465332
0.05099678039550781
0.050946950912475586
0.05816245079040527
0.05052065849304199
0.056845903396606445
0.0520477294921875
0.05126380920410156
0.06495833396911621
0.05953216552734375
0.05231523513793945
0.05010676383972168
0.0511784553527832
0.05203413963317871
0.05602240562438965
0.05143117904663086
0.05020713806152344
0.05191302299499512
0.05128669738769531
0.05295825004577637
0.05110454559326172
0.051328182220458984
0.05059552192687988
0.056780338287353516
0.05771470069885254
0.05892014503479004
0.051891326904296875
0.051554203033447266
0.05237555503845215
0.05026578903198242
0.05138754844665527
0.05142831802368164
0.056708335876464844
0.05952000617980957
0.051728010177612305
0.051553964614868164
0.0512080192565918
0.05086183547973633
0.05066275596618652
0.05131030082702637
0.051164865493774414
0.06329083442687988
0.052542686462402344
0.0517125129699707
0.05137348175048828
0.05218219757080078
0.05051851272583008
0.05033063888549805
0.0574948787689209
0.0549466609954834
0.06414008140563965
0.052091360092163086
0.05164599418640137
0.05132126808166504
0.051303863525390625
0.05053091049194336
0.050585269927978516
0.050958871841430664
0.059496164321899414
0.0670015811920166
0.0524139404296875
0.05144143104553223
0.051011085510253906
0.05146908760070801
0.05661463737487793
0.05038642883300781
0.05100417137145996
0.05332469940185547
0.05637860298156738
0.05189108848571777
0.05121731758117676
0.05138754844665527
0.06499457359313965
0.06615304946899414
0.05479741096496582
0.06746530532836914
0.05368494987487793
0.05556821823120117
0.06590771675109863
0.06209540367126465
0.05627703666687012
0.05669403076171875
0.05016684532165527
0.05715775489807129
0.050240516662597656
0.051436424255371094
0.056748390197753906
0.05102109909057617
0.0503087043762207
0.05901765823364258
0.051519155502319336
0.05795454978942871
0.05794358253479004
0.05133843421936035
0.05136847496032715
0.06719803810119629
0.05943799018859863
0.05113506317138672
0.05135059356689453
0.0507352352142334
0.0510563850402832
0.05061697959899902
0.05094456672668457
0.04991459846496582
0.0634317398071289
0.06821107864379883
0.05606698989868164
0.050795555114746094
0.05605792999267578
0.05070090293884277
0.050435781478881836
0.05613970756530762
0.05045270919799805
0.05575060844421387
0.05183863639831543
0.051343441009521484
0.050810813903808594
0.05063581466674805
0.05088043212890625
0.05426836013793945
0.05096077919006348
0.05042076110839844
0.056157588958740234
0.05115461349487305
0.05121302604675293
0.050847768783569336
0.05145263671875
0.057796478271484375
0.05068063735961914
0.052538394927978516
0.06578779220581055
0.06601905822753906
0.05536627769470215
0.06013345718383789
0.05172562599182129
0.051355838775634766
0.050464630126953125
0.052312374114990234
0.05080723762512207
0.056532859802246094
0.06365752220153809
0.05209779739379883
0.05844831466674805
0.051557302474975586
0.05501961708068848
0.05067133903503418
0.050788164138793945
0.0509185791015625
0.05066227912902832
0.05664515495300293
0.052074432373046875
0.05148911476135254
0.05114412307739258
0.05132913589477539
0.05162310600280762
0.051087379455566406
0.05114340782165527
0.05066561698913574
0.05683135986328125
0.05236315727233887
0.05163884162902832
0.05845284461975098
0.05204272270202637
0.05106806755065918
0.056797027587890625
0.05055117607116699
0.05593299865722656
0.06331324577331543
0.05243825912475586
0.052010297775268555
0.05102276802062988
0.05143094062805176
0.05119824409484863
0.05787038803100586
0.0511775016784668
0.05691719055175781
0.06365966796875
0.051431894302368164
0.05612635612487793
0.05105471611022949
0.05061221122741699
0.05180835723876953
0.05044054985046387
0.05128145217895508
0.05088067054748535
0.056249380111694336
0.05884885787963867
0.05299568176269531
0.05187392234802246
0.051142215728759766
0.05108022689819336
0.0597071647644043
0.05647873878479004
0.058466196060180664
0.0651695728302002
0.057123422622680664
0.050731658935546875
0.05762624740600586
0.05156254768371582
0.05056047439575195
0.05105185508728027
0.05068039894104004
0.057741403579711914
0.05650639533996582
0.052530527114868164
0.05179238319396973
0.05131411552429199
0.05132436752319336
0.056509971618652344
0.06519722938537598
0.05485033988952637
0.050177812576293945
0.05644059181213379
0.05124378204345703
0.05815887451171875
0.05680513381958008
0.05076432228088379
0.04993295669555664
0.05089998245239258
0.0504908561706543
0.05640220642089844
0.06292128562927246
0.05154728889465332
0.06726336479187012
0.05965876579284668
0.06389522552490234
0.05359482765197754
0.05095243453979492
0.06175732612609863
0.0525202751159668
0.058614492416381836
0.05186629295349121
0.05874323844909668
0.05171990394592285
0.053763628005981445
0.05931568145751953
0.054161787033081055
0.05357098579406738
0.05594277381896973
0.058855295181274414
0.054549455642700195
0.058298587799072266
0.050760507583618164
0.056242942810058594
0.050787925720214844
0.05804920196533203
0.05595588684082031
0.05066990852355957
0.05846881866455078
0.051999568939208984
0.05370187759399414
0.059792518615722656
0.05232644081115723
0.0536959171295166
0.06072998046875
0.052280426025390625
0.052922964096069336
0.05878281593322754
0.05420994758605957
0.0538790225982666
0.060418128967285156
0.05110454559326172
0.05325031280517578
0.05025982856750488
0.053072214126586914
0.05683708190917969
0.0657958984375
0.054035186767578125
0.05402946472167969
0.050551652908325195
0.05053377151489258
0.05051875114440918
0.05068349838256836
0.05029749870300293
0.0562591552734375
0.060688018798828125
0.05975604057312012
0.06094551086425781
0.05069994926452637
0.050844430923461914
0.050116539001464844
0.05072522163391113
0.05288386344909668
0.0501863956451416
0.05881214141845703
0.05423426628112793
0.053778886795043945
0.05302834510803223
0.05320477485656738
0.05325913429260254
0.05298614501953125
0.05336952209472656
0.05280351638793945
0.05847930908203125
0.05452227592468262
0.053876638412475586
0.053571224212646484
0.05325651168823242
0.05036330223083496
0.05106377601623535
0.050539255142211914
0.06661152839660645
0.05791497230529785
0.05170321464538574
0.0582880973815918
0.05130267143249512
0.05124092102050781
0.050832271575927734
0.05075383186340332
0.05022597312927246
0.05079174041748047
0.05625104904174805
0.0514218807220459
0.05848979949951172
0.0500643253326416
0.04969429969787598
0.0573117733001709
0.050004005432128906
0.051030635833740234
0.05660724639892578
0.06546950340270996
0.051705360412597656
0.052664756774902344
0.057848215103149414
0.0580897331237793
0.05642819404602051
0.05037856101989746
0.05060100555419922
0.051244497299194336
0.055754661560058594
0.05845332145690918
0.05772805213928223
0.05809831619262695
0.050330162048339844
0.05034613609313965
0.04993414878845215
0.05055952072143555
0.05970048904418945
0.06243300437927246
0.06150078773498535
0.05212998390197754
0.05808568000793457
0.05124020576477051
0.05086684226989746
0.05943012237548828
0.058614253997802734
0.050664663314819336
0.06316542625427246
0.059087276458740234
0.051581382751464844
0.051450252532958984
0.05122232437133789
0.05084371566772461
0.05800366401672363
0.051038503646850586
0.05643320083618164
0.0570676326751709
0.0525972843170166
0.05182075500488281
0.05714106559753418
0.051378488540649414
0.051004886627197266
0.05080556869506836
0.0515751838684082
0.06673717498779297
0.0646677017211914
0.052596330642700195
0.059580087661743164
0.060064077377319336
0.05981087684631348
0.05160403251647949
0.05074477195739746
0.06598949432373047
0.050174713134765625
0.06253790855407715
0.05370688438415527
0.05079150199890137
0.050605058670043945
0.05078887939453125
0.05023527145385742
0.05274677276611328
0.05063033103942871
0.05098438262939453
0.05609536170959473
0.05274605751037598
0.05138134956359863
0.05124187469482422
0.051032066345214844
0.05958080291748047
0.05248212814331055
0.05035114288330078
0.04983234405517578
0.06344079971313477
0.05890774726867676
0.054024696350097656
0.051115989685058594
0.05032014846801758
0.04992079734802246
0.050374507904052734
0.04998016357421875
0.05718803405761719
0.0621180534362793
0.051259517669677734
0.05072975158691406
0.0654301643371582
0.05694770812988281
0.05776715278625488
0.05112719535827637
0.05061984062194824
0.057779550552368164
0.056380271911621094
0.05688667297363281
0.051332712173461914
0.05074954032897949
0.050687313079833984
0.05032157897949219
0.05829477310180664
0.05791974067687988
0.06212043762207031
0.06501054763793945
0.05150723457336426
0.05753064155578613
0.05092978477478027
0.05036735534667969
0.04932689666748047
0.05047464370727539
0.05040717124938965
0.04976534843444824
0.06564998626708984
0.05172467231750488
0.05115675926208496
0.05772042274475098
0.049796342849731445
0.05829048156738281
0.05793619155883789
0.05011177062988281
0.04999113082885742
0.05606269836425781
0.059117794036865234
0.051366567611694336
0.05659770965576172
0.05067014694213867
0.06555438041687012
0.05340456962585449
0.05084085464477539
0.056499481201171875
0.056458473205566406
0.051592111587524414
0.05692768096923828
0.060111284255981445
0.05070948600769043
0.050545454025268555
0.06561088562011719
0.05346345901489258
0.05058431625366211
0.056047677993774414
0.06077265739440918
0.05157303810119629
0.05126786231994629
0.050855398178100586
0.05824637413024902
0.0587313175201416
0.050163984298706055
0.050623416900634766
0.05926012992858887
0.0519254207611084
0.051831960678100586
0.058426618576049805
0.05824112892150879
0.05066323280334473
0.05016207695007324
0.05735468864440918
0.05745673179626465
0.056121826171875
0.05365467071533203
0.051975250244140625
0.05017876625061035
0.0559992790222168
0.05066633224487305
0.05884075164794922
0.0507659912109375
0.0572972297668457
0.05595564842224121
0.05726003646850586
0.05933427810668945
0.05135297775268555
0.050942182540893555
0.05024242401123047
0.0511164665222168
0.050666093826293945
0.050932884216308594
0.06638193130493164
0.05247020721435547
0.06055712699890137
0.05211353302001953
0.051105499267578125
0.05105018615722656
0.0501253604888916
0.05085134506225586
0.05045199394226074
0.056622982025146484
0.05790114402770996
0.057442426681518555
0.05144476890563965
0.05124354362487793
0.050368309020996094
0.050714969635009766
0.05135321617126465
0.05318617820739746
0.05673813819885254
0.05894112586975098
0.0534825325012207
0.050672054290771484
0.05108475685119629
0.05095958709716797
0.050356388092041016
0.05739951133728027
0.05084085464477539
0.0549776554107666
0.051433563232421875
0.05129837989807129
0.05108928680419922
0.05039501190185547
0.05924487113952637
0.05087089538574219
0.05086946487426758
0.05025196075439453
0.055976152420043945
0.05155324935913086
0.05147433280944824
0.051123857498168945
0.05043148994445801
0.05052590370178223
0.050348758697509766
0.05096721649169922
0.04964113235473633
0.05610346794128418
0.0585484504699707
0.060584068298339844
0.052866220474243164
0.061498165130615234
0.05075836181640625
0.05043315887451172
0.05034470558166504
0.050691843032836914
0.055742502212524414
0.0517268180847168
0.05106472969055176
0.05120587348937988
0.051119327545166016
0.050704240798950195
0.056580305099487305
0.050464630126953125
0.05051136016845703
0.061361074447631836
0.06437158584594727
0.058290958404541016
0.05941462516784668
0.05909538269042969
0.05194401741027832
0.0507664680480957
0.05750632286071777
0.05011439323425293
0.06086134910583496
0.05142927169799805
0.05128955841064453
0.05749964714050293
0.056427955627441406
0.05135965347290039
0.050985097885131836
0.05779314041137695
0.051432132720947266
0.07100629806518555
0.054407596588134766
0.0601351261138916
0.06541252136230469
0.05300259590148926
0.050537109375
0.050132036209106445
0.050508975982666016
0.05711174011230469
0.055773258209228516
0.05134153366088867
0.05117225646972656
0.05057883262634277
0.05865740776062012
0.0508427619934082
0.05713677406311035
0.050280094146728516
0.05647444725036621
0.06307840347290039
0.05114865303039551
0.05082273483276367
0.06876826286315918
0.0586550235748291
0.055726051330566406
0.061309814453125
0.0530238151550293
0.05289745330810547
0.05832052230834961
0.05803084373474121
0.05102062225341797
0.050675153732299805
0.05054450035095215
0.05009961128234863
0.06040835380554199
0.05759716033935547
0.0524907112121582
0.058649539947509766
0.05785989761352539
0.05098581314086914
0.05653882026672363
0.05273318290710449
0.055609703063964844
0.05779671669006348
0.05629706382751465
0.05560660362243652
0.05654716491699219
0.051647186279296875
0.051351070404052734
0.05053305625915527
0.051099538803100586
0.05064272880554199
0.05045771598815918
0.058875083923339844
0.05284738540649414
0.05633997917175293
0.05122971534729004
0.05109071731567383
0.058573007583618164
0.05788993835449219
0.051085710525512695
0.06448006629943848
0.06328415870666504
0.04916119575500488
0.054398298263549805
0.050775766372680664
0.05021858215332031
0.04997372627258301
0.051972389221191406
0.050847530364990234
0.050354719161987305
0.05028581619262695
0.04915499687194824
0.0612492561340332
0.056844234466552734
0.050283193588256836
0.0490422248840332
0.050145864486694336
0.05602073669433594
0.051148414611816406
0.05813097953796387
0.0507204532623291
0.05586361885070801
0.0623021125793457
0.05328989028930664
0.0528717041015625
0.05284571647644043
0.05239224433898926
0.05232977867126465
0.05290341377258301
0.058899879455566406
0.0593869686126709
0.05936431884765625
0.05989551544189453
0.050786495208740234
0.050479888916015625
0.0560908317565918
0.050171852111816406
0.04886364936828613
0.05013322830200195
0.07150125503540039
0.05128836631774902
0.051145315170288086
0.05755734443664551
0.05784893035888672
0.05171060562133789
0.05029559135437012
0.04966902732849121
0.05106949806213379
0.055457353591918945
0.05047941207885742
0.05621933937072754
0.05059170722961426
0.060910701751708984
0.05801725387573242
0.05263185501098633
0.052887916564941406
0.06469202041625977
0.06576061248779297
0.05372118949890137
0.05357694625854492
0.053421974182128906
0.05316019058227539
0.05255270004272461
0.05980324745178223
0.051596641540527344
0.04998040199279785
0.05825495719909668
0.061568498611450195
0.05350661277770996
0.0595550537109375
0.06549501419067383
0.052491188049316406
0.05019855499267578
0.05029582977294922
0.052570343017578125
0.05837559700012207
0.05399513244628906
0.053533077239990234
0.05290055274963379
0.050153493881225586
0.05287289619445801
0.06015181541442871
0.05190324783325195
0.06024932861328125
0.05869483947753906
0.05443263053894043
0.053945064544677734
0.05314373970031738
0.05321073532104492
0.05950927734375
0.05090928077697754
0.050009727478027344
0.05261826515197754
0.05550074577331543
0.05349230766296387
0.06074976921081543
0.058223724365234375
0.05284619331359863
0.0543513298034668
0.05018305778503418
0.060040950775146484
0.049303293228149414
0.0559237003326416
0.05161571502685547
0.05065608024597168
0.05093836784362793
0.05042266845703125
0.05241584777832031
0.05792665481567383
0.05379295349121094
0.05103659629821777
0.056449174880981445
0.05977368354797363
0.0516362190246582
0.05191230773925781
0.051001548767089844
0.05076718330383301
0.05010104179382324
0.05010390281677246
0.05094003677368164
0.05552792549133301
0.05170130729675293
0.05176258087158203
0.0610804557800293
0.05534648895263672
0.06140255928039551
0.06174325942993164
0.05338001251220703
0.056575775146484375
0.05626821517944336
0.05395674705505371
0.06033205986022949
0.06046915054321289
0.05095672607421875
0.05077838897705078
0.050293922424316406
0.053784847259521484
0.0584254264831543
0.056537628173828125
0.05175304412841797
0.05204176902770996
0.05164361000061035
0.05203747749328613
0.050795555114746094
0.0509943962097168
0.05254650115966797
0.05056333541870117
0.05680418014526367
0.052498817443847656
0.05654096603393555
0.057146549224853516
0.056951284408569336
0.05115389823913574
0.050499916076660156
0.05779314041137695
0.051249027252197266
0.06289339065551758
0.05159258842468262
0.05119776725769043
0.05105257034301758
0.050411224365234375
0.0502169132232666
0.05053830146789551
0.05029153823852539
0.05104422569274902
0.05639076232910156
0.051880836486816406
0.05381917953491211
0.05076289176940918
0.058536529541015625
0.059493303298950195
0.05797886848449707
0.05031299591064453
0.050050973892211914
0.05612921714782715
0.05135369300842285
0.05079340934753418
0.050696611404418945
0.05037260055541992
0.05011391639709473
0.051462650299072266
0.05686688423156738
0.05024886131286621
0.0558781623840332
0.0510711669921875
0.05092000961303711
0.050406455993652344
0.05060219764709473
0.059043169021606445
0.05519986152648926
0.05752420425415039
0.0538177490234375
0.056838274002075195
0.05225968360900879
0.05684351921081543
0.0586245059967041
0.050380706787109375
0.05696582794189453
0.0504765510559082
0.05042552947998047
0.049530744552612305
0.05576181411743164
0.05290508270263672
0.05103039741516113
0.05079007148742676
0.05015993118286133
0.050354719161987305
0.05614280700683594
0.05060696601867676
0.050006866455078125
0.06317329406738281
0.051223039627075195
0.05674552917480469
0.05427145957946777
0.05005455017089844
0.05026602745056152
0.04990243911743164
0.055487632751464844
0.05070686340332031
0.05588984489440918
0.05997443199157715
0.05098390579223633
0.04961538314819336
0.05026078224182129
0.049921512603759766
0.05095338821411133
0.0595395565032959
0.050377845764160156
0.0594179630279541
0.05853700637817383
0.04993176460266113
0.06072664260864258
0.050814151763916016
0.05324602127075195
0.05058860778808594
0.050086021423339844
0.04928874969482422
0.056215524673461914
0.05052828788757324
0.05092620849609375
0.05032014846801758
0.05042266845703125
0.050230979919433594
0.05802774429321289
0.049381256103515625
0.049939870834350586
0.05638933181762695
0.05182600021362305
0.05161786079406738
0.050942420959472656
0.05211615562438965
0.05221748352050781
0.059293508529663086
0.05794119834899902
0.0509648323059082
0.05569744110107422
0.05167078971862793
0.05074501037597656
0.05076456069946289
0.05055665969848633
0.04992365837097168
0.05028724670410156
0.050533294677734375
0.050371408462524414
0.06317877769470215
0.05199122428894043
0.05123186111450195
0.05076313018798828
0.05813407897949219
0.05038738250732422
0.049945831298828125
0.050353050231933594
0.0505518913269043
0.05623221397399902
0.05321073532104492
0.052567481994628906
0.051540374755859375
0.050219058990478516
0.049266815185546875
0.0497739315032959
0.05066943168640137
0.05124187469482422
0.05591249465942383
0.051880836486816406
0.060080528259277344
0.0576169490814209
0.05149245262145996
0.05032968521118164
0.06055593490600586
0.05959677696228027
0.05921030044555664
0.05981779098510742
0.05895090103149414
0.051496028900146484
0.06671643257141113
0.058515310287475586
0.05002140998840332
0.05044436454772949
0.050740957260131836
0.0560002326965332
0.06949067115783691
0.05489706993103027
0.053954124450683594
0.05314373970031738
0.05219078063964844
0.05077195167541504
0.05019569396972656
0.049544334411621094
0.052414655685424805
0.05621075630187988
0.05269932746887207
0.050894737243652344
0.05101919174194336
0.05103254318237305
0.058608055114746094
0.05082845687866211
0.050839900970458984
0.050934791564941406
0.056138038635253906
0.05221891403198242
0.05169820785522461
0.05679941177368164
0.057683467864990234
0.0505831241607666
0.05739116668701172
0.051741600036621094
0.05001354217529297
0.05610370635986328
0.051743268966674805
0.05906367301940918
0.05886650085449219
0.058661460876464844
0.05298876762390137
0.052370309829711914
0.05260586738586426
0.06546854972839355
0.05924534797668457
0.05418801307678223
0.06017017364501953
0.060109615325927734
0.05089068412780762
0.05025315284729004
0.05615496635437012
0.05063366889953613
0.059583425521850586
0.057309627532958984
0.05371499061584473
0.05742955207824707
0.056891679763793945
0.05960249900817871
0.050687551498413086
0.05053448677062988
0.05279970169067383
0.0522313117980957
0.06162285804748535
0.05841231346130371
0.05158734321594238
0.050408124923706055
0.05117154121398926
0.05039787292480469
0.051078081130981445
0.05098223686218262
0.05038714408874512
0.05668807029724121
0.05240941047668457
0.051824331283569336
0.051575660705566406
0.05950570106506348
0.05966615676879883
0.05673336982727051
0.05617165565490723
0.05089139938354492
0.05607247352600098
0.05145525932312012
0.058933258056640625
0.06513476371765137
0.05280947685241699
0.05764508247375488
0.05096292495727539
0.05031442642211914
0.05080461502075195
0.05653214454650879
0.05858659744262695
0.05875205993652344
0.05070185661315918
0.051212310791015625
0.05774092674255371
0.05067801475524902
0.05649542808532715
0.05094099044799805
0.05620312690734863
0.05354475975036621
0.05171608924865723
0.05150103569030762
0.051076650619506836
0.05109715461730957
0.050496578216552734
0.05078625679016113
0.050788164138793945
0.05606722831726074
0.05093193054199219
0.05122661590576172
0.0569305419921875
0.050896406173706055
0.05064678192138672
0.0508272647857666
0.05282878875732422
0.05602431297302246
0.05635809898376465
0.060773611068725586
0.06396794319152832
0.06068062782287598
0.057290077209472656
0.05060839653015137
0.050942420959472656
0.050492286682128906
0.05019807815551758
0.06381011009216309
0.05433487892150879
0.05200529098510742
0.051134347915649414
0.05110740661621094
0.05045962333679199
0.056577444076538086
0.05061745643615723
0.05622148513793945
0.05562472343444824
0.05183124542236328
0.059006690979003906
0.05098915100097656
0.051046133041381836
0.05621337890625
0.050719261169433594
0.05961132049560547
0.05113530158996582
0.05704665184020996
0.0520176887512207
0.051865339279174805
0.05111074447631836
0.0596623420715332
0.059155941009521484
0.04970979690551758
0.057538747787475586
0.05017209053039551
0.05577898025512695
0.06389927864074707
0.05471491813659668
0.05982184410095215
0.0599370002746582
0.05792832374572754
0.05986452102661133
0.055654048919677734
0.04969286918640137
0.056526899337768555
0.05752706527709961
0.05107378959655762
0.05126833915710449
0.05774521827697754
0.05719566345214844
0.05666232109069824
0.04968523979187012
0.04958987236022949
0.0630338191986084
0.05728650093078613
0.05058741569519043
0.05645012855529785
0.050719499588012695
0.05022382736206055
0.0499575138092041
0.0502777099609375
0.0571134090423584
0.06299090385437012
0.060785770416259766
0.055356740951538086
0.05142045021057129
0.05831265449523926
0.050276994705200195
0.05755782127380371
0.05070161819458008
0.0572206974029541
0.055246829986572266
0.051343679428100586
0.05631089210510254
0.050482988357543945
0.0503382682800293
0.05805706977844238
0.05721473693847656
0.05018901824951172
0.055724143981933594
0.06100964546203613
0.05961203575134277
0.05796480178833008
0.05096936225891113
0.051296234130859375
0.055486202239990234
0.05044817924499512
0.05793571472167969
0.05651736259460449
0.05554056167602539
0.059142112731933594
0.0610806941986084
0.05135679244995117
0.05148887634277344
0.05172896385192871
0.05173158645629883
0.05027961730957031
0.06392359733581543
0.06453943252563477
0.05161166191101074
0.06268429756164551
0.0536191463470459
0.05282902717590332
0.051018476486206055
0.05328488349914551
0.053090572357177734
0.052848100662231445
0.058333635330200195
0.05103659629821777
0.05079364776611328
0.05319619178771973
0.049858808517456055
0.050377607345581055
0.05123639106750488
0.04948544502258301
0.05867910385131836
0.05719947814941406
0.0569307804107666
0.05138063430786133
0.05089068412780762
0.04970240592956543
0.04977154731750488
0.050650596618652344
0.05064725875854492
0.05101299285888672
0.055539608001708984
0.051717281341552734
0.0584712028503418
0.05122995376586914
0.05079770088195801
0.05049300193786621
0.04997968673706055
0.058310747146606445
0.05532050132751465
0.055869102478027344
0.05028867721557617
0.05202746391296387
0.056168556213378906
0.050498008728027344
0.05038571357727051
0.05232834815979004
0.04932522773742676
0.052474260330200195
0.0547337532043457
0.06377434730529785
0.05382800102233887
0.05339312553405762
0.050283193588256836
0.05017280578613281
0.04978132247924805
0.050231218338012695
0.05003499984741211
0.057495832443237305
0.053916215896606445
0.05331897735595703
0.0589296817779541
0.053598880767822266
0.05066323280334473
0.05056190490722656
0.05014538764953613
0.05046534538269043
0.05655407905578613
0.05225729942321777
0.051184654235839844
0.05077481269836426
0.05088329315185547
0.050725698471069336
0.05027174949645996
0.05027508735656738
0.05041146278381348
0.0657203197479248
0.052340030670166016
0.0512394905090332
0.05060553550720215
0.05004096031188965
0.04892253875732422
0.04956817626953125
0.05066323280334473
0.04913020133972168
0.05592775344848633
0.06081390380859375
0.050130605697631836
0.055658578872680664
0.05025005340576172
0.05000782012939453
0.049642324447631836
0.057697296142578125
0.04997825622558594
0.060691118240356445
0.05770158767700195
0.057967424392700195
0.05068683624267578
0.05026841163635254
0.0508575439453125
0.05086231231689453
0.05119514465332031
0.05012917518615723
0.05583047866821289
0.05151176452636719
0.06711077690124512
0.05184602737426758
0.05077695846557617
0.05046391487121582
0.05080270767211914
0.054068803787231445
0.05750894546508789
0.06178927421569824
0.06699943542480469
0.059113264083862305
0.05904650688171387
0.051657915115356445
0.0582118034362793
0.051154375076293945
0.05127429962158203
0.0502169132232666
0.0559849739074707
0.05121326446533203
0.05189347267150879
0.05115365982055664
0.05811619758605957
0.05076932907104492
0.05296683311462402
0.04980111122131348
0.049692630767822266
0.05576968193054199
0.050965070724487305
0.05179238319396973
0.05036282539367676
0.05078125
0.058167457580566406
0.050724029541015625
0.05045938491821289
0.058751821517944336
0.05583953857421875
0.05377793312072754
0.05074286460876465
0.05740785598754883
0.051378488540649414
0.04989433288574219
0.05005598068237305
0.050180673599243164
0.04981231689453125
0.05545377731323242
0.051184892654418945
0.06000709533691406
0.05308341979980469
0.050119876861572266
0.05700874328613281
0.04986071586608887
0.051140546798706055
0.055461883544921875
0.05586647987365723
0.05132412910461426
0.05117535591125488
0.06685423851013184
0.051398277282714844
0.058422088623046875
0.05094504356384277
0.0511012077331543
0.050455570220947266
0.05669450759887695
0.05218148231506348
0.05136919021606445
0.05079913139343262
0.0586392879486084
0.0502467155456543
0.05926370620727539
0.04985952377319336
0.05079221725463867
0.06432628631591797
0.05131196975708008
0.05139660835266113
0.050812482833862305
0.05047416687011719
0.05004596710205078
0.050318002700805664
0.050803184509277344
0.05880331993103027
0.05621600151062012
0.05393052101135254
0.04984450340270996
0.0579676628112793
0.05155038833618164
0.0522618293762207
0.05031561851501465
0.05072212219238281
0.049698591232299805
0.056708335876464844
0.0572662353515625
0.05127429962158203
0.049468278884887695
0.050748586654663086
0.05028271675109863
0.049733638763427734
0.05049586296081543
0.05045437812805176
0.055966854095458984
0.05172538757324219
0.052051544189453125
0.05208563804626465
0.05115151405334473
0.05160713195800781
0.0594637393951416
0.05034136772155762
0.05704784393310547
0.06476116180419922
0.05209803581237793
0.05203723907470703
0.056652069091796875
0.050980567932128906
0.05557584762573242
0.05007767677307129
0.056630849838256836
0.055056095123291016
0.05528378486633301
0.05120110511779785
0.0664210319519043
0.0680379867553711
0.06492996215820312
0.05247759819030762
0.0505223274230957
0.05988812446594238
0.053079843521118164
0.05861258506774902
0.05375385284423828
0.05354809761047363
0.05767321586608887
0.05041003227233887
0.05547690391540527
0.05000567436218262
0.04996681213378906
0.050499916076660156
0.05598711967468262
0.0518496036529541
0.05110955238342285
0.05928492546081543
0.05033445358276367
0.05039691925048828
0.05015254020690918
0.05752301216125488
0.05035090446472168
0.06326532363891602
0.5633885860443115
0.06071782112121582
0.057170867919921875
0.057674407958984375
0.05685877799987793
0.06259417533874512
0.057070255279541016
0.060137033462524414
0.06237339973449707
0.06354022026062012
0.057241201400756836
0.059862375259399414
0.057253360748291016
0.06389570236206055
0.06292033195495605
0.05750012397766113
0.0629727840423584
0.05707883834838867
0.06447386741638184
0.05704140663146973
0.06458711624145508
0.057375192642211914
0.05733227729797363
0.057180166244506836
0.057364463806152344
0.057158470153808594
0.05692553520202637
0.0638723373413086
0.06381702423095703
0.05994272232055664
0.06436395645141602
0.057175636291503906
0.06764864921569824
0.05921173095703125
0.05812501907348633
0.05770993232727051
0.0642845630645752
0.05699324607849121
0.057051897048950195
0.06259465217590332
0.05774426460266113
0.0577387809753418
0.05754661560058594
0.05687117576599121
0.06382012367248535
0.06947469711303711
0.05724477767944336
0.0570981502532959
0.06629323959350586
0.061658382415771484
0.05672049522399902
0.06375384330749512
0.05718827247619629
0.05638551712036133
0.06943917274475098
0.062001943588256836
0.056794166564941406
0.05693387985229492
0.05629539489746094
0.07253789901733398
0.07241606712341309
0.05775332450866699
0.07144045829772949
0.06420230865478516
0.06351041793823242
0.05871772766113281
0.06965351104736328
0.056780338287353516
0.05637049674987793
0.06319594383239746
0.06295108795166016
0.05747270584106445
0.07223653793334961
0.06461024284362793
0.06258106231689453
0.05740499496459961
0.05753779411315918
0.05719637870788574
0.058611154556274414
0.05780649185180664
0.06408262252807617
0.06481528282165527
0.058585405349731445
0.0587465763092041
0.06494498252868652
0.0650625228881836
0.058177947998046875
0.06407785415649414
0.05857563018798828
0.060990095138549805
0.06999540328979492
0.05774664878845215
0.05839705467224121
0.05807137489318848
0.05852389335632324
0.06324124336242676
0.06782102584838867
0.0585787296295166
0.06566834449768066
0.06509065628051758
0.05861830711364746
0.06439757347106934
0.06452250480651855
0.0579228401184082
0.057582855224609375
0.057222604751586914
0.0634462833404541
0.058190345764160156
0.06517934799194336
0.06506872177124023
0.05835986137390137
0.05899786949157715
0.05744338035583496
0.0602574348449707
0.058745384216308594
0.057303428649902344
0.05739641189575195
0.06398439407348633
0.05815744400024414
0.0636749267578125
0.05676627159118652
0.05977487564086914
0.0565028190612793
0.05682015419006348
0.07326602935791016
0.05981302261352539
0.07793354988098145
0.05924272537231445
0.05651569366455078
0.05708193778991699
0.06465888023376465
0.05750274658203125
0.057392120361328125
0.06281185150146484
0.058069467544555664
0.0625162124633789
0.05669713020324707
0.0572056770324707
0.05750298500061035
0.05783796310424805
0.057198286056518555
0.056629180908203125
0.056550025939941406
0.05542755126953125
0.06983613967895508
0.06212735176086426
0.06194710731506348
0.07059192657470703
0.06023550033569336
0.0616908073425293
0.05546283721923828
0.05545997619628906
0.05489921569824219
0.07238078117370605
0.0648336410522461
0.05529475212097168
0.0638267993927002
0.06104230880737305
0.06103777885437012
0.054906606674194336
0.054375410079956055
0.05421638488769531
0.06261897087097168
0.0629270076751709
0.054857492446899414
0.054959774017333984
0.05552387237548828
0.05289435386657715
0.053963422775268555
0.05383491516113281
0.055213212966918945
0.06760859489440918
0.05434465408325195
0.05427432060241699
0.054402828216552734
0.05376410484313965
0.053273677825927734
0.0601656436920166
0.061254024505615234
0.05374956130981445
0.0598907470703125
0.0625455379486084
0.0623927116394043
0.05375361442565918
0.05277609825134277
0.060365915298461914
0.052733421325683594
0.06117868423461914
0.06777572631835938
0.06106162071228027
0.053414106369018555
0.05409860610961914
0.051049232482910156
0.05916881561279297
0.051956892013549805
0.051734209060668945
0.056394338607788086
0.05155229568481445
0.06340456008911133
0.05950570106506348
0.05199098587036133
0.051271677017211914
0.051450490951538086
0.05075716972351074
0.05952620506286621
0.0510716438293457
0.05835580825805664
0.05762600898742676
0.05128908157348633
0.05908656120300293
0.051454782485961914
0.05077981948852539
0.05162644386291504
0.05710864067077637
0.061240196228027344
0.05940604209899902
0.058907508850097656
0.05340218544006348
0.05074167251586914
0.05104517936706543
0.050083160400390625
0.049540042877197266
0.05595278739929199
0.05043292045593262
0.055962562561035156
0.05585479736328125
0.05164003372192383
0.05141329765319824
0.05110955238342285
0.0561375617980957
0.058061838150024414
0.05913352966308594
0.05159616470336914
0.05043673515319824
0.07263350486755371
0.05167984962463379
0.05333399772644043
0.05941486358642578
0.0505986213684082
0.05998492240905762
0.05042123794555664
0.04986000061035156
0.0570521354675293
0.05587959289550781
0.05236697196960449
0.05120277404785156
0.05820107460021973
0.0664982795715332
0.06000399589538574
0.05101728439331055
0.05857419967651367
0.054463863372802734
0.05646705627441406
0.05190324783325195
0.05118227005004883
0.05158877372741699
0.05075478553771973
0.0498201847076416
0.04954338073730469
0.05302929878234863
0.050688982009887695
0.06285715103149414
0.05127906799316406
0.0510714054107666
0.05088996887207031
0.04969167709350586
0.05726933479309082
0.05390334129333496
0.05128669738769531
0.05018424987792969
0.07395339012145996
0.05446624755859375
0.05026364326477051
0.06244158744812012
0.05828571319580078
0.05316519737243652
0.05505704879760742
0.05128335952758789
0.061688899993896484
0.05651593208312988
0.05206751823425293
0.05152416229248047
0.051422119140625
0.055956125259399414
0.05031323432922363
0.05587315559387207
0.05085110664367676
0.050415992736816406
0.06195712089538574
0.0515437126159668
0.05105161666870117
0.05682110786437988
0.06261944770812988
0.05880403518676758
0.052596092224121094
0.057576656341552734
0.05078577995300293
0.062139272689819336
0.05757308006286621
0.05298972129821777
0.05362367630004883
0.05292367935180664
0.05603766441345215
0.05044746398925781
0.04997110366821289
0.05045580863952637
0.055884599685668945
0.05103659629821777
0.05080747604370117
0.050720930099487305
0.0562131404876709
0.050898075103759766
0.050385475158691406
0.050577640533447266
0.05080747604370117
0.0563502311706543
0.051087141036987305
0.0590972900390625
0.05461573600769043
0.05114388465881348
0.050577402114868164
0.05034327507019043
0.05694127082824707
0.058002471923828125
0.05692863464355469
0.05146455764770508
0.05171346664428711
0.05840349197387695
0.058583974838256836
0.05109691619873047
0.050879716873168945
0.058843374252319336
0.05637192726135254
0.057855844497680664
0.05879664421081543
0.05137991905212402
0.05050325393676758
0.05767631530761719
0.0593113899230957
0.052402496337890625
0.06640362739562988
0.05641961097717285
0.05637240409851074
0.05142974853515625
0.05143594741821289
0.050954341888427734
0.050299644470214844
0.050253868103027344
0.0508112907409668
0.05015134811401367
0.057729244232177734
0.05634903907775879
0.05159807205200195
0.05107617378234863
0.05687522888183594
0.05568051338195801
0.05064272880554199
0.05085587501525879
0.05014610290527344
0.05079030990600586
0.056725263595581055
0.05205941200256348
0.0521390438079834
0.05164694786071777
0.051210880279541016
0.05121564865112305
0.055782318115234375
0.05002713203430176
0.05072784423828125
0.056334495544433594
0.05131220817565918
0.05121159553527832
0.059682607650756836
0.05029153823852539
0.05751943588256836
0.05555891990661621
0.05025458335876465
0.05775260925292969
0.0700986385345459
0.051854610443115234
0.057801246643066406
0.05119013786315918
0.049903154373168945
0.05597949028015137
0.0497586727142334
0.05744004249572754
0.05009770393371582
0.05559062957763672
0.050295114517211914
0.05084514617919922
0.0511317253112793
0.05024385452270508
0.0564424991607666
0.056710004806518555
0.05573534965515137
0.05681610107421875
0.06566381454467773
0.05183124542236328
0.05800509452819824
0.05992770195007324
0.05034613609313965
0.05043601989746094
0.05937647819519043
0.05717658996582031
0.050817012786865234
0.05628323554992676
0.050467491149902344
0.050554513931274414
0.05072355270385742
0.05763649940490723
0.05832314491271973
0.05939674377441406
0.05048656463623047
0.0511014461517334
0.05623888969421387
0.05175614356994629
0.05081796646118164
0.050924062728881836
0.05797266960144043
0.05030083656311035
0.05075955390930176
0.05575442314147949
0.05708885192871094
0.06322979927062988
0.05098366737365723
0.05122566223144531
0.05957841873168945
0.05185556411743164
0.05546903610229492
0.06498908996582031
0.05431342124938965
0.06493043899536133
0.06064867973327637
0.05176424980163574
0.05139732360839844
0.05781054496765137
0.056550025939941406
0.04920005798339844
0.050606727600097656
0.05797433853149414
0.049726009368896484
0.056093692779541016
0.050881385803222656
0.05756640434265137
0.05020451545715332
0.05541729927062988
0.05035662651062012
0.050290822982788086
0.05060577392578125
0.05029463768005371
0.055870771408081055
0.0573883056640625
0.05066037178039551
0.05045676231384277
0.04962348937988281
0.049720048904418945
0.05026531219482422
0.05008411407470703
0.05053591728210449
0.055577754974365234
0.058478593826293945
0.05161905288696289
0.05121016502380371
0.05110812187194824
0.050612449645996094
0.05056905746459961
0.051001548767089844
0.050717830657958984
0.05803728103637695
0.050896644592285156
0.05625128746032715
0.049660444259643555
0.05005645751953125
0.05550670623779297
0.05005335807800293
0.05013585090637207
0.05064511299133301
0.06337976455688477
0.051436424255371094
0.05107569694519043
0.050874948501586914
0.05067873001098633
0.05013275146484375
0.05002713203430176
0.0554046630859375
0.055674076080322266
0.05610537528991699
0.05977654457092285
0.051331520080566406
0.05032777786254883
0.05013227462768555
0.05600285530090332
0.04940629005432129
0.05008983612060547
0.05016207695007324
0.05542898178100586
0.05681967735290527
0.05895495414733887
0.05626416206359863
0.050122976303100586
0.05093264579772949
0.05033564567565918
0.04962897300720215
0.049088478088378906
0.0626070499420166
0.050774574279785156
0.0601801872253418
0.06550073623657227
0.05986666679382324
0.05057168006896973
0.05832314491271973
0.05036425590515137
0.0577397346496582
0.05618619918823242
0.05136561393737793
0.06683588027954102
0.05125904083251953
0.05068325996398926
0.05106544494628906
0.051033973693847656
0.050586700439453125
0.050611019134521484
0.05576062202453613
0.05079388618469238
0.06689596176147461
0.05119776725769043
0.055948734283447266
0.050168514251708984
0.057097434997558594
0.05605363845825195
0.04969167709350586
0.0632321834564209
0.058068037033081055
0.05048775672912598
0.050153255462646484
0.05548691749572754
0.056006669998168945
0.049628496170043945
0.050008296966552734
0.05677342414855957
0.06511616706848145
0.05065178871154785
0.04994606971740723
0.050130367279052734
0.05060315132141113
0.05889391899108887
0.049659013748168945
0.04976534843444824
0.05524444580078125
0.055387258529663086
0.050969839096069336
0.050119638442993164
0.056913137435913086
0.05097651481628418
0.05016517639160156
0.057257890701293945
0.050017595291137695
0.05571389198303223
0.055731773376464844
0.0570676326751709
0.05093884468078613
0.050438880920410156
0.0498354434967041
0.04963088035583496
0.057311296463012695
0.06229877471923828
0.061254262924194336
0.06935691833496094
0.058830976486206055
0.056951284408569336
0.05108141899108887
0.05768775939941406
0.05231332778930664
0.053037405014038086
0.05784201622009277
0.05032038688659668
0.055873870849609375
0.059525489807128906
0.05363941192626953
0.050939083099365234
0.06419968605041504
0.05997586250305176
0.05950617790222168
0.05082583427429199
0.055528879165649414
0.05553555488586426
0.058925628662109375
0.05109763145446777
0.05738568305969238
0.049814462661743164
0.05736970901489258
0.049791812896728516
0.05125880241394043
0.05049419403076172
0.05533003807067871
0.06013321876525879
0.05124545097351074
0.053090810775756836
0.050711631774902344
0.05107688903808594
0.04996919631958008
0.05088210105895996
0.04990506172180176
0.05589008331298828
0.05061936378479004
0.05092263221740723
0.05099225044250488
0.050363779067993164
0.050176382064819336
0.050571441650390625
0.049643754959106445
0.0548551082611084
0.05510568618774414
0.05110287666320801
0.05088949203491211
0.05937933921813965
0.05255007743835449
0.04987931251525879
0.05982685089111328
0.054995059967041016
0.05549955368041992
0.05681610107421875
0.051741600036621094
0.05094718933105469
0.0514984130859375
0.057889461517333984
0.05018162727355957
0.050423383712768555
0.05011177062988281
0.05066800117492676
0.0627131462097168
0.058348655700683594
0.0511929988861084
0.05100846290588379
0.05023813247680664
0.05114293098449707
0.05016660690307617
0.05028581619262695
0.051199913024902344
0.05560493469238281
0.051998138427734375
0.05671572685241699
0.05045437812805176
0.05581951141357422
0.050127267837524414
0.050406455993652344
0.050505638122558594
0.05191683769226074
0.055425167083740234
0.05013871192932129
0.051171064376831055
0.052095651626586914
0.0499577522277832
0.05691385269165039
0.05012226104736328
0.05889701843261719
0.05056047439575195
0.056130170822143555
0.0516514778137207
0.0512392520904541
0.05809307098388672
0.05109548568725586
0.05129599571228027
0.05324840545654297
0.05038857460021973
0.051017045974731445
0.0560765266418457
0.05363893508911133
0.05725669860839844
0.06108450889587402
0.06032133102416992
0.051059722900390625
0.05174756050109863
0.06819272041320801
0.05234980583190918
0.05630755424499512
0.059105873107910156
0.05158400535583496
0.050780296325683594
0.05086946487426758
0.0570375919342041
0.059546470642089844
0.049936532974243164
0.05668759346008301
0.056954145431518555
0.05147147178649902
0.05177736282348633
0.05951881408691406
0.05144619941711426
0.05129504203796387
0.05917811393737793
0.05023813247680664
0.05769920349121094
0.05628204345703125
0.05133342742919922
0.06054425239562988
0.05197858810424805
0.051116228103637695
0.05113053321838379
0.05085468292236328
0.04980826377868652
0.050795793533325195
0.056383371353149414
0.05102348327636719
0.050451040267944336
0.05132651329040527
0.058035850524902344
0.056366920471191406
0.05065298080444336
0.05022239685058594
0.05846714973449707
0.05621218681335449
0.05734610557556152
0.059882164001464844
0.052308082580566406
0.050634145736694336
0.05008673667907715
0.06573605537414551
0.0552365779876709
0.05241751670837402
0.06201362609863281
0.0505373477935791
0.05103874206542969
0.051027774810791016
0.05109667778015137
0.06921076774597168
0.0572509765625
0.049872636795043945
0.055685997009277344
0.05684471130371094
0.051096200942993164
0.051122188568115234
0.05057263374328613
0.05000162124633789
0.058596134185791016
0.05052614212036133
0.05028533935546875
0.050649166107177734
0.0647730827331543
0.0514979362487793
0.050849199295043945
0.05262875556945801
0.050679922103881836
0.05011248588562012
0.049817562103271484
0.04988431930541992
0.05880117416381836
0.055858612060546875
0.05177474021911621
0.05127716064453125
0.05651497840881348
0.0499420166015625
0.050122737884521484
0.05083632469177246
0.05001068115234375
0.05058789253234863
0.05620002746582031
0.06114315986633301
0.06452369689941406
0.056212663650512695
0.05828094482421875
0.06480240821838379
0.05210232734680176
0.049637556076049805
0.050295114517211914
0.055966854095458984
0.05205965042114258
0.0498957633972168
0.05768918991088867
0.05097532272338867
0.050742387771606445
0.05990886688232422
0.05911707878112793
0.05719923973083496
0.06327629089355469
0.053017616271972656
0.051400184631347656
0.0579676628112793
0.0562748908996582
0.05245828628540039
0.051132917404174805
0.05036354064941406
0.0592961311340332
0.05610036849975586
0.05083346366882324
0.050806522369384766
0.05063605308532715
0.055925607681274414
0.050076961517333984
0.05022430419921875
0.050122976303100586
0.056336164474487305
0.056102752685546875
0.05154752731323242
0.05149507522583008
0.05833268165588379
0.050429344177246094
0.05959272384643555
0.052690982818603516
0.05800294876098633
0.050319671630859375
0.056099891662597656
0.05690407752990723
0.055829763412475586
0.05046224594116211
0.04921317100524902
0.05015158653259277
0.05047893524169922
0.05750322341918945
0.050301313400268555
