0.947378396987915
0.0577850341796875
0.05259537696838379
0.04557061195373535
0.04506254196166992
0.04602766036987305
0.04767036437988281
0.045766353607177734
0.04993319511413574
0.04591870307922363
0.04745984077453613
0.04505634307861328
0.04509782791137695
0.046257734298706055
0.04679703712463379
0.04511117935180664
0.04504728317260742
0.04981660842895508
0.047287940979003906
0.0470120906829834
0.04512500762939453
0.05520009994506836
0.054991960525512695
0.04590034484863281
0.045093536376953125
0.04531407356262207
0.05261707305908203
0.04726290702819824
0.04516792297363281
0.05489468574523926
0.05128359794616699
0.04451560974121094
0.044632911682128906
0.04472208023071289
0.04578065872192383
0.05044913291931152
0.05385327339172363
0.04734396934509277
0.044886112213134766
0.04546213150024414
0.04480934143066406
0.05276608467102051
0.048995018005371094
0.046773433685302734
0.04965472221374512
0.04556775093078613
0.04526376724243164
0.04678201675415039
0.04470062255859375
0.0443422794342041
0.046813011169433594
0.044901132583618164
0.04481196403503418
0.05137991905212402
0.04588174819946289
0.04492926597595215
0.04665255546569824
0.04465651512145996
0.044734954833984375
0.056157827377319336
0.05338144302368164
0.045738935470581055
0.0494081974029541
0.04545235633850098
0.045014381408691406
0.04503273963928223
0.05364060401916504
0.05263113975524902
0.04783797264099121
0.044358015060424805
0.04689168930053711
0.049913883209228516
0.05360293388366699
0.05418682098388672
0.045088768005371094
0.044770240783691406
0.044812679290771484
0.0446321964263916
0.04474020004272461
0.04510378837585449
0.049690961837768555
0.047522544860839844
0.044686079025268555
0.08074164390563965
0.045005083084106445
0.0446467399597168
0.044725894927978516
0.04526948928833008
0.04684782028198242
0.05032992362976074
0.04513072967529297
0.05463695526123047
0.04701852798461914
0.04892563819885254
0.05287766456604004
0.04756307601928711
0.04482698440551758
0.045774221420288086
0.050316810607910156
0.04540848731994629
0.04463624954223633
0.0444791316986084
0.04504060745239258
0.052931785583496094
0.0491640567779541
0.04658937454223633
0.04510331153869629
0.0498964786529541
0.04694414138793945
0.04445648193359375
0.04467272758483887
0.049223899841308594
0.04672074317932129
0.045042991638183594
0.05295300483703613
0.04566025733947754
0.05013561248779297
0.05285072326660156
0.044901132583618164
0.04478907585144043
0.044869184494018555
0.04472947120666504
0.04494667053222656
0.04595541954040527
0.04513692855834961
0.049691200256347656
0.046608924865722656
0.04917788505554199
0.045205116271972656
0.04556989669799805
0.044508934020996094
0.04461216926574707
0.04480862617492676
0.045029640197753906
0.04993271827697754
0.045797109603881836
0.05338692665100098
0.05408930778503418
0.045943260192871094
0.04465842247009277
0.0464174747467041
0.044614553451538086
0.04619288444519043
0.0498354434967041
0.04616379737854004
0.045389652252197266
0.04512453079223633
0.04470467567443848
0.045101165771484375
0.046001434326171875
0.0526278018951416
0.04582571983337402
0.05422258377075195
0.04549908638000488
0.044676780700683594
0.044664859771728516
0.044693946838378906
0.05237770080566406
0.049201011657714844
0.04638552665710449
0.04516792297363281
0.05190563201904297
0.045403480529785156
0.044614315032958984
0.046025753021240234
0.044695377349853516
0.053464412689208984
0.045064449310302734
0.05422186851501465
0.047162771224975586
0.06100010871887207
0.04563736915588379
0.04544949531555176
0.046042442321777344
0.0450439453125
0.05272340774536133
0.04456448554992676
0.04486584663391113
0.044716596603393555
0.04993891716003418
0.046597957611083984
0.044905662536621094
0.052978515625
0.046584129333496094
0.04444098472595215
0.04417252540588379
0.05258941650390625
0.04481339454650879
0.04957127571105957
0.05176424980163574
0.04495549201965332
0.04484987258911133
0.04469895362854004
0.04482603073120117
0.04438281059265137
0.044458627700805664
0.04475069046020508
0.04972243309020996
0.04476594924926758
0.04780983924865723
0.04483389854431152
0.04438018798828125
0.04430341720581055
0.04411005973815918
0.04420828819274902
0.04478645324707031
0.050206899642944336
0.04555034637451172
0.04443216323852539
0.04431033134460449
0.04446077346801758
0.04474020004272461
0.04438304901123047
0.04488396644592285
0.044830322265625
0.04930996894836426
0.044989585876464844
0.04691290855407715
0.0445098876953125
0.04462409019470215
0.044663190841674805
0.04449868202209473
0.04452037811279297
0.044954776763916016
0.049390554428100586
0.5426921844482422
0.05026388168334961
0.04930448532104492
0.04857635498046875
0.04928946495056152
0.04868149757385254
0.05408072471618652
0.05022144317626953
0.04878735542297363
0.05528998374938965
0.04855465888977051
0.048496246337890625
0.04876875877380371
0.04820823669433594
0.048246145248413086
0.04898881912231445
0.04889202117919922
0.0483853816986084
0.05361628532409668
0.04744696617126465
0.04902458190917969
0.05668306350708008
0.05556035041809082
0.05149364471435547
0.04647970199584961
0.046692848205566406
0.045949697494506836
0.053325653076171875
0.04767608642578125
0.04646706581115723
0.046880483627319336
0.04621767997741699
0.047547101974487305
0.04574990272521973
0.04555082321166992
0.04580950736999512
0.0522608757019043
0.04609370231628418
0.045906782150268555
0.046213626861572266
0.04590463638305664
0.04539346694946289
0.04562830924987793
0.04610157012939453
0.045938730239868164
0.051743507385253906
0.04588508605957031
0.0455625057220459
0.04632854461669922
0.044940948486328125
0.04543018341064453
0.05331587791442871
0.05290341377258301
0.046300411224365234
0.05358433723449707
0.053977012634277344
0.0476834774017334
0.0455472469329834
0.04562115669250488
0.04575514793395996
0.045736074447631836
0.05364227294921875
0.04602766036987305
0.051074981689453125
0.045731306076049805
0.045346975326538086
0.050774574279785156
0.04514145851135254
0.04682564735412598
0.046000003814697266
0.04539370536804199
0.0449826717376709
0.05103349685668945
0.04619407653808594
0.04539060592651367
0.04593396186828613
0.04640007019042969
0.04561734199523926
0.045233964920043945
0.04624319076538086
0.044805288314819336
0.05024552345275879
0.04510235786437988
0.044840335845947266
0.044655799865722656
0.04515862464904785
0.04565024375915527
0.045241594314575195
0.046518564224243164
0.0447382926940918
0.052976131439208984
0.04614973068237305
0.045528411865234375
0.045662641525268555
0.04559898376464844
0.045760154724121094
0.04543352127075195
0.05276989936828613
0.04711556434631348
0.05068063735961914
0.053084611892700195
0.04499340057373047
0.045671939849853516
0.04553627967834473
0.044599294662475586
0.0450587272644043
0.04452681541442871
0.04684257507324219
0.050089359283447266
0.0454096794128418
0.0447850227355957
0.04490470886230469
0.04489922523498535
0.04464101791381836
0.04515218734741211
0.0448002815246582
0.045122385025024414
0.05031466484069824
0.04478740692138672
0.053227901458740234
0.05088925361633301
0.046499013900756836
0.04467415809631348
0.0447239875793457
0.044699907302856445
0.045058488845825195
0.05018734931945801
0.04521584510803223
0.0448458194732666
0.0444178581237793
0.044425010681152344
0.04468059539794922
0.045029401779174805
0.04645133018493652
0.04511594772338867
0.05001187324523926
0.04529595375061035
0.044611215591430664
0.04503059387207031
0.04447484016418457
0.04450225830078125
0.04482221603393555
0.044748783111572266
0.0449678897857666
0.0501248836517334
0.04509234428405762
0.04501461982727051
0.04511260986328125
0.04499506950378418
0.045037269592285156
0.04548144340515137
0.04452371597290039
0.04514050483703613
0.050191402435302734
0.045722007751464844
0.04506969451904297
0.04546976089477539
0.0449221134185791
0.044592857360839844
0.045250892639160156
0.04641270637512207
0.0466766357421875
0.04980635643005371
0.045313358306884766
0.04504275321960449
0.044801950454711914
0.044663190841674805
0.046181440353393555
0.044775962829589844
0.045327186584472656
0.04526352882385254
0.059566497802734375
0.054146528244018555
0.04737353324890137
0.045284271240234375
0.04559016227722168
0.04518294334411621
0.04473757743835449
0.04432845115661621
0.04472231864929199
0.04988694190979004
0.04562234878540039
0.045653343200683594
0.04520297050476074
0.04458355903625488
0.04511404037475586
0.04419064521789551
0.04452872276306152
0.053750038146972656
0.05522322654724121
0.04554009437561035
0.04564213752746582
0.045388221740722656
0.04494166374206543
0.044440269470214844
0.044792890548706055
0.044815778732299805
0.044867515563964844
0.06035494804382324
0.0461881160736084
0.05291152000427246
0.0444188117980957
0.04471874237060547
0.044457197189331055
0.04497051239013672
0.052633047103881836
0.04519224166870117
0.049745798110961914
0.04488182067871094
0.04502415657043457
0.044869422912597656
0.04932761192321777
0.05459904670715332
0.044629573822021484
0.04451251029968262
0.044095754623413086
0.04963183403015137
0.04496026039123535
0.04483675956726074
0.04789447784423828
0.044860124588012695
0.04506397247314453
0.044710397720336914
0.0460970401763916
0.05415201187133789
0.05200767517089844
0.04584836959838867
0.045149803161621094
0.04556727409362793
0.046506643295288086
0.04405355453491211
0.045632123947143555
0.05252218246459961
0.04804587364196777
0.050139427185058594
0.04524946212768555
0.045624732971191406
0.04557013511657715
0.04481005668640137
0.04538416862487793
0.04456353187561035
0.045999765396118164
0.04511237144470215
0.05211639404296875
0.04554438591003418
0.04489707946777344
0.04491066932678223
0.04634904861450195
0.0448453426361084
0.04459333419799805
0.04444551467895508
0.04519534111022949
0.04997897148132324
0.04594159126281738
0.045117855072021484
0.04496502876281738
0.04486846923828125
0.04502725601196289
0.044586896896362305
0.0444948673248291
0.04524731636047363
0.051870107650756836
0.047179460525512695
0.045003652572631836
0.04444527626037598
0.04589200019836426
0.04432868957519531
0.045766353607177734
0.044623374938964844
0.044887542724609375
0.049710750579833984
0.04520893096923828
0.04668855667114258
0.04820823669433594
0.04632973670959473
0.04459428787231445
0.04456281661987305
0.04664969444274902
0.04587817192077637
0.05019807815551758
0.04517698287963867
0.04492330551147461
0.045294761657714844
0.04794645309448242
0.044486284255981445
0.04441714286804199
0.044109344482421875
0.04487419128417969
0.05053877830505371
0.045539140701293945
0.04537487030029297
0.04494929313659668
0.04530668258666992
0.052609920501708984
0.04825544357299805
0.04491376876831055
0.0464017391204834
0.05037522315979004
0.04541182518005371
0.045285940170288086
0.04520726203918457
0.044805288314819336
0.044286489486694336
0.044309377670288086
0.044515371322631836
0.0526576042175293
0.050169944763183594
0.04619717597961426
0.04924154281616211
0.0559844970703125
0.055149078369140625
0.04745221138000488
0.04733753204345703
0.04671478271484375
0.046781063079833984
0.052525997161865234
0.049085378646850586
0.04717683792114258
0.04763507843017578
0.046906232833862305
0.04898858070373535
0.05459427833557129
0.04679751396179199
0.04424858093261719
0.04971051216125488
0.044814348220825195
0.04492068290710449
0.04482913017272949
0.04440140724182129
0.04454922676086426
0.0461726188659668
0.04426240921020508
0.044815778732299805
0.052391767501831055
0.04807567596435547
0.0472874641418457
0.0469050407409668
0.046822547912597656
0.04410839080810547
0.052530765533447266
0.04650235176086426
0.047055721282958984
0.051405906677246094
0.047467708587646484
0.047151803970336914
0.04767203330993652
0.04662156105041504
0.04434633255004883
0.05452561378479004
0.052583932876586914
0.046622276306152344
0.0516664981842041
0.04508066177368164
0.04849886894226074
0.04518294334411621
0.04445600509643555
0.04435133934020996
0.044356584548950195
0.043933868408203125
0.04422569274902344
0.04970288276672363
0.0448915958404541
0.045134782791137695
0.044788360595703125
0.04452371597290039
0.04427456855773926
0.044783592224121094
0.04414248466491699
0.04427599906921387
0.04984569549560547
0.04516911506652832
0.04823040962219238
0.044660091400146484
0.04456448554992676
0.044291019439697266
0.044441938400268555
0.052393436431884766
0.04678082466125488
0.05159735679626465
0.048503875732421875
0.044957637786865234
0.048180341720581055
0.044664859771728516
0.04474592208862305
0.04474663734436035
0.04423880577087402
0.05303764343261719
0.05369758605957031
0.04913187026977539
0.04711031913757324
0.0488283634185791
0.04456305503845215
0.045603036880493164
0.04515194892883301
0.04511880874633789
0.045290470123291016
0.06193971633911133
0.05154156684875488
0.04590439796447754
0.053128957748413086
0.04482913017272949
0.04493069648742676
0.05262160301208496
0.045224905014038086
0.04913640022277832
0.05048370361328125
0.045133352279663086
0.04695248603820801
0.04632401466369629
0.04594993591308594
0.0449061393737793
0.04498147964477539
0.04498600959777832
0.04583740234375
0.05031394958496094
0.04507017135620117
0.044901132583618164
0.04514908790588379
0.04823708534240723
0.04439949989318848
0.04496502876281738
0.04488372802734375
0.04533243179321289
0.05393648147583008
0.04723525047302246
0.0449376106262207
0.045253753662109375
0.04468703269958496
0.04448866844177246
0.0466609001159668
0.04682660102844238
0.04658222198486328
0.050579071044921875
0.045259714126586914
0.04718303680419922
0.04726767539978027
0.04451417922973633
0.0444338321685791
0.04673409461975098
0.04681897163391113
0.04514455795288086
0.04949498176574707
0.0450284481048584
0.04527473449707031
0.04490542411804199
0.04464387893676758
0.04427671432495117
0.04484438896179199
0.0456080436706543
0.04473590850830078
0.04991555213928223
0.04513740539550781
0.04547715187072754
0.0448613166809082
0.04434466361999512
0.044542789459228516
0.04629349708557129
0.05246162414550781
0.04472088813781738
0.05010199546813965
0.04481077194213867
0.04468083381652832
0.04452180862426758
0.044423818588256836
0.04486489295959473
0.044830322265625
0.04686856269836426
0.04473710060119629
0.04992961883544922
0.045330047607421875
0.045722246170043945
0.04509782791137695
0.04514956474304199
0.046044111251831055
0.04572129249572754
0.04549860954284668
0.04489874839782715
0.049747467041015625
0.04488229751586914
0.04512596130371094
0.05306553840637207
0.04494786262512207
0.04451942443847656
0.044389963150024414
0.04455137252807617
0.050434112548828125
0.049326419830322266
0.04994821548461914
0.04452967643737793
0.04459857940673828
0.04425621032714844
0.04419398307800293
0.04402446746826172
0.0441741943359375
0.04428291320800781
0.04916954040527344
0.046343326568603516
0.044364213943481445
0.044644832611083984
0.044730186462402344
0.04425978660583496
0.044396162033081055
0.04464411735534668
0.044447898864746094
0.04967641830444336
0.044986724853515625
0.04463553428649902
0.046038150787353516
0.04396986961364746
0.04447579383850098
0.04392528533935547
0.04399561882019043
0.04593157768249512
0.0496518611907959
0.04516124725341797
0.04439043998718262
0.04428887367248535
0.04399394989013672
0.0442967414855957
0.04411482810974121
0.04376697540283203
0.04469871520996094
0.04937911033630371
0.045259952545166016
0.04499697685241699
0.04475545883178711
0.04598402976989746
0.04623079299926758
0.04403424263000488
0.04419755935668945
0.04456686973571777
0.04961371421813965
0.046541452407836914
0.04475092887878418
0.053687095642089844
0.053221702575683594
0.05034160614013672
0.04648995399475098
0.04437565803527832
0.04521799087524414
0.05798077583312988
0.053934574127197266
0.04559969902038574
0.04522395133972168
0.04467058181762695
0.05285334587097168
0.0536801815032959
0.053018808364868164
0.05017375946044922
0.05079817771911621
0.045362234115600586
0.04563641548156738
0.045328378677368164
0.0467071533203125
0.04524850845336914
0.05243539810180664
0.0521695613861084
0.052240610122680664
0.049782752990722656
0.045919179916381836
0.045379638671875
0.04513120651245117
0.044591426849365234
0.04647231101989746
0.05302762985229492
0.044312238693237305
0.05329012870788574
0.05074787139892578
0.05183601379394531
0.04659914970397949
0.04431605339050293
0.044925689697265625
0.044498443603515625
0.04445171356201172
0.04484128952026367
0.04477858543395996
0.04949331283569336
0.04562187194824219
0.045197486877441406
0.04509258270263672
0.04476165771484375
0.053008317947387695
0.045792579650878906
0.04429960250854492
0.044268131256103516
0.05036664009094238
0.054024457931518555
0.04602622985839844
0.04696774482727051
0.044953107833862305
0.04431772232055664
0.04503440856933594
0.05283832550048828
0.050818443298339844
0.05055665969848633
0.04535531997680664
0.04691004753112793
0.04523015022277832
0.05724310874938965
0.04682421684265137
0.04655003547668457
0.048316240310668945
0.05282473564147949
0.054529666900634766
0.045442819595336914
0.05307769775390625
0.04840421676635742
0.04470944404602051
0.044628143310546875
0.04452633857727051
0.044696807861328125
0.04654669761657715
0.05210614204406738
0.04731869697570801
0.047052621841430664
0.048090219497680664
0.04660367965698242
0.046439409255981445
0.04447126388549805
0.04479050636291504
0.04696941375732422
0.04998636245727539
0.0455167293548584
0.04520297050476074
0.04874086380004883
0.04675722122192383
0.04639887809753418
0.046541690826416016
0.04609346389770508
0.04741477966308594
0.05154895782470703
0.04668402671813965
0.04504561424255371
0.04649043083190918
0.046907663345336914
0.044892072677612305
0.050225257873535156
0.044211626052856445
0.04508090019226074
0.04943251609802246
0.04481673240661621
0.05237078666687012
0.04746651649475098
0.04389309883117676
0.044060707092285156
0.046456336975097656
0.04388427734375
0.04889869689941406
0.049697160720825195
0.04537391662597656
0.044885873794555664
0.04469776153564453
0.04438209533691406
0.04435014724731445
0.04621100425720215
0.04482388496398926
0.044960737228393555
0.05051112174987793
0.0451509952545166
0.044975996017456055
0.04435086250305176
0.044146060943603516
0.0439605712890625
0.044673919677734375
0.04460024833679199
0.04496502876281738
0.04973912239074707
0.04478883743286133
0.044628143310546875
0.04488396644592285
0.05242323875427246
0.052042484283447266
0.05160641670227051
0.043642282485961914
0.0448150634765625
0.04909968376159668
0.0444033145904541
0.04410219192504883
0.05450725555419922
0.044266462326049805
0.04557299613952637
0.045978546142578125
0.04438495635986328
0.04450821876525879
0.04903054237365723
0.04468488693237305
0.045110225677490234
0.04491543769836426
0.04450583457946777
0.04407620429992676
0.04407238960266113
0.04419565200805664
0.044841766357421875
0.049147844314575195
0.04555988311767578
0.045113563537597656
0.04407691955566406
0.044738054275512695
0.04436993598937988
0.047667741775512695
0.04450798034667969
0.044795989990234375
0.04970526695251465
0.04580950736999512
0.0453183650970459
0.04611659049987793
0.044341087341308594
0.04445147514343262
0.04450225830078125
0.04534602165222168
0.04445171356201172
0.04977273941040039
0.04516172409057617
0.04486846923828125
0.04500603675842285
0.0443110466003418
0.04463076591491699
0.044364213943481445
0.047960519790649414
0.045266151428222656
0.05009651184082031
0.04565858840942383
0.04447579383850098
0.044886112213134766
0.04496002197265625
0.04840278625488281
0.04515504837036133
0.04699254035949707
0.04520821571350098
0.049932003021240234
0.05289721488952637
0.04609084129333496
0.05524110794067383
0.04937553405761719
0.04423189163208008
0.044158935546875
0.04450869560241699
0.04467034339904785
0.04929351806640625
0.05296754837036133
0.04415440559387207
0.04543328285217285
0.04407310485839844
0.044611215591430664
0.05238962173461914
0.048510074615478516
0.04487419128417969
0.051003456115722656
0.044574737548828125
0.044490814208984375
0.04555106163024902
0.044252872467041016
0.04460477828979492
0.04415464401245117
0.044287919998168945
0.04519057273864746
0.04987835884094238
0.04541921615600586
0.04505610466003418
0.04611563682556152
0.045395851135253906
0.04401421546936035
0.044786930084228516
0.04385662078857422
0.04481935501098633
0.049721717834472656
0.04572486877441406
0.04920315742492676
0.04480600357055664
0.04419231414794922
0.0438539981842041
0.04398798942565918
0.044294118881225586
0.04453325271606445
0.04921770095825195
0.04497861862182617
0.05513763427734375
0.055065155029296875
0.04412555694580078
0.046289682388305664
0.04422712326049805
0.04374885559082031
0.04476571083068848
0.058580636978149414
0.055466413497924805
0.04506540298461914
0.04480791091918945
0.044927120208740234
0.044753313064575195
0.04421091079711914
0.04413294792175293
0.04474997520446777
0.049788713455200195
0.045595407485961914
0.04539966583251953
0.045037031173706055
0.04449295997619629
0.044034719467163086
0.05162453651428223
0.04476213455200195
0.045508384704589844
0.04929018020629883
0.053212642669677734
0.044594764709472656
0.05084872245788574
0.04612994194030762
0.04419994354248047
0.04432058334350586
0.04416775703430176
0.05952739715576172
0.05875730514526367
0.05166172981262207
0.04711008071899414
0.046910762786865234
0.04598736763000488
0.05175065994262695
0.05065798759460449
0.04447770118713379
0.04766392707824707
0.05203890800476074
0.047271728515625
0.04665231704711914
0.046875953674316406
0.044206857681274414
0.04374265670776367
0.045868635177612305
0.04402494430541992
0.044667720794677734
0.04964780807495117
0.04488706588745117
0.04442548751831055
0.05228114128112793
0.04587864875793457
0.04375028610229492
0.043699026107788086
0.04385495185852051
0.044155120849609375
0.048827409744262695
0.04407238960266113
0.04410433769226074
0.04410886764526367
0.04367566108703613
0.043868064880371094
0.05228304862976074
0.044236183166503906
0.052416324615478516
0.054546356201171875
0.04854536056518555
0.04422473907470703
0.04572105407714844
0.043976783752441406
0.04651594161987305
0.04378914833068848
0.043878793716430664
0.04442739486694336
0.04936575889587402
0.04473257064819336
0.04478335380554199
0.0457761287689209
0.04593181610107422
0.04723978042602539
0.046205997467041016
0.04640388488769531
0.044031381607055664
0.050466060638427734
0.044705867767333984
0.04583430290222168
0.043962717056274414
0.04399895668029785
0.046059370040893555
0.04633736610412598
0.0458683967590332
0.04523468017578125
0.05485272407531738
0.04455995559692383
0.04445147514343262
0.04424619674682617
0.04389190673828125
0.04422497749328613
0.04356646537780762
0.04423093795776367
0.04473376274108887
0.05073428153991699
0.04450035095214844
0.044173479080200195
0.052562713623046875
0.047477006912231445
0.04404306411743164
0.04415178298950195
0.04521536827087402
0.04646039009094238
0.04836249351501465
0.044220685958862305
0.04375314712524414
0.04416918754577637
0.044001102447509766
0.05213165283203125
0.04765915870666504
0.04544687271118164
0.044432640075683594
0.04849100112915039
0.04503679275512695
0.04445004463195801
0.05392909049987793
0.04576897621154785
0.04409384727478027
0.04613542556762695
0.04524493217468262
0.044411659240722656
0.048787832260131836
0.04464125633239746
0.04571890830993652
0.04419994354248047
0.04349493980407715
0.04435396194458008
0.04405045509338379
0.05205821990966797
0.045706748962402344
0.04866361618041992
0.046539306640625
0.04475760459899902
0.04444169998168945
0.0442655086517334
0.04405641555786133
0.043558597564697266
0.04361248016357422
0.044739723205566406
0.04924368858337402
0.04494976997375488
0.04393720626831055
0.04478335380554199
0.04427456855773926
0.04356861114501953
0.0429530143737793
0.04435896873474121
0.045098304748535156
0.04841327667236328
0.046157121658325195
0.048543691635131836
0.05252408981323242
0.04406023025512695
0.043793678283691406
0.04352760314941406
0.04357028007507324
0.04435849189758301
0.0483553409576416
0.04420590400695801
0.04434084892272949
0.05363011360168457
0.043878793716430664
0.049288034439086914
0.04364299774169922
0.04311656951904297
0.04483342170715332
0.06054091453552246
0.04535484313964844
0.04654335975646973
0.044831275939941406
0.044165611267089844
0.04436016082763672
0.04404807090759277
0.04388904571533203
0.0467066764831543
0.04908490180969238
0.04448699951171875
0.04411816596984863
0.04453229904174805
0.052271366119384766
0.05106234550476074
0.043892621994018555
0.04338884353637695
0.04545331001281738
0.048871517181396484
0.04421496391296387
0.0446162223815918
0.054914236068725586
0.04579472541809082
0.043845415115356445
0.04454612731933594
0.04409527778625488
0.045441389083862305
0.04988431930541992
0.05289745330810547
0.04602766036987305
0.04407644271850586
0.043659210205078125
0.043631553649902344
0.04391884803771973
0.043372392654418945
0.04465937614440918
0.04926800727844238
0.04645395278930664
0.04470396041870117
0.04391121864318848
0.04362177848815918
0.04371047019958496
0.04379558563232422
0.0456080436706543
0.05512690544128418
0.05842423439025879
0.052755117416381836
0.048418521881103516
0.044226884841918945
0.04515242576599121
0.04399752616882324
0.04381203651428223
0.043448686599731445
0.045308828353881836
0.05084657669067383
0.044704437255859375
0.044277191162109375
0.043517112731933594
0.04393434524536133
0.043402671813964844
0.04389190673828125
0.04421544075012207
0.044680118560791016
0.04891061782836914
0.044673919677734375
0.04419112205505371
0.04451942443847656
0.046041011810302734
0.04420590400695801
0.04569840431213379
0.04358792304992676
0.04392194747924805
0.04904460906982422
0.0442655086517334
0.04429817199707031
0.04398226737976074
0.044617652893066406
0.04463839530944824
0.04419374465942383
0.043593406677246094
0.04576897621154785
0.04944109916687012
0.046796560287475586
0.044939517974853516
0.04475855827331543
0.04469704627990723
0.04777646064758301
0.043955326080322266
0.044090986251831055
0.04445147514343262
0.04948925971984863
0.04436063766479492
0.04444718360900879
0.044516563415527344
0.04422450065612793
0.0441737174987793
0.04416847229003906
0.04994082450866699
0.04537701606750488
0.04921531677246094
0.04497575759887695
0.04480886459350586
0.04442024230957031
0.044367074966430664
0.04365658760070801
0.043930768966674805
0.04373359680175781
0.04411816596984863
0.05181550979614258
0.04485750198364258
0.056528329849243164
0.04487252235412598
0.044889211654663086
0.04342770576477051
0.04353141784667969
0.04292440414428711
0.04401516914367676
0.04884505271911621
0.04433131217956543
0.04402899742126465
0.04411935806274414
0.04342246055603027
0.04380440711975098
0.04479479789733887
0.0441434383392334
0.04523897171020508
0.04946541786193848
0.044385433197021484
0.044168949127197266
0.04421854019165039
0.04439067840576172
0.04629683494567871
0.04441976547241211
0.04380488395690918
0.04439735412597656
0.04896831512451172
0.04482293128967285
0.044481754302978516
0.04477977752685547
0.04395937919616699
0.04445385932922363
0.04504680633544922
0.04408884048461914
0.04410958290100098
0.04990100860595703
0.04487752914428711
0.0443723201751709
0.043819427490234375
0.043860673904418945
0.04806184768676758
0.04445362091064453
0.0435490608215332
0.04516887664794922
0.048866987228393555
0.04471635818481445
0.043927907943725586
0.05106616020202637
0.04374408721923828
0.04395866394042969
0.04394936561584473
0.04372119903564453
0.04459524154663086
0.05739092826843262
0.04606366157531738
0.04374384880065918
0.04378247261047363
0.04374885559082031
0.04367184638977051
0.04355049133300781
0.04354572296142578
0.04451751708984375
0.049228668212890625
0.04478001594543457
0.04431867599487305
0.04425406455993652
0.04424428939819336
0.04450535774230957
0.05192875862121582
0.05212044715881348
0.044716835021972656
0.0563356876373291
0.04503655433654785
0.04446697235107422
0.044655799865722656
0.0442814826965332
0.0437016487121582
0.043735504150390625
0.044188737869262695
0.04468059539794922
0.04916977882385254
0.04449033737182617
0.04425859451293945
0.05332756042480469
0.04826831817626953
0.04449033737182617
0.04407143592834473
0.044107913970947266
0.04455995559692383
0.05000448226928711
0.04501628875732422
0.04515528678894043
0.04459714889526367
0.04392218589782715
0.043975830078125
0.04379391670227051
0.04464244842529297
0.04505324363708496
0.05094289779663086
0.04629182815551758
0.044489383697509766
0.04395031929016113
0.044028520584106445
0.04407548904418945
0.04592561721801758
0.04425454139709473
0.044981956481933594
0.049436330795288086
0.04483389854431152
0.053015947341918945
0.04986000061035156
0.04398202896118164
0.04349064826965332
0.04839491844177246
0.044029951095581055
0.04475975036621094
0.05146479606628418
0.045545101165771484
0.04492902755737305
0.044782161712646484
0.04488801956176758
0.04359173774719238
0.04398179054260254
0.0437009334564209
0.04467511177062988
0.04955458641052246
0.04511570930480957
0.05550885200500488
0.04701399803161621
0.04642057418823242
0.05247187614440918
0.04654574394226074
0.044853925704956055
0.04674887657165527
0.05025339126586914
0.04485297203063965
0.04564070701599121
0.047391653060913086
0.046103715896606445
0.04674410820007324
0.0462186336517334
0.04679274559020996
0.04702281951904297
0.05746126174926758
0.044912099838256836
0.044809579849243164
0.05471348762512207
0.04416227340698242
0.046777963638305664
0.04457736015319824
0.04412198066711426
0.0450742244720459
0.04957890510559082
0.04506945610046387
0.04499530792236328
0.0442509651184082
0.044220685958862305
0.04467892646789551
0.04462933540344238
0.043942928314208984
0.04682755470275879
0.04949522018432617
0.04459714889526367
0.04460644721984863
0.04572606086730957
0.04652976989746094
0.04459881782531738
0.04444575309753418
0.05155324935913086
0.05473470687866211
0.05297422409057617
0.04916977882385254
0.044217586517333984
0.04451870918273926
0.043548583984375
0.04359745979309082
0.04400825500488281
0.04535031318664551
0.04457283020019531
0.05086016654968262
0.04466652870178223
0.04444551467895508
0.04575777053833008
0.044403791427612305
0.04363274574279785
0.043969154357910156
0.047284841537475586
0.04448962211608887
0.049646854400634766
0.04567980766296387
0.045624732971191406
0.05749797821044922
0.045008182525634766
0.05201148986816406
0.0440669059753418
0.04370832443237305
0.043987274169921875
0.049604177474975586
0.04501533508300781
0.04452824592590332
0.044425010681152344
0.0443110466003418
0.0437464714050293
0.04411625862121582
0.0440526008605957
0.04473090171813965
0.04935050010681152
0.04455089569091797
0.04436373710632324
0.0443120002746582
0.044292449951171875
0.04384660720825195
0.04403853416442871
0.04406118392944336
0.044823408126831055
0.04970359802246094
0.04487419128417969
0.04443001747131348
0.05466055870056152
0.0446162223815918
0.04592299461364746
0.04470109939575195
0.044332027435302734
0.045008182525634766
0.05026817321777344
0.04542112350463867
0.04523634910583496
0.044837236404418945
0.04476308822631836
0.04423999786376953
0.04433321952819824
0.043822288513183594
0.04501509666442871
0.051358699798583984
0.053226470947265625
0.04666018486022949
0.04480886459350586
0.05224108695983887
0.04651141166687012
0.044159650802612305
0.04411602020263672
0.04443979263305664
0.04961800575256348
0.044773101806640625
0.0527186393737793
0.046765804290771484
0.044560909271240234
0.043556928634643555
0.043669700622558594
0.04379749298095703
0.044358253479003906
0.048674821853637695
0.04603099822998047
0.044046640396118164
0.0438838005065918
0.043840646743774414
0.04351043701171875
0.04424858093261719
0.04590272903442383
0.04740643501281738
0.049382686614990234
0.04472160339355469
0.04502511024475098
0.04539918899536133
0.04416370391845703
0.04404306411743164
0.04362654685974121
0.043012380599975586
0.044956207275390625
0.049582481384277344
0.04487776756286621
0.04428386688232422
0.04389691352844238
0.0456998348236084
0.04536771774291992
0.04452776908874512
0.044267892837524414
0.04499411582946777
0.04972505569458008
0.05283975601196289
0.04427623748779297
0.04656386375427246
0.044431447982788086
0.04421353340148926
0.04440903663635254
0.04395294189453125
0.044919490814208984
0.04947400093078613
0.4308452606201172
0.05044150352478027
0.05138874053955078
0.05030655860900879
0.05080294609069824
0.050279855728149414
0.05077624320983887
0.050005197525024414
0.056322574615478516
0.05114579200744629
0.05020618438720703
0.050539493560791016
0.05073714256286621
0.05088448524475098
0.05060935020446777
0.0506894588470459
0.050150394439697266
0.0584864616394043
0.05091452598571777
0.05124974250793457
0.051900386810302734
0.05072188377380371
0.05049586296081543
0.05030059814453125
0.051801204681396484
0.05821347236633301
0.05643343925476074
0.04969954490661621
0.050475358963012695
0.05088639259338379
0.049988746643066406
0.05000495910644531
0.05050063133239746
0.05040740966796875
0.05258822441101074
0.06627130508422852
0.05045294761657715
0.051450490951538086
0.05084848403930664
0.05063915252685547
0.05050945281982422
0.05064892768859863
0.05080151557922363
0.05089616775512695
0.057091712951660156
0.05069279670715332
0.05025768280029297
0.05075478553771973
0.05236935615539551
0.05004262924194336
0.050435781478881836
0.05002617835998535
0.05159616470336914
0.05703091621398926
0.05006980895996094
0.050415992736816406
0.052242279052734375
0.04979753494262695
0.05030941963195801
0.050179481506347656
0.05048108100891113
0.05089712142944336
0.05678057670593262
0.05183219909667969
0.0507659912109375
0.05129861831665039
0.05119752883911133
0.051054954528808594
0.051824331283569336
0.050554752349853516
0.05149030685424805
0.05756044387817383
0.05145978927612305
0.05146169662475586
0.05061078071594238
0.05101323127746582
0.052707672119140625
0.05164957046508789
0.05076408386230469
0.05108189582824707
0.05930829048156738
0.0508420467376709
0.05138659477233887
0.051134347915649414
0.05050921440124512
0.05040478706359863
0.05062127113342285
0.05039262771606445
0.05075335502624512
0.05793452262878418
0.05077219009399414
0.050711870193481445
0.05071306228637695
0.05255270004272461
0.05015444755554199
0.05826377868652344
0.05029916763305664
0.05083918571472168
0.057164907455444336
0.05320239067077637
0.051526546478271484
0.05051732063293457
0.05001115798950195
0.049692630767822266
0.04880070686340332
0.04870748519897461
0.0577998161315918
0.05561041831970215
0.04940342903137207
0.0493619441986084
0.049102067947387695
0.04933047294616699
0.049738407135009766
0.04958939552307129
0.04891085624694824
0.04963350296020508
0.0542299747467041
0.048529624938964844
0.04916691780090332
0.0489044189453125
0.049884796142578125
0.04946541786193848
0.04995298385620117
0.04876136779785156
0.04865694046020508
0.053846120834350586
0.0481569766998291
0.048856258392333984
0.0573885440826416
0.05153036117553711
0.04829239845275879
0.04751133918762207
0.04732012748718262
0.05556941032409668
0.05358123779296875
0.048578500747680664
0.04775810241699219
0.04774904251098633
0.04727911949157715
0.046880483627319336
0.05208230018615723
0.04559969902038574
0.04550433158874512
0.05321145057678223
0.04755806922912598
0.04658842086791992
0.05745530128479004
0.05027961730957031
0.045685529708862305
0.04478597640991211
0.04683279991149902
0.04495573043823242
0.05521082878112793
0.049163818359375
0.047904253005981445
0.04765892028808594
0.04740476608276367
0.047447919845581055
0.04429173469543457
0.04495096206665039
0.04800271987915039
0.05398416519165039
0.04829907417297363
0.0534822940826416
0.047585248947143555
0.047240495681762695
0.04695701599121094
0.04723763465881348
0.04971027374267578
0.04469752311706543
0.051752328872680664
0.04601168632507324
0.04509091377258301
0.04474925994873047
0.04529094696044922
0.05224609375
0.04660987854003906
0.04330325126647949
0.044327497482299805
0.050576210021972656
0.04567527770996094
0.04395771026611328
0.04487299919128418
0.0435488224029541
0.0438539981842041
0.04361867904663086
0.04314136505126953
0.04454326629638672
0.05879569053649902
0.045885324478149414
0.04497838020324707
0.045203208923339844
0.0462183952331543
0.04567718505859375
0.0463709831237793
0.04472994804382324
0.05358457565307617
0.05786442756652832
0.04607081413269043
0.043961524963378906
0.044483184814453125
0.04426002502441406
0.044063568115234375
0.04441356658935547
0.04404568672180176
0.04433035850524902
0.05055379867553711
0.04529166221618652
0.04494786262512207
0.04468655586242676
0.04373478889465332
0.043991804122924805
0.04354357719421387
0.04537487030029297
0.043982505798339844
0.05162334442138672
0.04557323455810547
0.046828508377075195
0.0444788932800293
0.04480934143066406
0.044434547424316406
0.044852256774902344
0.04442858695983887
0.04403352737426758
0.04994034767150879
0.04532027244567871
0.04492306709289551
0.0445246696472168
0.044173240661621094
0.04465961456298828
0.04511904716491699
0.04400801658630371
0.043895721435546875
0.04987931251525879
0.04522371292114258
0.04565691947937012
0.04475140571594238
0.04425954818725586
0.04459738731384277
0.04556536674499512
0.04453158378601074
0.05393171310424805
0.05059051513671875
0.04549455642700195
0.044916629791259766
0.04491734504699707
0.04689192771911621
0.043889760971069336
0.04439592361450195
0.04371285438537598
0.0445554256439209
0.05113577842712402
0.04557681083679199
0.044759511947631836
0.04453682899475098
0.04420185089111328
0.043634891510009766
0.04386734962463379
0.045296669006347656
0.044393301010131836
0.04921698570251465
0.0453948974609375
0.054088592529296875
0.0477299690246582
0.044072866439819336
0.043817996978759766
0.04429197311401367
0.043931007385253906
0.04576230049133301
0.049201250076293945
0.04471611976623535
0.04433250427246094
0.044083595275878906
0.044156789779663086
0.04419994354248047
0.044020652770996094
0.04380393028259277
0.04399418830871582
0.04928278923034668
0.04457426071166992
0.044721364974975586
0.04478931427001953
0.04433703422546387
0.043598175048828125
0.04352307319641113
0.04401254653930664
0.0440671443939209
0.058341026306152344
0.047354936599731445
0.045294761657714844
0.0440974235534668
0.044127464294433594
0.04447579383850098
0.04438376426696777
0.04344820976257324
0.04428577423095703
0.04971814155578613
0.04615044593811035
0.0449519157409668
0.054871559143066406
0.049974679946899414
0.04421186447143555
0.044605255126953125
0.043882131576538086
0.04464864730834961
0.04990100860595703
0.045725107192993164
0.052506446838378906
0.049131155014038086
0.04529833793640137
0.04408383369445801
0.04484057426452637
0.04377388954162598
0.044121742248535156
0.05016970634460449
0.04511570930480957
0.046740055084228516
0.0440068244934082
0.04581856727600098
0.044260263442993164
0.04607963562011719
0.0441594123840332
0.044033050537109375
0.04966449737548828
0.04522442817687988
0.046102046966552734
0.04510807991027832
0.044415950775146484
0.0440516471862793
0.04455375671386719
0.043698787689208984
0.044519901275634766
0.05005168914794922
0.05511903762817383
0.0473024845123291
0.047078609466552734
0.04423832893371582
0.043732643127441406
0.043794870376586914
0.046534061431884766
0.046518564224243164
0.051836490631103516
0.04957151412963867
0.04732251167297363
0.04697299003601074
0.04642510414123535
0.04636669158935547
0.048270225524902344
0.04574322700500488
0.04621124267578125
0.052251338958740234
0.047686100006103516
0.04744362831115723
0.05455899238586426
0.04691028594970703
0.046853065490722656
0.04608464241027832
0.04623126983642578
0.04575181007385254
0.04947161674499512
0.0449373722076416
0.052962303161621094
0.05132317543029785
0.04408669471740723
0.04423809051513672
0.043608903884887695
0.04481029510498047
0.04436016082763672
0.04970574378967285
0.04527473449707031
0.04545307159423828
0.044910430908203125
0.044119834899902344
0.04405927658081055
0.04416799545288086
0.04350090026855469
0.044183969497680664
0.04899740219116211
0.04523611068725586
0.04436063766479492
0.04415535926818848
0.04419827461242676
0.04379630088806152
0.04411196708679199
0.04480457305908203
0.04444146156311035
0.04947233200073242
0.04492545127868652
0.04462027549743652
0.04403376579284668
0.04565072059631348
0.04395580291748047
0.043993473052978516
0.0437467098236084
0.044930219650268555
0.05001950263977051
0.04572916030883789
0.04529309272766113
0.04512381553649902
0.05307292938232422
0.04460310935974121
0.043856143951416016
0.04518270492553711
0.045633554458618164
0.05015707015991211
0.05575704574584961
0.04917454719543457
0.04490375518798828
0.043610572814941406
0.04399991035461426
0.04479217529296875
0.044217824935913086
0.04566669464111328
0.0516507625579834
0.04757809638977051
0.04501223564147949
0.05290865898132324
0.047765493392944336
0.04423666000366211
0.04420900344848633
0.0446929931640625
0.044107675552368164
0.05040717124938965
0.0457310676574707
0.046647071838378906
0.0532832145690918
0.04489445686340332
0.04445934295654297
0.044709205627441406
0.04455161094665527
0.04479074478149414
0.0506589412689209
0.04580879211425781
0.045389652252197266
0.045214176177978516
0.045278072357177734
0.04645657539367676
0.04471254348754883
0.044777870178222656
0.046375274658203125
0.05260109901428223
0.04601597785949707
0.04524397850036621
0.0449068546295166
0.04464864730834961
0.044321298599243164
0.04448533058166504
0.0440526008605957
0.0446925163269043
0.051851511001586914
0.04567098617553711
0.0452420711517334
0.04539012908935547
0.044324636459350586
0.04471611976623535
0.05206441879272461
0.04529070854187012
0.044977426528930664
0.05510115623474121
0.04602169990539551
0.047246456146240234
0.04683089256286621
0.04651141166687012
0.046524763107299805
0.05292701721191406
0.055371761322021484
0.046845436096191406
0.05021548271179199
0.04537367820739746
0.05462384223937988
0.0531768798828125
0.04872465133666992
0.04406428337097168
0.04445815086364746
0.048314571380615234
0.04457855224609375
0.051282644271850586
0.05291271209716797
0.05252408981323242
0.04703712463378906
0.05034184455871582
0.04387807846069336
0.04478883743286133
0.044914960861206055
0.0447382926940918
0.05085015296936035
0.04545950889587402
0.0447697639465332
0.045131683349609375
0.04508161544799805
0.04488039016723633
0.04488372802734375
0.04448127746582031
0.04451441764831543
0.05020880699157715
0.0549008846282959
0.054660797119140625
0.04494881629943848
0.04533648490905762
0.045081138610839844
0.04426074028015137
0.04419851303100586
0.04516124725341797
0.050627946853637695
0.04584455490112305
0.04542183876037598
0.045279741287231445
0.04402899742126465
0.045070648193359375
0.046282052993774414
0.04495072364807129
0.04490947723388672
0.05035090446472168
0.04551267623901367
0.04514336585998535
0.04686903953552246
0.04451870918273926
0.04383444786071777
0.044425010681152344
0.044672250747680664
0.045030832290649414
0.05070924758911133
0.04694223403930664
0.04510021209716797
0.04631185531616211
0.04481077194213867
0.04457521438598633
0.0463099479675293
0.04391765594482422
0.04563570022583008
0.0560762882232666
0.047116994857788086
0.04526948928833008
0.044888973236083984
0.044721364974975586
0.0445246696472168
0.04458260536193848
0.044364213943481445
0.045135498046875
0.060469865798950195
0.05372190475463867
0.045304298400878906
0.0452725887298584
0.05260157585144043
0.04441666603088379
0.044229984283447266
0.04419231414794922
0.04465532302856445
0.049932241439819336
0.04544258117675781
0.055066585540771484
0.04762458801269531
0.04445648193359375
0.044400691986083984
0.044713735580444336
0.0444033145904541
0.04461097717285156
0.05071663856506348
0.0471193790435791
0.04485940933227539
0.05239415168762207
0.04650425910949707
0.044104576110839844
0.043822288513183594
0.04391932487487793
0.04426980018615723
0.05129384994506836
0.045747995376586914
0.045009613037109375
0.04506516456604004
0.04418063163757324
0.04453301429748535
0.04466819763183594
0.05669665336608887
0.04967904090881348
0.05276203155517578
0.04770016670227051
0.04477095603942871
0.0450129508972168
0.048854827880859375
0.04655170440673828
0.04625129699707031
0.04658031463623047
0.04449582099914551
0.05266833305358887
0.04737687110900879
0.04477858543395996
0.04513859748840332
0.047033071517944336
0.052039384841918945
0.04684019088745117
0.04447793960571289
0.04475259780883789
0.0522303581237793
0.047429800033569336
0.04849362373352051
0.048345088958740234
0.04689216613769531
0.051995038986206055
0.05503559112548828
0.047211408615112305
0.04714226722717285
0.050037384033203125
0.0451815128326416
0.044487714767456055
0.043990373611450195
0.04433107376098633
0.0499114990234375
0.04414963722229004
0.04403567314147949
0.04448246955871582
0.05008244514465332
0.04467320442199707
0.04489326477050781
0.0443120002746582
0.044233083724975586
0.043448448181152344
0.04425168037414551
0.0440669059753418
0.04455089569091797
0.05195355415344238
0.04564356803894043
0.0444188117980957
0.0447235107421875
0.05161929130554199
0.05202937126159668
0.0442051887512207
0.043959856033325195
0.046700239181518555
0.05166769027709961
0.04689526557922363
0.04498791694641113
0.04469799995422363
0.04555249214172363
0.04422140121459961
0.04453706741333008
0.044536590576171875
0.044870853424072266
0.0504457950592041
0.045493364334106445
0.04462552070617676
0.04601097106933594
0.043737173080444336
0.04363417625427246
0.04402494430541992
0.04377341270446777
0.04485654830932617
0.050322532653808594
0.04534482955932617
0.04470205307006836
0.044945716857910156
0.04448509216308594
0.045040130615234375
0.04435992240905762
0.044425249099731445
0.04517936706542969
0.05072212219238281
0.04478788375854492
0.04498410224914551
0.04442429542541504
0.04380059242248535
0.04408073425292969
0.0442347526550293
0.044660091400146484
0.044320106506347656
0.049967050552368164
0.04540395736694336
0.04471111297607422
0.044397830963134766
0.044904232025146484
0.0441892147064209
0.044263362884521484
0.044106483459472656
0.044312238693237305
0.04969215393066406
0.045029640197753906
0.056308746337890625
0.052451133728027344
0.04600262641906738
0.04621434211730957
0.044534921646118164
0.04689979553222656
0.047185659408569336
0.052625179290771484
0.04742622375488281
0.046622514724731445
0.04436349868774414
0.044173479080200195
0.044260263442993164
0.04435920715332031
0.04678010940551758
0.0469052791595459
0.052858829498291016
0.04579353332519531
0.0529327392578125
0.04577302932739258
0.0442500114440918
0.04466366767883301
0.044478654861450195
0.044829368591308594
0.04694485664367676
0.05196690559387207
0.04582977294921875
0.04511666297912598
0.04480552673339844
0.044484615325927734
0.0447077751159668
0.044565439224243164
0.04415774345397949
0.04486989974975586
0.05049777030944824
0.0457768440246582
0.04731583595275879
0.0528104305267334
0.04593539237976074
0.04534554481506348
0.044680118560791016
0.04474449157714844
0.04446864128112793
0.05006861686706543
0.046530961990356445
0.04527997970581055
0.044791460037231445
0.04447579383850098
0.04458737373352051
0.04686689376831055
0.04386138916015625
0.04477977752685547
0.05230426788330078
0.047217607498168945
0.04501008987426758
0.04460883140563965
0.04422307014465332
0.0461575984954834
0.04445767402648926
0.0456242561340332
0.04519033432006836
0.05244112014770508
0.04879426956176758
0.047344207763671875
0.04470229148864746
0.04445219039916992
0.04469561576843262
0.04502987861633301
0.046417236328125
0.0467677116394043
0.05264902114868164
0.04557371139526367
0.04669380187988281
0.044862985610961914
0.04468989372253418
0.04441499710083008
0.04429221153259277
0.0453791618347168
0.0445559024810791
0.05054283142089844
0.045351505279541016
0.045523643493652344
0.04659557342529297
0.0442960262298584
0.04435133934020996
0.04533886909484863
0.04459738731384277
0.046849966049194336
0.05082201957702637
0.04558968544006348
0.053546905517578125
0.05025172233581543
0.054410696029663086
0.04481768608093262
0.04452776908874512
0.04421710968017578
0.04653429985046387
0.05061173439025879
0.04667329788208008
0.04486560821533203
0.053404808044433594
0.052843332290649414
0.049961090087890625
0.05461859703063965
0.04642009735107422
0.05530118942260742
0.05738425254821777
0.05523228645324707
0.04773139953613281
0.044960975646972656
0.04422569274902344
0.044351816177368164
0.05405426025390625
0.04532361030578613
0.045683860778808594
0.05007576942443848
0.044944047927856445
0.04587864875793457
0.045645952224731445
0.044550418853759766
0.04471898078918457
0.04442477226257324
0.04440617561340332
0.054097652435302734
0.05223894119262695
0.05332350730895996
0.04487276077270508
0.04630160331726074
0.044174909591674805
0.044260263442993164
0.04883766174316406
0.05256366729736328
0.044999122619628906
0.04981732368469238
0.04509687423706055
0.044727325439453125
0.045044660568237305
0.045912742614746094
0.045224666595458984
0.04476642608642578
0.04437589645385742
0.045239925384521484
0.050852298736572266
0.04660916328430176
0.05309772491455078
0.045307159423828125
0.0540158748626709
0.04525351524353027
0.04440593719482422
0.044855356216430664
0.046062469482421875
0.05039501190185547
0.04574275016784668
0.04739499092102051
0.04691362380981445
0.044704437255859375
0.04604387283325195
0.046518564224243164
0.045339107513427734
0.046785831451416016
0.0520632266998291
0.04567122459411621
0.04476785659790039
0.046768903732299805
0.045378923416137695
0.0446321964263916
0.05267620086669922
0.044837236404418945
0.04770350456237793
0.0500333309173584
0.046987295150756836
0.044919729232788086
0.044610023498535156
0.044158935546875
0.044837236404418945
0.046747684478759766
0.044216156005859375
0.0466310977935791
0.05155611038208008
0.04571676254272461
0.045183658599853516
0.04652571678161621
0.04522848129272461
0.04552268981933594
0.04433155059814453
0.04445028305053711
0.04466986656188965
0.050643205642700195
0.04556107521057129
0.04668593406677246
0.04484844207763672
0.052956581115722656
0.05034899711608887
0.04459118843078613
0.04407787322998047
0.05233025550842285
0.05131196975708008
0.04558610916137695
0.04478645324707031
0.04854393005371094
0.045000314712524414
0.04417562484741211
0.05273866653442383
0.045282840728759766
0.045686960220336914
0.05336451530456543
0.04715275764465332
0.04479861259460449
0.045258522033691406
0.04470682144165039
0.04637861251831055
0.04468870162963867
0.045809030532836914
0.045087337493896484
0.05063676834106445
0.04531717300415039
0.04520153999328613
0.04439592361450195
0.04430270195007324
0.04410505294799805
0.04386758804321289
0.04395580291748047
0.04490351676940918
0.05243802070617676
0.047539710998535156
0.04555249214172363
0.05280137062072754
0.04469728469848633
0.04434394836425781
0.04462432861328125
0.04641890525817871
0.04680681228637695
0.04979848861694336
0.04702281951904297
0.0448153018951416
0.04472851753234863
0.044422149658203125
0.04437375068664551
0.0450897216796875
0.04449868202209473
0.04691910743713379
0.052490949630737305
0.04607820510864258
0.04544496536254883
0.04512500762939453
0.0467677116394043
0.044629573822021484
0.04459834098815918
0.04425406455993652
0.04427933692932129
0.05032157897949219
0.045504093170166016
0.044588327407836914
0.0440678596496582
0.0443873405456543
0.05282139778137207
0.045789241790771484
0.04456973075866699
0.04493570327758789
0.0502772331237793
0.04537773132324219
0.04501748085021973
0.04546809196472168
0.04472064971923828
0.04383134841918945
0.04445314407348633
0.04413771629333496
0.045102834701538086
0.051602840423583984
0.04620695114135742
0.04980206489562988
0.045022010803222656
0.047083377838134766
0.0466618537902832
0.04464888572692871
0.04457449913024902
0.04458427429199219
0.05156254768371582
0.04522109031677246
0.0449676513671875
0.04460716247558594
0.04349946975708008
0.04404306411743164
0.04541015625
0.044220924377441406
0.04459381103515625
0.05214428901672363
0.04547905921936035
0.044557809829711914
0.05398988723754883
0.044528961181640625
0.04654979705810547
0.04469609260559082
0.04448986053466797
0.04516100883483887
0.05303812026977539
0.04564213752746582
0.04542684555053711
0.0443878173828125
0.052553415298461914
0.04999399185180664
0.04598498344421387
0.04456210136413574
0.04401135444641113
0.050081491470336914
0.0456089973449707
0.055242061614990234
0.05312609672546387
0.046038150787353516
0.04478716850280762
0.044176340103149414
0.04449105262756348
0.04424691200256348
0.05194902420043945
0.04487299919128418
0.04499983787536621
0.046312570571899414
0.04448890686035156
0.04428696632385254
0.04645085334777832
0.0440518856048584
0.04621601104736328
0.05185389518737793
0.04528450965881348
0.04553055763244629
0.0466008186340332
0.044628143310546875
0.044412851333618164
0.0446619987487793
0.05469655990600586
0.04702281951904297
0.05044054985046387
0.04534292221069336
0.04507017135620117
0.04985475540161133
0.04391360282897949
0.043999671936035156
0.04415583610534668
0.04461359977722168
0.04498791694641113
0.05203127861022949
0.04525637626647949
0.04522252082824707
0.044631242752075195
0.0442957878112793
0.044449567794799805
0.04533505439758301
0.04431414604187012
0.04438161849975586
0.05199456214904785
0.04518699645996094
0.04500246047973633
0.04462742805480957
0.044362783432006836
0.044123172760009766
0.04376697540283203
0.04388594627380371
0.04436779022216797
0.05046868324279785
0.04599952697753906
0.045542001724243164
0.04488539695739746
0.04657125473022461
0.04466366767883301
0.04490494728088379
0.0442347526550293
0.04455709457397461
0.05229663848876953
0.04654407501220703
0.044722557067871094
0.04427003860473633
0.044518232345581055
0.046235084533691406
0.046365976333618164
0.04389047622680664
0.04430675506591797
0.05176377296447754
0.04505634307861328
0.04505348205566406
0.04441332817077637
0.044719696044921875
0.05326104164123535
0.04782414436340332
0.04431724548339844
0.04531431198120117
0.05061745643615723
0.046907663345336914
0.04571533203125
0.044966936111450195
0.04484677314758301
0.0446629524230957
0.04484367370605469
0.045128822326660156
0.0449831485748291
0.05197334289550781
0.045494794845581055
0.044951677322387695
0.04476141929626465
0.04460573196411133
0.04461407661437988
0.04476046562194824
0.04508495330810547
0.04656410217285156
0.05057954788208008
0.045678138732910156
0.04535961151123047
0.0472865104675293
0.04494142532348633
0.04458141326904297
0.04426908493041992
0.04491448402404785
0.04661703109741211
0.05263161659240723
0.057230234146118164
0.047318220138549805
0.0466158390045166
0.0460202693939209
0.046852827072143555
0.04661297798156738
0.046291351318359375
0.044994354248046875
0.05131888389587402
0.05451154708862305
0.0455472469329834
0.04537081718444824
0.04793095588684082
0.04482102394104004
0.04462027549743652
0.04455232620239258
0.04519987106323242
0.05257678031921387
0.04523658752441406
0.04481840133666992
0.045726776123046875
0.04499244689941406
0.0447993278503418
0.04545903205871582
0.044851064682006836
0.05282783508300781
0.0536189079284668
0.045903682708740234
0.04558682441711426
0.04557633399963379
0.04611396789550781
0.04416966438293457
0.045702457427978516
0.04573798179626465
0.04715561866760254
0.05258631706237793
0.045908451080322266
0.04726076126098633
0.045668840408325195
0.045308589935302734
0.04502296447753906
0.044730424880981445
0.04352974891662598
0.04434990882873535
0.0592341423034668
0.046186208724975586
0.0448606014251709
0.04432487487792969
0.05259060859680176
0.04619741439819336
0.04535818099975586
0.0440673828125
0.04453778266906738
0.05049872398376465
0.046447038650512695
0.04502081871032715
0.045210838317871094
0.044297218322753906
0.04603838920593262
0.04633450508117676
0.04429316520690918
0.044866323471069336
0.05097341537475586
0.04525637626647949
0.04567837715148926
0.044318199157714844
0.04614520072937012
0.04417562484741211
0.044867753982543945
0.0459141731262207
0.045957326889038086
0.05031466484069824
0.045505523681640625
0.04498434066772461
0.04452776908874512
0.043852806091308594
0.04600191116333008
0.04397106170654297
0.04399561882019043
0.044643402099609375
0.05068397521972656
0.045859575271606445
0.044981956481933594
0.04425454139709473
0.044287681579589844
0.04449748992919922
0.04371905326843262
0.04424571990966797
0.044686079025268555
0.05035114288330078
0.04728531837463379
0.04540848731994629
0.0447540283203125
0.04478025436401367
0.04409146308898926
0.04466414451599121
0.045575857162475586
0.0448145866394043
0.050316810607910156
0.053668975830078125
0.04819941520690918
0.04583573341369629
0.04534006118774414
0.045725107192993164
0.04452705383300781
0.05167651176452637
0.04499340057373047
0.050304412841796875
0.04742264747619629
0.04544830322265625
0.04652214050292969
0.04506540298461914
0.04481768608093262
0.05350899696350098
0.04497790336608887
0.04665517807006836
0.05032944679260254
0.05585002899169922
0.04488730430603027
0.04481625556945801
0.044022560119628906
0.04634261131286621
0.044507741928100586
0.04405093193054199
0.04450201988220215
0.0516812801361084
0.04545927047729492
0.045065879821777344
0.05442929267883301
0.05205392837524414
0.044794559478759766
0.04425239562988281
0.043779850006103516
0.04520845413208008
0.0516204833984375
0.045569658279418945
0.04544949531555176
0.04508566856384277
0.0450897216796875
0.04463648796081543
0.04494595527648926
0.04610180854797363
0.04458141326904297
0.05179548263549805
0.04538273811340332
0.04494166374206543
0.04488563537597656
0.04494762420654297
0.05286598205566406
0.050260305404663086
0.04470944404602051
0.04466390609741211
0.051116943359375
0.39107322692871094
0.05193829536437988
0.05110764503479004
0.05308675765991211
0.052023887634277344
0.05102896690368652
0.05118536949157715
0.05302715301513672
0.05099606513977051
0.05815434455871582
0.053041696548461914
0.05089831352233887
0.050928592681884766
0.05171799659729004
0.056374311447143555
0.0507504940032959
0.051058053970336914
0.05280470848083496
0.0590977668762207
0.0605623722076416
0.050695180892944336
0.050630807876586914
0.05012249946594238
0.05246734619140625
0.05227923393249512
0.05238986015319824
0.05119466781616211
0.06547975540161133
0.05207014083862305
0.05049443244934082
0.05671286582946777
0.04996967315673828
0.04936552047729492
0.05034327507019043
0.04918789863586426
0.0489649772644043
0.05573439598083496
0.05139517784118652
0.04957437515258789
0.04999589920043945
0.05003857612609863
0.04909706115722656
0.04959273338317871
0.04993700981140137
0.04923844337463379
0.05455923080444336
0.05105471611022949
0.04945635795593262
0.05047011375427246
0.04816865921020508
0.04765725135803223
0.04611515998840332
0.0483243465423584
0.04648900032043457
0.054207801818847656
0.04797863960266113
0.048857688903808594
0.04741787910461426
0.0465240478515625
0.046306610107421875
0.05436897277832031
0.046658992767333984
0.046422719955444336
0.0530545711517334
0.0464937686920166
0.046265602111816406
0.0459902286529541
0.04654097557067871
0.045926570892333984
0.04561185836791992
0.04574871063232422
0.045952558517456055
0.05237221717834473
0.046570777893066406
0.04797005653381348
0.04596543312072754
0.04724907875061035
0.04548501968383789
0.04532361030578613
0.054892539978027344
0.04601025581359863
0.05148458480834961
0.04771924018859863
0.05489635467529297
0.04755854606628418
0.04651474952697754
0.04669308662414551
0.04554152488708496
0.04468822479248047
0.04681873321533203
0.05148482322692871
0.04558277130126953
0.04506039619445801
0.04501676559448242
0.04544711112976074
0.04752373695373535
0.04525494575500488
0.044985055923461914
0.04501223564147949
0.04982757568359375
0.04497861862182617
0.04566836357116699
0.05511879920959473
0.05457472801208496
0.04712724685668945
0.0455625057220459
0.044730424880981445
0.04541420936584473
0.049957275390625
0.04755759239196777
0.044651031494140625
0.04380464553833008
0.0447382926940918
0.04381155967712402
0.04429483413696289
0.05212068557739258
0.04966235160827637
0.04919910430908203
0.04483366012573242
0.04454517364501953
0.04377436637878418
0.043992042541503906
0.04378652572631836
0.044089317321777344
0.05177760124206543
0.04402565956115723
0.04926490783691406
0.0528261661529541
0.055384159088134766
0.044530630111694336
0.04363393783569336
0.04359555244445801
0.05002140998840332
0.04614996910095215
0.046611785888671875
0.057619571685791016
0.04516935348510742
0.04433917999267578
0.04414701461791992
0.0442960262298584
0.04472208023071289
0.044179677963256836
0.046057939529418945
0.04353213310241699
0.04887247085571289
0.05257701873779297
0.04588198661804199
0.05370187759399414
0.04403328895568848
0.04413557052612305
0.04533839225769043
0.044263601303100586
0.052242279052734375
0.053819894790649414
0.045099496841430664
0.044568777084350586
0.045905351638793945
0.04428219795227051
0.04369664192199707
0.044294118881225586
0.04419398307800293
0.04407525062561035
0.04935264587402344
0.04469799995422363
0.04417729377746582
0.044379234313964844
0.0445704460144043
0.04402279853820801
0.04358792304992676
0.04398345947265625
0.04406452178955078
0.05100727081298828
0.044905900955200195
0.04484748840332031
0.04421877861022949
0.04435276985168457
0.04448413848876953
0.04360389709472656
0.04337286949157715
0.04742741584777832
0.049991607666015625
0.04502081871032715
0.04512357711791992
0.044847965240478516
0.04446768760681152
0.04636216163635254
0.045824527740478516
0.05268216133117676
0.050161123275756836
0.049591064453125
0.04626035690307617
0.044596195220947266
0.04572916030883789
0.044678449630737305
0.04410576820373535
0.044106483459472656
0.044103145599365234
0.044048309326171875
0.0494084358215332
0.044463396072387695
0.04436016082763672
0.0444490909576416
0.04564261436462402
0.04453921318054199
0.044013261795043945
0.04367518424987793
0.043683767318725586
0.050795555114746094
0.04515981674194336
0.0529170036315918
0.044844865798950195
0.04649186134338379
0.04464578628540039
0.04579496383666992
0.04359149932861328
0.054352760314941406
0.05373525619506836
0.045519351959228516
0.04469728469848633
0.05237841606140137
0.04490041732788086
0.04429435729980469
0.044146060943603516
0.04389142990112305
0.0437471866607666
0.04909825325012207
0.04497718811035156
0.053212642669677734
0.0444791316986084
0.044508934020996094
0.04478168487548828
0.04475235939025879
0.04475855827331543
0.044489145278930664
0.049918413162231445
0.04473376274108887
0.04460430145263672
0.04449033737182617
0.05236387252807617
0.052846431732177734
0.05464768409729004
0.04501152038574219
0.04711461067199707
0.05088329315185547
0.05275988578796387
0.05026865005493164
0.04368996620178223
0.0438539981842041
0.04872727394104004
0.04566812515258789
0.04417610168457031
0.04380202293395996
0.04946303367614746
0.045053720474243164
0.04630732536315918
0.043988943099975586
0.044266700744628906
0.04445981979370117
0.04427671432495117
0.04416155815124512
0.04489278793334961
0.050803184509277344
0.045383453369140625
0.04455304145812988
0.04476737976074219
0.04625558853149414
0.04421377182006836
0.04557347297668457
0.04426074028015137
0.0438077449798584
0.049553632736206055
0.04646015167236328
0.04489707946777344
0.044962167739868164
0.04478049278259277
0.0463869571685791
0.043921709060668945
0.04542279243469238
0.04436326026916504
0.05458426475524902
0.04886984825134277
0.05282092094421387
0.050574541091918945
0.04462170600891113
0.0535128116607666
0.04465198516845703
0.051743507385253906
0.04475545883178711
0.05093979835510254
0.04507040977478027
0.04478597640991211
0.0443415641784668
0.04448223114013672
0.04434084892272949
0.044014692306518555
0.04396700859069824
0.04369020462036133
0.04973864555358887
0.04519963264465332
0.04494214057922363
0.044499874114990234
0.04420304298400879
0.046025991439819336
0.0441136360168457
0.04452657699584961
0.04414677619934082
0.05003476142883301
0.04546928405761719
0.04449915885925293
0.04498410224914551
0.04440641403198242
0.04599118232727051
0.044422149658203125
0.04425549507141113
0.04464125633239746
0.05187177658081055
0.04549694061279297
0.04458212852478027
0.04449939727783203
0.04601287841796875
0.05232644081115723
0.04429960250854492
0.04418683052062988
0.05289101600646973
0.05147266387939453
0.04541730880737305
0.04563260078430176
0.04498863220214844
0.0449063777923584
0.04472923278808594
0.044249773025512695
0.04644131660461426
0.04490470886230469
0.05003619194030762
0.04560708999633789
0.05259203910827637
0.04854226112365723
0.0446927547454834
0.044071197509765625
0.04431343078613281
0.04500389099121094
0.044981956481933594
0.0523066520690918
0.047070980072021484
0.04489636421203613
0.046791791915893555
0.0449368953704834
0.04498744010925293
0.044672489166259766
0.045332908630371094
0.044895172119140625
0.05028700828552246
0.045896291732788086
0.0453639030456543
0.04489016532897949
0.04450178146362305
0.0447697639465332
0.044113874435424805
0.043473243713378906
0.044882774353027344
0.04970502853393555
0.045613765716552734
0.04448699951171875
0.04469704627990723
0.044580936431884766
0.044788360595703125
0.044536590576171875
0.04433250427246094
0.04506039619445801
0.050787925720214844
0.0449213981628418
0.04436063766479492
0.04491996765136719
0.0462343692779541
0.04417228698730469
0.04408979415893555
0.045197486877441406
0.04665017127990723
0.04978466033935547
0.04491424560546875
0.044931650161743164
0.04440903663635254
0.0449826717376709
0.04399847984313965
0.043730974197387695
0.04459881782531738
0.0454251766204834
0.05048727989196777
0.053804636001586914
0.04778170585632324
0.04649949073791504
0.044263362884521484
0.04441332817077637
0.04606485366821289
0.044147491455078125
0.04450511932373047
0.05091285705566406
0.04517173767089844
0.04482221603393555
0.044097900390625
0.044483184814453125
0.04427337646484375
0.044336795806884766
0.04702329635620117
0.0522305965423584
0.053389787673950195
0.045499324798583984
0.04480314254760742
0.044677734375
0.04457712173461914
0.04407548904418945
0.04471015930175781
0.044095516204833984
0.05234384536743164
0.05446958541870117
0.04486870765686035
0.0452122688293457
0.044966936111450195
0.04433131217956543
0.04449915885925293
0.04440927505493164
0.04419422149658203
0.04442405700683594
0.051409244537353516
0.05301308631896973
0.04474949836730957
0.04437732696533203
0.044324636459350586
0.04459118843078613
0.04412841796875
0.04425978660583496
0.05304408073425293
0.051181793212890625
0.04477548599243164
0.045102834701538086
0.04447746276855469
0.04412984848022461
0.05190134048461914
0.04956650733947754
0.04474997520446777
0.04443192481994629
0.048912763595581055
0.044298410415649414
0.046003103256225586
0.04453229904174805
0.04422497749328613
0.04460740089416504
0.04426717758178711
0.045777320861816406
0.0450289249420166
0.05843091011047363
0.05414557456970215
0.045279502868652344
0.04419398307800293
0.04442262649536133
0.04672741889953613
0.04520416259765625
0.043854713439941406
0.04386782646179199
0.06197977066040039
0.05005240440368652
0.049139976501464844
0.0528409481048584
0.04416394233703613
0.0446929931640625
0.04453134536743164
0.04511594772338867
0.04661417007446289
0.052127838134765625
0.04741215705871582
0.044875144958496094
0.04499626159667969
0.0451507568359375
0.04479503631591797
0.044705867767333984
0.044502973556518555
0.04473757743835449
0.05029153823852539
0.046199798583984375
0.04531216621398926
0.04528188705444336
0.044672489166259766
0.045857906341552734
0.044463157653808594
0.04468393325805664
0.04578876495361328
0.05004525184631348
0.0524439811706543
0.045151472091674805
0.044478416442871094
0.044768333435058594
0.04436779022216797
0.045923709869384766
0.04799032211303711
0.04513430595397949
0.05010533332824707
0.04671287536621094
0.04527473449707031
0.04489326477050781
0.04494476318359375
0.044698238372802734
0.0440061092376709
0.044260501861572266
0.04535102844238281
0.04994034767150879
0.04553508758544922
0.04509878158569336
0.05222463607788086
0.044699668884277344
0.044792890548706055
0.044378042221069336
0.04465079307556152
0.04668617248535156
0.04984426498413086
0.04775595664978027
0.04902482032775879
0.046536922454833984
0.04479789733886719
0.04404711723327637
0.04352402687072754
0.05079150199890137
0.045514583587646484
0.049893856048583984
0.04556751251220703
0.04541349411010742
0.05253767967224121
0.04619097709655762
0.04451417922973633
0.0443272590637207
0.04472708702087402
0.05308389663696289
0.057600975036621094
0.05366182327270508
0.045571327209472656
0.04632925987243652
0.04456472396850586
0.04443669319152832
0.044158220291137695
0.04439258575439453
0.05270886421203613
0.049599409103393555
0.045682430267333984
0.045055389404296875
0.04439735412597656
0.044672489166259766
0.04456949234008789
0.044135332107543945
0.0519258975982666
0.045031070709228516
0.04909992218017578
0.044701337814331055
0.046288251876831055
0.05111527442932129
0.04420328140258789
0.044324398040771484
0.051607608795166016
0.04429960250854492
0.04639601707458496
0.04958295822143555
0.04503273963928223
0.044922828674316406
0.04433012008666992
0.044475555419921875
0.044367313385009766
0.04412984848022461
0.04423356056213379
0.04442787170410156
0.049128055572509766
0.045099496841430664
0.044847726821899414
0.04438304901123047
0.0444185733795166
0.05256199836730957
0.052973270416259766
0.04484391212463379
0.04395794868469238
0.04963970184326172
0.047391414642333984
0.04540872573852539
0.0441436767578125
0.04521894454956055
0.052492618560791016
0.047963857650756836
0.04423713684082031
0.044768333435058594
0.05035042762756348
0.044933319091796875
0.04487133026123047
0.045740604400634766
0.04476165771484375
0.04385113716125488
0.045879364013671875
0.045764923095703125
0.04608273506164551
0.04944586753845215
0.04666757583618164
0.04655909538269043
0.04402518272399902
0.044402360916137695
0.04518747329711914
0.04418611526489258
