0.9925308227539062
0.14838051795959473
0.14344096183776855
0.15098905563354492
0.15522074699401855
0.154618501663208
0.153564453125
0.14749598503112793
0.15730547904968262
0.14931559562683105
0.1500868797302246
0.15418791770935059
0.14038872718811035
0.1492934226989746
0.1516873836517334
0.14577674865722656
0.14308643341064453
0.15534472465515137
0.14670920372009277
0.176177978515625
0.14907240867614746
0.15082836151123047
0.1439962387084961
0.14825892448425293
0.14264845848083496
0.14941787719726562
0.14193320274353027
0.1484220027923584
0.15031838417053223
0.15474200248718262
0.15053987503051758
0.14063215255737305
0.14743924140930176
0.15299344062805176
0.14716744422912598
0.14966273307800293
0.14537382125854492
0.14982056617736816
0.14952468872070312
0.15364813804626465
0.14419865608215332
0.14561128616333008
0.1502389907836914
0.14780163764953613
0.16479945182800293
0.14090871810913086
0.14072537422180176
0.14711785316467285
0.1564791202545166
0.13823390007019043
0.14710783958435059
0.14747977256774902
0.15378069877624512
0.15755152702331543
0.14986491203308105
0.14706015586853027
0.13750314712524414
0.14940500259399414
0.14529848098754883
0.14430809020996094
0.13471579551696777
0.1424274444580078
0.14268994331359863
0.1461348533630371
0.14316487312316895
0.13492369651794434
0.1248176097869873
0.13894367218017578
0.1431739330291748
0.14608311653137207
0.14732766151428223
0.14723682403564453
0.1575329303741455
0.15088319778442383
0.16998720169067383
0.1555345058441162
0.15200209617614746
0.15454721450805664
0.1399388313293457
0.15130329132080078
0.15498089790344238
0.1479511260986328
0.14413809776306152
0.14408087730407715
0.14620161056518555
0.14019346237182617
0.14473390579223633
0.1408374309539795
0.14895963668823242
0.15978264808654785
0.14746379852294922
0.14593267440795898
0.14080190658569336
0.1442115306854248
0.1446216106414795
0.14542937278747559
0.1486525535583496
0.14388537406921387
0.1505274772644043
0.14046406745910645
0.14548659324645996
0.1347484588623047
0.14413976669311523
0.14314675331115723
0.13956522941589355
0.1455223560333252
0.1381702423095703
0.1540393829345703
0.14938998222351074
0.1424551010131836
0.1403815746307373
0.1487727165222168
0.13866257667541504
0.14429283142089844
0.14668726921081543
0.15721750259399414
0.14934992790222168
0.14247488975524902
0.143965482711792
0.1489109992980957
0.13944077491760254
0.14386582374572754
0.14200735092163086
0.14335250854492188
0.14458608627319336
0.1524348258972168
0.1316664218902588
0.12827706336975098
0.13557672500610352
0.13567399978637695
0.14452409744262695
0.13903021812438965
0.13907146453857422
0.147613525390625
0.14412140846252441
0.14397239685058594
0.14658069610595703
0.14688920974731445
0.14588046073913574
0.14117670059204102
0.14416861534118652
0.14208459854125977
0.1428546905517578
0.14501667022705078
0.1402754783630371
0.14440679550170898
0.14486432075500488
0.14821410179138184
0.14725780487060547
0.16096711158752441
0.1524806022644043
