              precision    recall  f1-score   support

           0       0.80      0.86      0.83        14
           1       0.91      0.77      0.83        13
           2       0.59      0.72      0.65        18
           3       0.89      0.89      0.89        19
           4       0.97      0.94      0.95        32
           5       0.50      0.64      0.56        11
           6       1.00      0.08      0.15        12
           7       0.50      0.71      0.59         7
           8       0.75      0.86      0.80         7
           9       0.90      1.00      0.95        18

    accuracy                           0.79       151
   macro avg       0.78      0.75      0.72       151
weighted avg       0.82      0.79      0.77       151

