(360, 360)
mean =  402.7294794335581
1850.3341178562
unique set =  [0.0, 1.6487212707001284, 26.82962311512955, 44.234570314781905, 48.92847439921135, 53.6592462302591, 67.61158141160453, 71.06419342991146, 88.46914062956381, 93.16304471399326, 94.44120452673408, 97.893816545041, 111.84615172638644, 118.2249899942626, 135.22316282320907, 176.6854276479458, 194.9200557318506, 220.9199979627277, 239.1546260466325, 241.84245005434013, 244.29700905955033, 286.077020369122, 312.92213117288094, 313.1450457261132, 357.1567014876629, 361.85060557209226, 384.82114157750055, 406.0851758868742, 429.0557118922825, 503.04613157176317, 556.6452232468899, 600.8797935616718, 737.0436713624201, 781.278241677202, 825.5128119919839, 1049.965802535301, 1094.2003728500829, 1293.68889460931, 1295.3376158800102, 1337.923464924092, 1606.6110257821908, 1650.845596096973, 1692.4196861721339, 1694.068407442834, 1850.3341178562]
set val =  38
unique_set[set_val] =  1295.3376158800102
max =  1850.3341178562
max =  1.0
(360, 360)
mean =  537.7290872757562
2366.2554915937444
unique set =  [0.0, 1.6487212707001284, 26.82962311512955, 44.234570314781905, 53.6592462302591, 67.61158141160453, 69.26030268230465, 71.06419342991146, 88.46914062956381, 97.893816545041, 111.47265241898579, 111.84615172638644, 135.22316282320907, 176.6854276479458, 194.9200557318506, 220.9199979627277, 288.1580800669316, 371.6054833797964, 374.11949094826355, 384.82114157750055, 470.7162849810268, 483.07813579878217, 514.9508552958087, 556.6452232468899, 561.5065692254464, 600.8797935616718, 605.5736976461013, 649.8082679608832, 672.9792216444321, 737.0436713624201, 738.6923926331202, 913.7290990103659, 930.7647141951535, 932.4134354658536, 1207.759956343447, 1252.9650450999645, 1293.68889460931, 1295.3376158800102, 1470.3743222572557, 1809.6102683468544, 2366.2554915937444]
set val =  35
unique_set[set_val] =  1252.9650450999645
max =  2366.2554915937444
max =  1.0
(360, 360)
mean =  552.1853892379619
2410.4900619085265
unique set =  [0.0, 1.6487212707001284, 26.82962311512955, 28.47834438582968, 44.234570314781905, 53.6592462302591, 67.61158141160453, 71.06419342991146, 88.46914062956381, 97.893816545041, 111.84615172638644, 118.2249899942626, 119.87371126496272, 162.4595603090445, 176.6854276479458, 220.9199979627277, 241.84245005434013, 286.077020369122, 312.92213117288094, 314.5708524435811, 357.1567014876629, 374.11949094826355, 375.7682122189637, 401.39127180244475, 418.3540612630454, 441.7310723598681, 470.7162849810268, 472.3650062517269, 485.96564267465, 514.9508552958087, 556.6452232468899, 558.29394451759, 600.8797935616718, 645.1143638764538, 737.0436713624201, 738.6923926331202, 781.278241677202, 930.7647141951535, 974.9992845099354, 1113.2904464937799, 1207.759956343447, 1209.408677614147, 1252.9650450999645, 1293.68889460931, 1295.3376158800102, 1297.1996154147464, 1337.923464924092, 1809.6102683468544, 1850.3341178562, 1851.9828391269002, 1853.8448386616365, 1894.568688170982, 2366.2554915937444, 2410.4900619085265]
set val =  46
unique_set[set_val] =  1337.923464924092
max =  2410.4900619085265
max =  1.0
(360, 360)
mean =  462.75202468017426
2081.7784998926904
unique set =  [0.0, 1.6487212707001284, 26.82962311512955, 44.234570314781905, 53.6592462302591, 67.61158141160453, 71.06419342991146, 88.46914062956381, 94.44120452673408, 96.39279235078375, 111.47265241898579, 111.84615172638644, 118.2249899942626, 123.2224154659133, 135.22316282320907, 150.05203858104284, 156.08072204116834, 162.4595603090445, 164.0043737623883, 165.6530950330884, 176.6854276479458, 178.33414891864592, 179.45773313799097, 189.90108584564996, 208.2389440771702, 220.9199979627277, 241.84245005434013, 286.077020369122, 312.92213117288094, 357.1567014876629, 389.35881372055667, 401.39127180244475, 418.52787770228593, 424.3947835918667, 431.7435358999901, 433.3922571706902, 433.59338403533854, 475.97810621477197, 556.6452232468899, 600.8797935616718, 631.2012637748968, 645.1143638764538, 675.4358340896787, 687.0416221211444, 702.2809448934377, 731.2761924359263, 737.0436713624201, 775.5107627507083, 781.278241677202, 798.5142745401303, 813.7535973124234, 833.4364637132039, 865.3369199353286, 901.0480451248085, 909.9869269591161, 978.8861214167603, 1023.1206917315421, 1126.402485082977, 1293.68889460931, 1295.3376158800102, 1337.923464924092, 1382.1580352388737, 1535.53134466365, 1579.7659149784322, 1683.0477083298665, 1692.4196861721339, 1736.654256486916, 2081.7784998926904]
set val =  58
unique_set[set_val] =  1293.68889460931
max =  2081.7784998926904
max =  1.0

max
