              precision    recall  f1-score   support

           0       0.55      0.03      0.05       239
           1       0.00      0.00      0.00       265
           2       0.00      0.00      0.00       239
           3       0.00      0.00      0.00       656
           4       0.05      1.00      0.09       129
           5       0.00      0.00      0.00       198
           6       0.00      0.00      0.00       239
           7       0.00      0.00      0.00       644

    accuracy                           0.05      2609
   macro avg       0.07      0.13      0.02      2609
weighted avg       0.05      0.05      0.01      2609
