3.3140714168548584
0.08237648010253906
0.08129096031188965
0.07793617248535156
0.06916332244873047
0.06661796569824219
0.07545757293701172
0.06592869758605957
0.06388545036315918
0.06643104553222656
0.07831716537475586
0.07258391380310059
0.06523728370666504
0.06154060363769531
0.06541156768798828
0.06507158279418945
0.06467819213867188
0.06404829025268555
0.06406140327453613
0.07707977294921875
0.07127523422241211
0.06483125686645508
0.06446051597595215
0.07766914367675781
0.07735776901245117
0.06793212890625
0.0786440372467041
0.06422734260559082
0.07873702049255371
0.07079172134399414
0.06477785110473633
0.06505823135375977
0.06275439262390137
0.06323504447937012
0.06131291389465332
0.07849431037902832
0.06258845329284668
0.08748984336853027
0.09398794174194336
0.07439804077148438
0.0623469352722168
0.07303071022033691
0.06550979614257812
0.06270766258239746
0.06209230422973633
0.06371212005615234
0.0617673397064209
0.06890487670898438
0.06326961517333984
0.06593847274780273
0.07784819602966309
0.06282639503479004
0.061737060546875
0.06457638740539551
0.0639486312866211
0.06182146072387695
0.08370423316955566
0.07240557670593262
0.06475210189819336
0.06119680404663086
0.06193375587463379
0.06142997741699219
0.06372380256652832
0.07768535614013672
0.06354236602783203
0.06847620010375977
0.062177181243896484
0.06113624572753906
0.06126213073730469
0.06095123291015625
0.06340837478637695
0.06371951103210449
0.06469368934631348
0.06272125244140625
0.06949830055236816
0.06479883193969727
0.07811713218688965
0.06498861312866211
0.06597900390625
0.08666563034057617
0.06988286972045898
0.06429910659790039
0.07795143127441406
0.07010865211486816
0.06482648849487305
0.06394433975219727
0.06660604476928711
0.06438398361206055
0.06456327438354492
0.06415653228759766
0.06440377235412598
0.07779955863952637
0.07118678092956543
0.06617522239685059
0.06412339210510254
0.06385922431945801
0.06567001342773438
0.06411099433898926
0.06338119506835938
0.07747602462768555
0.06316924095153809
0.06963396072387695
0.06419968605041504
0.0644981861114502
0.07298707962036133
0.06608033180236816
0.06425809860229492
0.06834697723388672
0.06417179107666016
0.0636751651763916
0.07001209259033203
0.06458640098571777
0.06416463851928711
0.06431412696838379
0.06862139701843262
0.06589579582214355
0.06589698791503906
0.06370162963867188
0.06129717826843262
0.06763219833374023
0.06504011154174805
0.07318806648254395
0.08063435554504395
0.07878851890563965
0.06433677673339844
0.06407570838928223
0.06391072273254395
0.07354903221130371
0.08483409881591797
0.06418609619140625
0.07063031196594238
0.08724808692932129
0.06482982635498047
0.07708954811096191
0.06438136100769043
0.07761335372924805
0.06362724304199219
0.07000565528869629
0.06454086303710938
0.06345582008361816
0.0642843246459961
0.06432867050170898
0.06412982940673828
0.0634002685546875
0.0768425464630127
0.06350350379943848
0.0687563419342041
0.06441879272460938
0.07758474349975586
0.06379866600036621
0.06418299674987793
0.06388282775878906
0.0636446475982666
0.06917786598205566
0.06341767311096191
0.06939077377319336
0.07751297950744629
0.06372666358947754
0.06377649307250977
0.06389331817626953
0.06433701515197754
0.07746362686157227
0.06351542472839355
0.06294822692871094
0.06891632080078125
0.06395506858825684
0.06434464454650879
0.06388473510742188
0.06458640098571777
0.06407856941223145
0.0637047290802002
0.07051730155944824
0.06885814666748047
0.08850598335266113
0.06699252128601074
0.06580567359924316
0.06415390968322754
0.06508111953735352
0.07166409492492676
0.07737565040588379
0.06696486473083496
0.06321549415588379
0.07817745208740234
0.06756114959716797
0.06290006637573242
0.06527018547058105
0.07137274742126465
0.06418156623840332
0.06333136558532715
0.0639185905456543
0.06328225135803223
0.06984877586364746
0.07304072380065918
0.06426763534545898
0.0642540454864502
0.07802891731262207
0.06464314460754395
0.0777120590209961
0.06562209129333496
0.06294441223144531
0.08286142349243164
0.06410789489746094
0.07785439491271973
0.06328773498535156
0.06451845169067383
0.0645146369934082
0.06458353996276855
0.0638282299041748
0.0632936954498291
0.07022881507873535
0.06463742256164551
0.08624005317687988
0.07826471328735352
0.06490278244018555
0.06447935104370117
0.06375980377197266
0.06405043601989746
0.07273435592651367
0.06923294067382812
0.07590389251708984
0.0654749870300293
0.06359100341796875
0.06341886520385742
0.06322097778320312
0.06298351287841797
0.06478142738342285
0.06352353096008301
0.06893157958984375
0.0641164779663086
0.06393146514892578
0.0633842945098877
0.08324909210205078
0.06957674026489258
0.07684111595153809
0.06657671928405762
0.0628352165222168
0.0739448070526123
0.06550788879394531
0.06422972679138184
0.0636446475982666
0.06327128410339355
0.07732677459716797
0.08155083656311035
0.0688021183013916
0.08105182647705078
0.07425713539123535
0.06457233428955078
0.06425285339355469
0.0634920597076416
0.06356167793273926
0.06352543830871582
0.06369304656982422
0.06706929206848145
0.07719755172729492
0.08112382888793945
0.06871414184570312
0.06357336044311523
0.06372189521789551
0.07421731948852539
0.06402754783630371
0.06404471397399902
0.07756805419921875
0.06374382972717285
0.06956911087036133
0.06432819366455078
0.06398200988769531
0.0640711784362793
0.0783379077911377
0.06295895576477051
0.06322431564331055
0.06374835968017578
0.06377553939819336
0.06959819793701172
0.07903885841369629
0.0642387866973877
0.0638420581817627
0.07790565490722656
0.06357693672180176
0.06305885314941406
0.06283879280090332
0.06419682502746582
0.08354353904724121
0.0661013126373291
0.07866883277893066
0.07432198524475098
0.07408666610717773
0.07803106307983398
0.06585359573364258
0.0774376392364502
0.06370258331298828
0.06989717483520508
0.06566929817199707
0.06353998184204102
0.06476593017578125
0.07775521278381348
0.06575655937194824
0.0632932186126709
0.07758188247680664
0.06551170349121094
0.06955075263977051
0.06467604637145996
0.06450629234313965
0.06577658653259277
0.06580233573913574
0.0647437572479248
0.06442546844482422
0.06418919563293457
0.0637059211730957
0.0774390697479248
0.0664682388305664
0.0695946216583252
0.06493949890136719
0.07813000679016113
0.0738985538482666
0.07228827476501465
0.0647895336151123
0.07813429832458496
0.0700984001159668
0.06524848937988281
0.06517291069030762
0.07126450538635254
0.06454682350158691
0.06290364265441895
0.06358456611633301
0.07403874397277832
0.06474900245666504
0.08384251594543457
0.06510233879089355
0.06411170959472656
0.06433629989624023
0.06429696083068848
0.06428241729736328
0.06358814239501953
0.06380724906921387
0.06215667724609375
0.08405280113220215
0.0820462703704834
0.06699752807617188
0.07855725288391113
0.06485104560852051
0.07751631736755371
0.07831335067749023
0.07311081886291504
0.06448817253112793
0.08498764038085938
0.08059167861938477
0.06894731521606445
0.08704614639282227
0.06417179107666016
0.06164431571960449
0.0777130126953125
0.06392669677734375
0.06281805038452148
0.07061219215393066
0.06494712829589844
0.07802820205688477
0.06190037727355957
0.06446170806884766
0.06416177749633789
0.06353163719177246
0.06720900535583496
0.0649559497833252
0.08395910263061523
0.0883030891418457
0.06567668914794922
0.0636129379272461
0.06366133689880371
0.06431961059570312
0.0640408992767334
0.06361651420593262
0.07353806495666504
0.08391237258911133
0.06459403038024902
0.06414079666137695
0.07782793045043945
0.06436419486999512
0.06373858451843262
0.064666748046875
0.08719468116760254
0.08652067184448242
0.06919717788696289
0.06487917900085449
0.06412577629089355
0.0635061264038086
0.07740926742553711
0.06111407279968262
0.06330394744873047
0.07605957984924316
0.06271004676818848
0.0721731185913086
0.07754349708557129
0.06398200988769531
0.0652763843536377
0.07757019996643066
0.07765698432922363
0.06417298316955566
0.0728614330291748
0.07337188720703125
0.06920313835144043
0.08870649337768555
0.08782958984375
0.07439351081848145
0.06530404090881348
0.08368659019470215
0.06700825691223145
0.06434845924377441
0.06693840026855469
0.08016729354858398
0.06544852256774902
0.06486797332763672
0.06425738334655762
0.06951236724853516
0.06405973434448242
0.06279134750366211
0.061901092529296875
0.06351399421691895
0.06977343559265137
0.0650177001953125
0.06446313858032227
0.06796956062316895
0.0634298324584961
0.07745170593261719
0.06103157997131348
0.06392931938171387
0.06393551826477051
0.07031822204589844
0.06535577774047852
0.0628669261932373
0.06418824195861816
0.07321834564208984
0.0637826919555664
0.06341791152954102
0.06442904472351074
0.06353926658630371
0.08054804801940918
0.06787586212158203
0.0647127628326416
0.0659635066986084
0.06434917449951172
0.0778658390045166
0.07930541038513184
0.06383848190307617
0.06330490112304688
0.09148383140563965
0.06502962112426758
0.0645897388458252
0.06485199928283691
0.06434035301208496
0.07787632942199707
0.06424856185913086
0.0648648738861084
0.0636599063873291
0.06915044784545898
0.0673227310180664
0.06422090530395508
0.06415009498596191
0.07097530364990234
0.06406450271606445
0.06183266639709473
0.061922550201416016
0.06315898895263672
0.07020950317382812
0.06280255317687988
0.07766199111938477
0.06266403198242188
0.06143927574157715
0.06341791152954102
0.06291627883911133
0.0643453598022461
0.06303620338439941
0.08307647705078125
0.06750702857971191
0.0651853084564209
0.08813977241516113
0.07080626487731934
0.0637199878692627
0.06347846984863281
0.06314373016357422
0.06285214424133301
0.08196234703063965
0.06418204307556152
0.06368184089660645
0.0631709098815918
0.06401443481445312
0.07342672348022461
0.06429457664489746
0.06434106826782227
0.06254434585571289
0.07087230682373047
0.06425070762634277
0.0639338493347168
0.07817506790161133
0.06555461883544922
0.06392455101013184
0.0637364387512207
0.06361579895019531
0.06371951103210449
0.06943297386169434
0.06505441665649414
0.06774139404296875
0.0674598217010498
0.06333613395690918
0.06338024139404297
0.07771682739257812
0.06717991828918457
0.0674896240234375
0.0816659927368164
0.06886529922485352
0.06397294998168945
0.06386661529541016
0.0644989013671875
0.07390522956848145
0.07486271858215332
0.07915163040161133
0.06297922134399414
0.08312010765075684
0.07851147651672363
0.0640411376953125
0.07889413833618164
0.06766533851623535
0.06162071228027344
0.0776824951171875
0.0643763542175293
0.0737457275390625
0.0944211483001709
0.08638453483581543
0.06932520866394043
0.06234145164489746
0.07342839241027832
0.0737142562866211
0.07243561744689941
0.06355571746826172
0.06317496299743652
0.08009481430053711
0.07496333122253418
0.06775856018066406
0.0659341812133789
0.0619044303894043
0.06055164337158203
0.06096506118774414
0.0874025821685791
0.06533575057983398
0.06932759284973145
0.06409645080566406
0.06419873237609863
0.0713651180267334
0.06465911865234375
0.06432986259460449
0.06483268737792969
0.0779106616973877
0.0636594295501709
0.06989002227783203
0.0784003734588623
0.06428670883178711
0.06361126899719238
0.06340408325195312
0.06335234642028809
0.07719898223876953
0.06424379348754883
0.06389331817626953
0.08319330215454102
0.07094478607177734
0.072998046875
0.06209850311279297
0.07811212539672852
0.07216262817382812
0.06201791763305664
0.06205916404724121
0.0638737678527832
0.08229613304138184
0.06502079963684082
0.06404423713684082
0.06414031982421875
0.06435489654541016
0.061693429946899414
0.061196327209472656
0.06168770790100098
0.07140541076660156
0.06855607032775879
0.06183600425720215
0.06085610389709473
0.06413125991821289
0.06353139877319336
0.07705068588256836
0.0732886791229248
0.07106256484985352
0.0663306713104248
0.0830845832824707
0.06395244598388672
0.06465506553649902
0.06261849403381348
0.07233142852783203
0.06842970848083496
0.06651163101196289
0.0637047290802002
0.06294369697570801
0.0698707103729248
0.07841229438781738
0.0879056453704834
0.07020759582519531
0.06250143051147461
0.06611180305480957
0.06427264213562012
0.06389808654785156
0.06396985054016113
0.07398509979248047
0.07384443283081055
0.06476354598999023
0.06415343284606934
0.06443047523498535
0.06469321250915527
0.06382584571838379
0.06320309638977051
0.07336807250976562
0.07019710540771484
0.06504988670349121
0.07017254829406738
0.06440877914428711
0.06434893608093262
0.06356191635131836
0.0669400691986084
0.07398080825805664
0.08869481086730957
0.07605576515197754
0.0746316909790039
0.0649113655090332
0.06439781188964844
0.06385111808776855
0.06356644630432129
0.06416869163513184
0.06389307975769043
0.06360197067260742
0.07013440132141113
0.06507658958435059
0.06431818008422852
0.06477212905883789
0.06360316276550293
0.06504178047180176
0.06884574890136719
0.07795119285583496
0.06801843643188477
0.07150006294250488
0.06535625457763672
0.06415891647338867
0.06469511985778809
0.06463932991027832
0.07789444923400879
0.06499814987182617
0.0781707763671875
0.0667879581451416
0.07053804397583008
0.06419897079467773
0.06396341323852539
0.06371283531188965
0.06541109085083008
0.0634315013885498
0.06282949447631836
0.06358599662780762
0.06228780746459961
0.06835341453552246
0.06441116333007812
0.06414031982421875
0.07197141647338867
0.06481313705444336
0.06352972984313965
0.0643608570098877
0.06380343437194824
0.06297922134399414
0.06948375701904297
0.06414484977722168
0.06408810615539551
0.06433820724487305
0.06328701972961426
0.06339716911315918
0.0629420280456543
0.06340885162353516
0.06328916549682617
0.06862688064575195
0.07722878456115723
0.0640873908996582
0.06475090980529785
0.0740509033203125
0.07293128967285156
0.06998896598815918
0.08045697212219238
0.06253886222839355
0.07490801811218262
0.066314697265625
0.06441593170166016
0.06468582153320312
0.06409072875976562
0.06330585479736328
0.060883522033691406
0.061043500900268555
0.06104707717895508
0.06741189956665039
0.06503534317016602
0.06398487091064453
0.06394195556640625
0.06379985809326172
0.06354069709777832
0.06331181526184082
0.06972670555114746
0.06347465515136719
0.08279848098754883
0.06512165069580078
0.0637357234954834
0.06366181373596191
0.06293368339538574
0.07822275161743164
0.06394433975219727
0.06389284133911133
0.0633852481842041
0.07106518745422363
0.06591987609863281
0.06432700157165527
0.06432747840881348
0.06437087059020996
0.07809829711914062
0.06437301635742188
0.07758903503417969
0.08816862106323242
0.07857370376586914
0.06446361541748047
0.07409954071044922
0.06419658660888672
0.06855440139770508
0.07512092590332031
0.06519246101379395
0.06562280654907227
0.06432223320007324
0.06983757019042969
0.0705254077911377
0.0667734146118164
0.07850837707519531
0.06421470642089844
0.06447529792785645
0.06484603881835938
0.06405520439147949
0.062087297439575195
0.08015918731689453
0.06698322296142578
0.0637671947479248
0.06570696830749512
0.06489419937133789
0.06332015991210938
0.06327223777770996
0.06390786170959473
0.06502723693847656
0.06939291954040527
0.06537866592407227
0.06442856788635254
0.06405448913574219
0.07364130020141602
0.06445837020874023
0.06424283981323242
0.06060338020324707
0.06182408332824707
0.06942105293273926
0.06509590148925781
0.06458377838134766
0.06405377388000488
0.06348729133605957
0.07408356666564941
0.06391024589538574
0.06364774703979492
0.06320595741271973
0.06949472427368164
0.06518244743347168
0.07863688468933105
0.07939434051513672
0.06431150436401367
0.07221460342407227
0.07691836357116699
0.06318974494934082
0.06267046928405762
0.06932759284973145
0.06663703918457031
0.06133913993835449
0.07719659805297852
0.06827354431152344
0.06298470497131348
0.07773852348327637
0.07771825790405273
0.07880926132202148
0.07070159912109375
0.07852911949157715
0.06392741203308105
0.06421732902526855
0.06423377990722656
0.06325578689575195
0.06359434127807617
0.07675433158874512
0.0654299259185791
0.07857537269592285
0.0651695728302002
0.06327438354492188
0.06504225730895996
0.06402707099914551
0.06067490577697754
0.06680512428283691
0.06336760520935059
0.06290221214294434
0.06961417198181152
0.06198000907897949
0.0637366771697998
0.06362438201904297
0.06365036964416504
0.07277464866638184
0.08716678619384766
0.06947183609008789
0.06550312042236328
0.07103466987609863
0.06491804122924805
0.06462311744689941
0.0773012638092041
0.06551909446716309
0.06576681137084961
0.06416153907775879
0.07751035690307617
0.06405448913574219
0.07036089897155762
0.06501102447509766
0.06470298767089844
0.06417703628540039
0.06353592872619629
0.06411290168762207
0.0650029182434082
0.0646359920501709
0.06511545181274414
0.06980609893798828
0.06493973731994629
0.06521058082580566
0.06505942344665527
0.06473398208618164
0.06454133987426758
0.0646963119506836
0.06394028663635254
0.0633854866027832
0.07005953788757324
0.06459641456604004
0.07819008827209473
0.0641016960144043
0.06385970115661621
0.06466984748840332
0.07424235343933105
0.06697845458984375
0.06368088722229004
0.06948637962341309
0.0765993595123291
0.06606888771057129
0.0705254077911377
0.0637664794921875
0.06472301483154297
0.06404256820678711
0.07756948471069336
0.0779273509979248
0.07343697547912598
0.06494808197021484
0.06519961357116699
0.06424522399902344
0.06842875480651855
0.06412959098815918
0.06393671035766602
0.07379794120788574
0.06480789184570312
0.07892656326293945
0.0788273811340332
0.06426143646240234
0.0647878646850586
0.06477689743041992
0.0645756721496582
0.06427884101867676
0.06409859657287598
0.06474041938781738
0.0698397159576416
0.07871723175048828
0.06470417976379395
0.08343315124511719
0.06376457214355469
0.0727243423461914
0.06379938125610352
0.07935261726379395
0.06620430946350098
0.0699155330657959
0.0774388313293457
0.0682833194732666
0.06414008140563965
0.06417536735534668
0.06360721588134766
0.06278347969055176
0.0644228458404541
0.06266975402832031
0.08374476432800293
0.06494975090026855
0.06440329551696777
0.08835983276367188
0.06691598892211914
0.06395578384399414
0.06158876419067383
0.06387019157409668
0.06136941909790039
0.08896207809448242
0.06837582588195801
0.06675004959106445
0.06375765800476074
0.07773590087890625
0.06392383575439453
0.06729531288146973
0.0637812614440918
0.06312012672424316
0.06892037391662598
0.07888054847717285
0.06455421447753906
0.06491780281066895
0.07809758186340332
0.07817244529724121
0.06425666809082031
0.07783269882202148
0.07775115966796875
0.06965208053588867
0.06464624404907227
0.06458425521850586
0.0778505802154541
0.0646522045135498
0.06490135192871094
0.06355953216552734
0.0637674331665039
0.07723116874694824
0.08370232582092285
0.0649564266204834
0.07783150672912598
0.06732892990112305
0.07861113548278809
0.06402921676635742
0.07467889785766602
0.06456995010375977
0.06285572052001953
0.0832817554473877
0.06611132621765137
0.06441712379455566
0.08793163299560547
0.07508468627929688
0.06981825828552246
0.06351828575134277
0.0636911392211914
0.06314539909362793
0.07873344421386719
0.06446480751037598
0.06418585777282715
0.06497335433959961
0.06390023231506348
0.07754874229431152
0.06407642364501953
0.07244706153869629
0.07383012771606445
0.07860112190246582
0.08391427993774414
0.07259535789489746
0.08143925666809082
0.0639491081237793
0.06336164474487305
0.0631566047668457
0.0631096363067627
0.0631871223449707
0.06904244422912598
0.07805800437927246
0.06766295433044434
0.06406235694885254
0.07682490348815918
0.06132960319519043
0.0611724853515625
0.06251168251037598
0.06512999534606934
0.07061886787414551
0.06434512138366699
0.06151628494262695
0.06113886833190918
0.060968637466430664
0.0636892318725586
0.06374001502990723
0.08674430847167969
0.0823974609375
0.0784752368927002
0.07882452011108398
0.06312274932861328
0.06410646438598633
0.06422114372253418
0.06498384475708008
0.07756233215332031
0.06734871864318848
0.06346416473388672
0.08302593231201172
0.06627345085144043
0.07834243774414062
0.06627750396728516
0.06395292282104492
0.06443643569946289
0.06342482566833496
0.06322336196899414
0.06307148933410645
0.06983137130737305
0.0734405517578125
0.07810044288635254
0.06392788887023926
0.06401777267456055
0.08612632751464844
0.07166051864624023
0.06548476219177246
0.06165170669555664
0.06935501098632812
0.0650472640991211
0.07340312004089355
0.07962346076965332
0.0679636001586914
0.06331539154052734
0.06391787528991699
0.06198310852050781
0.061049461364746094
0.07853174209594727
0.0784604549407959
0.062027692794799805
0.07687044143676758
0.06417298316955566
0.06329655647277832
0.06264829635620117
0.06332802772521973
0.06255483627319336
0.06839156150817871
0.06347155570983887
0.06474471092224121
0.06421566009521484
0.06393694877624512
0.06339311599731445
0.0636451244354248
0.06367659568786621
0.06342101097106934
0.06973528861999512
0.06441164016723633
0.06434822082519531
0.07765793800354004
0.06510496139526367
0.06421709060668945
0.07787322998046875
0.0638132095336914
0.06401586532592773
0.06957769393920898
0.0649571418762207
0.06393241882324219
0.06480216979980469
0.07125711441040039
0.06328797340393066
0.06369709968566895
0.06922078132629395
0.06357169151306152
0.06898999214172363
0.06437849998474121
0.062139034271240234
0.0620267391204834
0.06728696823120117
0.06156349182128906
0.07753324508666992
0.08718490600585938
0.07419872283935547
0.08089423179626465
0.07475614547729492
0.08686232566833496
0.07251644134521484
0.0698699951171875
0.06964492797851562
0.06283831596374512
0.06376504898071289
0.06279563903808594
0.06900405883789062
0.06429243087768555
0.06385993957519531
0.06377363204956055
0.06383466720581055
0.06326985359191895
0.07005906105041504
0.06334638595581055
0.06321001052856445
0.06872010231018066
0.06432342529296875
0.07784295082092285
0.06794047355651855
0.07239365577697754
0.06377887725830078
0.06293058395385742
0.0635690689086914
0.06328415870666504
0.06913399696350098
0.06465768814086914
0.07399249076843262
0.06898069381713867
0.06466531753540039
0.06403398513793945
0.06282472610473633
0.07429933547973633
0.06419992446899414
0.06987500190734863
0.06450104713439941
0.06418943405151367
0.06378912925720215
0.06407904624938965
0.06351518630981445
0.06312918663024902
0.07734251022338867
0.06424212455749512
0.0697016716003418
0.06503033638000488
0.06427335739135742
0.06367349624633789
0.06347799301147461
0.06352376937866211
0.06403565406799316
0.07738471031188965
0.06367897987365723
0.06929254531860352
0.06421518325805664
0.06410741806030273
0.06420707702636719
0.06603717803955078
0.06360197067260742
0.06388235092163086
0.0772545337677002
0.07790040969848633
0.0699758529663086
0.06520962715148926
0.06355404853820801
0.06388163566589355
0.07314538955688477
0.06766033172607422
0.06314945220947266
0.06352424621582031
0.06282591819763184
0.06908941268920898
0.0642697811126709
0.07187294960021973
0.06559896469116211
0.0633993148803711
0.07685256004333496
0.0630960464477539
0.06319236755371094
0.07670307159423828
0.06897664070129395
0.06380724906921387
0.06322336196899414
0.06328892707824707
0.06389760971069336
0.06894207000732422
0.0630044937133789
0.08737397193908691
0.06387734413146973
0.0685129165649414
0.07822251319885254
0.06396794319152832
0.06333756446838379
0.0633394718170166
0.06310844421386719
0.06321001052856445
0.07346439361572266
0.07286882400512695
0.09231948852539062
0.06467199325561523
0.06438660621643066
0.0722661018371582
0.07750582695007324
0.06366252899169922
0.07761263847351074
0.06384992599487305
0.06124567985534668
0.06951284408569336
0.06471037864685059
0.07776474952697754
0.06392192840576172
0.06774020195007324
0.06345415115356445
0.0639657974243164
0.06355810165405273
0.06189107894897461
0.0828249454498291
0.06561613082885742
0.06296420097351074
0.08544254302978516
0.06427764892578125
0.06380510330200195
0.06621861457824707
0.06592392921447754
0.060936927795410156
0.06972265243530273
0.06503629684448242
0.0640110969543457
0.06361651420593262
0.06409645080566406
0.06422042846679688
0.06303954124450684
0.06380438804626465
0.0632774829864502
0.07646393775939941
0.5835897922515869
0.07019472122192383
0.08453130722045898
0.07108592987060547
0.07012367248535156
0.07030320167541504
0.08387327194213867
0.06981396675109863
0.08415889739990234
0.0915839672088623
0.07063865661621094
0.08369874954223633
0.07676386833190918
0.0719141960144043
0.08376312255859375
0.0723726749420166
0.07060027122497559
0.07026410102844238
0.07716226577758789
0.07058906555175781
0.07068467140197754
0.06981229782104492
0.07032275199890137
0.06993365287780762
0.06985282897949219
0.07001543045043945
0.06977343559265137
0.07711434364318848
0.06974458694458008
0.0840156078338623
0.08394980430603027
0.07030224800109863
0.07033181190490723
0.075347900390625
0.07021307945251465
0.07361292839050293
0.09685301780700684
0.07312870025634766
0.07040643692016602
0.06984806060791016
0.06971001625061035
0.07031035423278809
0.06959152221679688
0.06990647315979004
0.06885457038879395
0.07677984237670898
0.070068359375
0.07871651649475098
0.07115411758422852
0.08402514457702637
0.0716853141784668
0.09275293350219727
0.0847620964050293
0.07103919982910156
0.07722020149230957
0.0699148178100586
0.07519078254699707
0.08476901054382324
0.07186579704284668
0.07085394859313965
0.07067036628723145
0.07037210464477539
0.07070755958557129
0.07811760902404785
0.06999969482421875
0.0913553237915039
0.08153843879699707
0.07357621192932129
0.07097077369689941
0.07264590263366699
0.07031631469726562
0.0706017017364502
0.07686448097229004
0.0715019702911377
0.06862187385559082
0.06955337524414062
0.07033252716064453
0.07688450813293457
0.07044005393981934
0.06978440284729004
0.06907486915588379
0.07556724548339844
0.06939411163330078
0.06956148147583008
0.07029271125793457
0.06958675384521484
0.06890463829040527
0.06970953941345215
0.08351516723632812
0.06876635551452637
0.07385373115539551
0.0698397159576416
0.06964302062988281
0.08368754386901855
0.08302974700927734
0.06892776489257812
0.07320404052734375
0.0828714370727539
0.07652163505554199
0.07785201072692871
0.06862807273864746
0.0896306037902832
0.06882333755493164
0.06826615333557129
0.0681304931640625
0.06706666946411133
0.08129048347473145
0.07655906677246094
0.07397103309631348
0.08108878135681152
0.06688427925109863
0.06710147857666016
0.0670006275177002
0.06717610359191895
0.07056212425231934
0.0901641845703125
0.07400178909301758
0.0731973648071289
0.0666513442993164
0.0649418830871582
0.08065581321716309
0.06655383110046387
0.06726503372192383
0.06606864929199219
0.07824468612670898
0.06336188316345215
0.08281970024108887
0.06572127342224121
0.0660097599029541
0.07918000221252441
0.06546640396118164
0.0633707046508789
0.0792539119720459
0.06625199317932129
0.06505537033081055
0.07129621505737305
0.07874274253845215
0.06813764572143555
0.06604957580566406
0.0876617431640625
0.06980609893798828
0.0640416145324707
0.06349492073059082
0.06799697875976562
0.0713188648223877
0.06485152244567871
0.06443166732788086
0.07419276237487793
0.0660560131072998
0.07851862907409668
0.0646059513092041
0.07864069938659668
0.06300163269042969
0.07172513008117676
0.07245111465454102
0.06431436538696289
0.06430768966674805
0.06382298469543457
0.0637059211730957
0.06331038475036621
0.086395263671875
0.07205796241760254
0.07013273239135742
0.06537985801696777
0.06411242485046387
0.0642998218536377
0.06373047828674316
0.06410813331604004
0.06389737129211426
0.06299376487731934
0.06307697296142578
0.06979489326477051
0.08585333824157715
0.06426596641540527
0.06492829322814941
0.06325745582580566
0.06368637084960938
0.06393027305603027
0.07070589065551758
0.06491947174072266
0.07077288627624512
0.06428837776184082
0.06342101097106934
0.06420588493347168
0.07738852500915527
0.06476902961730957
0.06311321258544922
0.06305599212646484
0.06282806396484375
0.07924509048461914
0.06754517555236816
0.07745361328125
0.07761716842651367
0.07002663612365723
0.06635022163391113
0.07089424133300781
0.07610106468200684
0.06549239158630371
0.06808710098266602
0.06394314765930176
0.06394243240356445
0.0780482292175293
0.0650472640991211
0.06339502334594727
0.0632925033569336
0.0636754035949707
0.06299972534179688
0.06935524940490723
0.06431818008422852
0.06353402137756348
0.07770276069641113
0.07778215408325195
0.06333446502685547
0.0633859634399414
0.07760882377624512
0.06357884407043457
0.06992340087890625
0.06490850448608398
0.0780344009399414
0.06422734260559082
0.06332230567932129
0.06326937675476074
0.0630648136138916
0.06312060356140137
0.07235145568847656
0.07199788093566895
0.06430745124816895
0.06272721290588379
0.062026262283325195
0.07715582847595215
0.0642704963684082
0.06340479850769043
0.06373262405395508
0.06242728233337402
0.06927108764648438
0.07778739929199219
0.06387209892272949
0.06351447105407715
0.07770133018493652
0.06369876861572266
0.06317472457885742
0.06305074691772461
0.0623471736907959
0.06849479675292969
0.06593465805053711
0.06287240982055664
0.0633702278137207
0.06353163719177246
0.07694268226623535
0.0630490779876709
0.06352686882019043
0.06283235549926758
0.08319211006164551
0.07809615135192871
0.0667717456817627
0.06590056419372559
0.07759428024291992
0.07806611061096191
0.06395816802978516
0.06340217590332031
0.07692384719848633
0.06957221031188965
0.06467628479003906
0.06383943557739258
0.0672614574432373
0.07574915885925293
0.08183503150939941
0.06778597831726074
0.06955599784851074
0.06678605079650879
0.06810927391052246
0.06400036811828613
0.06387901306152344
0.06390190124511719
0.06334662437438965
0.06455540657043457
0.0734398365020752
0.06538963317871094
0.06421446800231934
0.06895685195922852
0.07822251319885254
0.06362557411193848
0.0668647289276123
0.06351923942565918
0.0637209415435791
0.07311439514160156
0.06425166130065918
0.07679533958435059
0.06888103485107422
0.06428194046020508
0.0639963150024414
0.0650935173034668
0.07743096351623535
0.06480073928833008
0.06330990791320801
0.06270909309387207
0.08665251731872559
0.08839678764343262
0.0864248275756836
0.0660390853881836
0.07275938987731934
0.06351923942565918
0.06299996376037598
0.06291627883911133
0.06255793571472168
0.060817718505859375
0.06628012657165527
0.07751226425170898
0.06236124038696289
0.0614013671875
0.07748961448669434
0.08787965774536133
0.07029151916503906
0.06695413589477539
0.06280994415283203
0.06746292114257812
0.06152772903442383
0.061489105224609375
0.06175684928894043
0.0613400936126709
0.08659100532531738
0.0637359619140625
0.06371784210205078
0.06803393363952637
0.09283137321472168
0.06433653831481934
0.06338930130004883
0.06376862525939941
0.07275938987731934
0.0657815933227539
0.07566285133361816
0.06312179565429688
0.06268024444580078
0.06902408599853516
0.06441378593444824
0.06399965286254883
0.07808399200439453
0.06352448463439941
0.07717013359069824
0.06854701042175293
0.06783080101013184
0.07666921615600586
0.06958889961242676
0.06444096565246582
0.07738018035888672
0.07774043083190918
0.06376791000366211
0.07739996910095215
0.07843732833862305
0.07099676132202148
0.07331466674804688
0.0731358528137207
0.06484341621398926
0.07412481307983398
0.07517004013061523
0.07355380058288574
0.06419014930725098
0.06817817687988281
0.0640566349029541
0.08013558387756348
0.0798332691192627
0.07438492774963379
0.07227468490600586
0.06460046768188477
0.06994414329528809
0.06374454498291016
0.0637965202331543
0.06289911270141602
0.06265020370483398
0.06884956359863281
0.07810497283935547
0.06393694877624512
0.06462907791137695
0.0634622573852539
0.06302881240844727
0.06291842460632324
0.06256699562072754
0.06504344940185547
0.07341217994689941
0.06441998481750488
0.06515645980834961
0.07368040084838867
0.06894493103027344
0.06414055824279785
0.06337785720825195
0.07729887962341309
0.06454181671142578
0.06998562812805176
0.06443905830383301
0.06368136405944824
0.06588912010192871
0.06503653526306152
0.06361079216003418
0.06469845771789551
0.06453752517700195
0.06432509422302246
0.07274484634399414
0.06517815589904785
0.06383705139160156
0.06398749351501465
0.06379055976867676
0.06371951103210449
0.07497262954711914
0.07399272918701172
0.07309913635253906
0.0907440185546875
0.06682729721069336
0.06393098831176758
0.06408357620239258
0.06424188613891602
0.06445789337158203
0.06431102752685547
0.0771484375
0.06330633163452148
0.06902456283569336
0.0779414176940918
0.06740021705627441
0.06695866584777832
0.07696127891540527
0.0642707347869873
0.07266879081726074
0.06572794914245605
0.06268644332885742
0.0739140510559082
0.0741415023803711
0.06490492820739746
0.08686089515686035
0.06644034385681152
0.06315374374389648
0.06269431114196777
0.06280112266540527
0.062365055084228516
0.06875228881835938
0.06446981430053711
0.06335854530334473
0.06367611885070801
0.06381678581237793
0.06249117851257324
0.0631265640258789
0.07344222068786621
0.06614351272583008
0.0703270435333252
0.06287741661071777
0.06310272216796875
0.06380367279052734
0.06366443634033203
0.06349420547485352
0.0632781982421875
0.06288266181945801
0.07703828811645508
0.06984758377075195
0.06728076934814453
0.06421065330505371
0.06467056274414062
0.0708169937133789
0.06394100189208984
0.06470394134521484
0.06125473976135254
0.06321167945861816
0.0673978328704834
0.0624232292175293
0.061899423599243164
0.062094926834106445
0.06184077262878418
0.06474018096923828
0.061872005462646484
0.07746648788452148
0.06362128257751465
0.08025455474853516
0.06263518333435059
0.06423187255859375
0.06409978866577148
0.06163930892944336
0.0638425350189209
0.06119060516357422
0.06188321113586426
0.061054229736328125
0.07804417610168457
0.06522703170776367
0.06396365165710449
0.0778658390045166
0.06432628631591797
0.06368231773376465
0.06457805633544922
0.07098579406738281
0.06293201446533203
0.06981849670410156
0.06287956237792969
0.0638127326965332
0.06189775466918945
0.06303024291992188
0.06441116333007812
0.06807565689086914
0.06105518341064453
0.0765523910522461
0.0826420783996582
0.07774090766906738
0.06525278091430664
0.07332611083984375
0.07707524299621582
0.07464337348937988
0.06314349174499512
0.06383085250854492
0.0771784782409668
0.06970763206481934
0.06391596794128418
0.06369686126708984
0.06328177452087402
0.06383299827575684
0.06494450569152832
0.06665921211242676
0.06229281425476074
0.06228232383728027
0.08221840858459473
0.06470346450805664
0.08710455894470215
0.06966757774353027
0.08530259132385254
0.06347775459289551
0.06280946731567383
0.06254887580871582
0.07729601860046387
0.06945681571960449
0.07728195190429688
0.06360387802124023
0.0643010139465332
0.06323432922363281
0.06295394897460938
0.06305146217346191
0.06267762184143066
0.0629575252532959
0.0786595344543457
0.06650614738464355
0.06316304206848145
0.06285691261291504
0.07649970054626465
0.06299161911010742
0.06221437454223633
0.06269955635070801
0.07683610916137695
0.06873703002929688
0.06371927261352539
0.07690882682800293
0.06355714797973633
0.06577920913696289
0.06667828559875488
0.06387114524841309
0.0632784366607666
0.06222033500671387
0.06875085830688477
0.06323361396789551
0.06375288963317871
0.06318068504333496
0.07682466506958008
0.06440997123718262
0.06355404853820801
0.06305408477783203
0.0635993480682373
0.06868505477905273
0.06367635726928711
0.06366562843322754
0.06421875953674316
0.06812453269958496
0.06397342681884766
0.06863903999328613
0.06305193901062012
0.06310391426086426
0.06853199005126953
0.06479001045227051
0.06413888931274414
0.0636136531829834
0.0643763542175293
0.06301546096801758
0.06385970115661621
0.06310892105102539
0.06712865829467773
0.08273148536682129
0.06451916694641113
0.06392383575439453
0.06398773193359375
0.06991720199584961
0.06510162353515625
0.0634458065032959
0.06281828880310059
0.07198905944824219
0.07054257392883301
0.06360578536987305
0.06137704849243164
0.060945987701416016
0.06341886520385742
0.060776710510253906
0.06142020225524902
0.06556987762451172
0.08627581596374512
0.07438349723815918
0.06607460975646973
0.07874917984008789
0.07767415046691895
0.07676911354064941
0.08022594451904297
0.06750082969665527
0.07448673248291016
0.061217546463012695
0.08336496353149414
0.06419944763183594
0.06397819519042969
0.06383562088012695
0.06327033042907715
0.0772697925567627
0.06517767906188965
0.07907629013061523
0.06937336921691895
0.0722503662109375
0.07783389091491699
0.0771939754486084
0.06513261795043945
0.07342720031738281
0.06702280044555664
0.07734799385070801
0.08497953414916992
0.062474966049194336
0.06804323196411133
0.08740067481994629
0.08164429664611816
0.06759119033813477
0.06546449661254883
0.06339001655578613
0.06327104568481445
0.06278228759765625
0.06256556510925293
0.07866525650024414
0.06364226341247559
0.06671261787414551
0.07771635055541992
0.0646505355834961
0.06290483474731445
0.06509733200073242
0.06373167037963867
0.07612872123718262
0.08276033401489258
0.06372785568237305
0.07239532470703125
0.06511378288269043
0.07645583152770996
0.06291341781616211
0.06820225715637207
0.07748699188232422
0.06425786018371582
0.06850886344909668
0.07754111289978027
0.07694125175476074
0.07696700096130371
0.06655526161193848
0.06343460083007812
0.06260371208190918
0.07654213905334473
0.07700204849243164
0.07408857345581055
0.06554007530212402
0.0691826343536377
0.06334042549133301
0.07652807235717773
0.0624387264251709
0.06009244918823242
0.06035351753234863
0.06005740165710449
0.06811761856079102
0.07370686531066895
0.07374000549316406
0.07673215866088867
0.08138465881347656
0.07698941230773926
0.07174873352050781
0.06595158576965332
0.07295775413513184
0.07099151611328125
0.0640554428100586
0.07777118682861328
0.06404519081115723
0.06402206420898438
0.07107114791870117
0.07293820381164551
0.06790637969970703
0.06255364418029785
0.06899333000183105
0.07781267166137695
0.0661628246307373
0.06595087051391602
0.08698678016662598
0.07154345512390137
0.06903433799743652
0.06474661827087402
0.06284046173095703
0.07251167297363281
0.06444239616394043
0.06969881057739258
0.07398414611816406
0.07347393035888672
0.06452608108520508
0.06372237205505371
0.07741808891296387
0.06362676620483398
0.07637667655944824
0.06496620178222656
0.06428146362304688
0.06958770751953125
0.07817411422729492
0.06736302375793457
0.07722163200378418
0.06419682502746582
0.06311941146850586
0.06907272338867188
0.06374239921569824
0.07200217247009277
0.06381082534790039
0.06359314918518066
0.06389641761779785
0.08717560768127441
0.06395173072814941
0.06299614906311035
0.06941413879394531
0.0636589527130127
0.07747435569763184
0.06382155418395996
0.0642697811126709
0.0635976791381836
0.063323974609375
0.06354117393493652
0.0773005485534668
0.09261751174926758
0.07985877990722656
0.06395268440246582
0.06446170806884766
0.0775914192199707
0.06722402572631836
0.06341695785522461
0.06545400619506836
0.0632474422454834
0.06930160522460938
0.06362366676330566
0.06386947631835938
0.07097411155700684
0.07754778861999512
0.07246661186218262
0.06770110130310059
0.07645058631896973
0.06273102760314941
0.06868410110473633
0.06357431411743164
0.0770723819732666
0.06157088279724121
0.07086372375488281
0.06654834747314453
0.061660051345825195
0.06307482719421387
0.06594514846801758
0.0666654109954834
0.0779261589050293
0.06487894058227539
0.06333279609680176
0.06319546699523926
0.06312060356140137
0.06375503540039062
0.07192754745483398
0.08563852310180664
0.0746452808380127
0.07817530632019043
0.0644233226776123
0.06380438804626465
0.07766532897949219
0.07695722579956055
0.06199169158935547
0.06228375434875488
0.0633859634399414
0.07573056221008301
0.06401467323303223
0.06408262252807617
0.06330466270446777
0.06311464309692383
0.07692360877990723
0.06453418731689453
0.07962775230407715
0.06369328498840332
0.08746957778930664
0.08735346794128418
0.06611347198486328
0.06358861923217773
0.07643437385559082
0.08643889427185059
0.0737142562866211
0.08271455764770508
0.0627140998840332
0.06903767585754395
0.06681084632873535
0.07708501815795898
0.07966732978820801
0.06560611724853516
0.07683849334716797
0.06372380256652832
0.06276130676269531
0.0665578842163086
0.0687723159790039
0.06411337852478027
0.07708311080932617
0.06340956687927246
0.06280875205993652
0.06813478469848633
0.06568169593811035
0.0652608871459961
0.06306958198547363
0.09281039237976074
0.0841822624206543
0.07786679267883301
0.07316160202026367
0.0709066390991211
0.0682225227355957
0.06330585479736328
0.06335115432739258
0.062323808670043945
0.0822443962097168
0.06402754783630371
0.0775763988494873
0.07352590560913086
0.06762981414794922
0.0858759880065918
0.06408214569091797
0.06982755661010742
0.06276082992553711
0.07090568542480469
0.06203722953796387
0.06136155128479004
0.06872391700744629
0.06546759605407715
0.06773662567138672
0.06362390518188477
0.06292152404785156
0.07701683044433594
0.06929588317871094
0.06389427185058594
0.06384682655334473
0.06387042999267578
0.06477117538452148
0.06371831893920898
0.06268501281738281
0.06168985366821289
0.06282472610473633
0.08245086669921875
0.06784820556640625
0.06444954872131348
0.06381821632385254
0.07729792594909668
0.06318068504333496
0.0632317066192627
0.06291723251342773
0.06256246566772461
0.08239555358886719
0.06427955627441406
0.0776824951171875
0.07768440246582031
0.07079935073852539
0.06762003898620605
0.062287092208862305
0.06354308128356934
0.06266331672668457
0.06895923614501953
0.06450939178466797
0.0773308277130127
0.0714421272277832
0.06350517272949219
0.07746744155883789
0.06397366523742676
0.0731043815612793
0.08046889305114746
0.07267904281616211
0.06874918937683105
0.0808711051940918
0.06954574584960938
0.06668996810913086
0.06704592704772949
0.06366586685180664
0.06642460823059082
0.06514787673950195
0.06870651245117188
0.06839275360107422
0.06669950485229492
0.06374287605285645
0.06407761573791504
0.062407493591308594
0.06233501434326172
0.06264066696166992
0.07252764701843262
0.06877517700195312
0.06305742263793945
0.06365060806274414
0.07711410522460938
0.06342029571533203
0.07713007926940918
0.07679867744445801
0.0627901554107666
0.06261420249938965
0.06809210777282715
0.06374812126159668
0.06350517272949219
0.06442022323608398
0.06317734718322754
0.06357955932617188
0.062355995178222656
0.06316447257995605
0.06247067451477051
0.0686798095703125
0.07726788520812988
0.06314897537231445
0.06370782852172852
0.06319046020507812
0.06260466575622559
0.07323884963989258
0.06339406967163086
0.06318879127502441
0.09266138076782227
0.08761429786682129
0.08828210830688477
0.07423710823059082
0.08600568771362305
0.07514548301696777
0.06937289237976074
0.07316350936889648
0.0666658878326416
0.06932306289672852
0.06444597244262695
0.07732629776000977
0.07921838760375977
0.07357668876647949
0.07025456428527832
0.06273508071899414
0.06318855285644531
0.0624086856842041
0.06835699081420898
0.06735706329345703
0.06344008445739746
0.06416130065917969
0.06430530548095703
0.07737326622009277
0.0628204345703125
0.06456422805786133
0.06383609771728516
0.07036018371582031
0.06450629234313965
0.06366252899169922
0.06695103645324707
0.06347107887268066
0.06352639198303223
0.06304073333740234
0.06370258331298828
0.06394410133361816
0.06871271133422852
0.06440615653991699
0.06290602684020996
0.06492757797241211
0.06353068351745605
0.06268763542175293
0.06384992599487305
0.07033586502075195
0.06411457061767578
0.06961894035339355
0.06418752670288086
0.06436753273010254
0.06397461891174316
0.06304669380187988
0.06289935111999512
0.06263494491577148
0.06685018539428711
0.07699942588806152
0.06843972206115723
0.06501412391662598
0.06380820274353027
0.06396842002868652
0.06300544738769531
0.06348490715026855
0.0631561279296875
0.0634925365447998
0.0628819465637207
0.08306097984313965
0.0661470890045166
0.0640418529510498
0.06389427185058594
0.06309080123901367
0.07680392265319824
0.06494331359863281
0.07604408264160156
0.06583786010742188
0.07100939750671387
0.06454300880432129
0.08335614204406738
0.06708788871765137
0.06337618827819824
0.06258416175842285
0.06287264823913574
0.06347227096557617
0.06342029571533203
0.06914925575256348
0.07789969444274902
0.07532644271850586
0.08381891250610352
0.06873393058776855
0.06270241737365723
0.062406301498413086
0.09877419471740723
0.10485291481018066
0.10030627250671387
0.09859681129455566
0.09635400772094727
0.09815073013305664
0.08394789695739746
0.07597041130065918
0.08033180236816406
0.07346725463867188
0.07617831230163574
0.0859379768371582
0.08089685440063477
0.0904085636138916
0.09381651878356934
0.08467268943786621
0.09333419799804688
0.08902978897094727
0.08490824699401855
0.09383010864257812
0.12622427940368652
0.09026384353637695
0.13614511489868164
0.09063100814819336
0.09138655662536621
0.08201837539672852
0.0796058177947998
0.08004927635192871
0.08222699165344238
0.12148380279541016
0.1251068115234375
0.1076502799987793
0.09305572509765625
0.08622384071350098
0.09485697746276855
0.09567928314208984
0.10158205032348633
0.08864831924438477
0.09999322891235352
0.10265135765075684
0.0861809253692627
0.0931096076965332
0.10265922546386719
0.09090423583984375
0.0996694564819336
0.10357213020324707
0.09982538223266602
0.12167119979858398
0.07866930961608887
0.08153963088989258
0.07898592948913574
0.11237025260925293
0.1274576187133789
0.09764885902404785
0.08857607841491699
0.08488225936889648
0.09121084213256836
0.07996749877929688
0.07345032691955566
0.08045458793640137
0.07841205596923828
0.07782316207885742
0.07366561889648438
0.07933640480041504
0.10062980651855469
0.09418654441833496
0.07590460777282715
0.07148313522338867
0.0930335521697998
0.08498477935791016
0.08772659301757812
0.10558485984802246
0.0800468921661377
0.08106207847595215
0.07947587966918945
0.0755307674407959
0.127302885055542
0.12154293060302734
0.09329986572265625
0.08695602416992188
0.09479808807373047
0.08430671691894531
0.09756684303283691
0.08800697326660156
0.0957188606262207
0.08632850646972656
0.08902835845947266
0.08851790428161621
0.09373188018798828
0.08245563507080078
0.0913238525390625
0.08161664009094238
0.1036977767944336
0.10449790954589844
0.1087796688079834
0.10931086540222168
0.06778955459594727
0.06776118278503418
0.06763482093811035
0.0730886459350586
0.13208770751953125
0.126267671585083
0.11522531509399414
0.09202885627746582
0.08545422554016113
0.08319878578186035
0.08426141738891602
0.08275127410888672
0.0909872055053711
0.08442926406860352
0.10146474838256836
0.09271359443664551
0.09070611000061035
0.08300089836120605
0.0973043441772461
0.09586191177368164
0.0894479751586914
0.08517336845397949
0.12072920799255371
0.13355493545532227
0.07509279251098633
0.06537389755249023
0.06673789024353027
0.07003474235534668
0.08231592178344727
0.1269237995147705
0.12021923065185547
0.09832906723022461
0.08515787124633789
0.08918619155883789
0.08540534973144531
0.08567643165588379
0.07778549194335938
0.08186054229736328
0.08361577987670898
0.09007883071899414
0.08777618408203125
0.09174942970275879
0.0883641242980957
0.09555315971374512
0.08202195167541504
0.09728550910949707
0.09666299819946289
0.0784139633178711
0.13335871696472168
0.09115338325500488
0.09252810478210449
0.08322358131408691
0.11372661590576172
0.13696718215942383
0.09984302520751953
0.09189844131469727
0.08554673194885254
0.09319210052490234
0.09054183959960938
0.08968186378479004
0.08672070503234863
0.10504674911499023
0.08160018920898438
0.07590675354003906
0.0819854736328125
0.07448387145996094
0.08467721939086914
0.08582448959350586
0.08475160598754883
0.1022939682006836
0.1017298698425293
0.12840795516967773
0.06909322738647461
0.06514692306518555
0.07927775382995605
0.06704401969909668
0.07512855529785156
0.12405109405517578
0.10648941993713379
0.09971356391906738
0.09766292572021484
0.08276176452636719
0.08170747756958008
0.08284878730773926
0.07945370674133301
0.07803106307983398
0.0966644287109375
0.08962750434875488
0.09021496772766113
0.10142993927001953
0.07576966285705566
0.0778813362121582
0.0911104679107666
0.10675191879272461
0.10294413566589355
0.17452311515808105
0.08276700973510742
0.07654070854187012
0.07828688621520996
0.0818932056427002
0.10782885551452637
0.1212308406829834
0.09203481674194336
0.0804588794708252
0.09360361099243164
0.08909082412719727
0.08330941200256348
0.08592796325683594
0.07239818572998047
0.07910728454589844
0.08823704719543457
0.08064723014831543
0.09188675880432129
0.10592532157897949
0.09648394584655762
0.11892271041870117
0.0969855785369873
0.10235095024108887
0.09854865074157715
0.1111912727355957
0.08631324768066406
0.08204174041748047
0.08420705795288086
0.11507606506347656
0.1280221939086914
0.09550356864929199
0.08382892608642578
0.07983708381652832
0.07386207580566406
0.07832479476928711
0.08074426651000977
0.08792972564697266
0.0785527229309082
0.08446264266967773
0.09045672416687012
0.08930325508117676
0.0902414321899414
0.08353996276855469
0.08304715156555176
0.08502006530761719
0.09183692932128906
0.11039185523986816
0.1612865924835205
0.0796666145324707
0.07863426208496094
0.07123994827270508
0.07060980796813965
0.11044502258300781
0.11358523368835449
0.09421110153198242
0.08599495887756348
0.08579540252685547
0.08740115165710449
0.0839381217956543
0.08033013343811035
0.07853984832763672
0.08278894424438477
0.09540176391601562
0.09895730018615723
0.08796262741088867
0.08727073669433594
0.0905752182006836
0.07746553421020508
0.07179474830627441
0.08428287506103516
0.09148979187011719
0.11643695831298828
0.10570740699768066
0.08026719093322754
0.07869505882263184
0.08031129837036133
0.10508108139038086
0.1240389347076416
0.0955967903137207
0.08858108520507812
0.08352160453796387
0.08007049560546875
0.07711243629455566
0.08365797996520996
0.07225275039672852
0.07733917236328125
0.07341194152832031
0.08909416198730469
0.0737466812133789
0.07937788963317871
0.09317445755004883
0.08165431022644043
0.08487653732299805
0.08003616333007812
0.07032108306884766
0.10426783561706543
0.11460375785827637
0.09415149688720703
0.06436729431152344
0.07454228401184082
0.06953954696655273
0.07083868980407715
0.15195798873901367
0.10124969482421875
0.0878303050994873
0.08048415184020996
0.08183646202087402
0.08605837821960449
0.09615874290466309
0.08364295959472656
0.0860910415649414
0.08044767379760742
0.08358502388000488
0.08674311637878418
0.08125567436218262
0.08184528350830078
0.08646655082702637
0.08373641967773438
0.0945887565612793
0.09741973876953125
0.145554780960083
0.07897543907165527
0.07006525993347168
0.06871318817138672
0.06822037696838379
0.09995651245117188
0.14039278030395508
0.1123199462890625
0.08071684837341309
0.0829014778137207
0.08610010147094727
0.08184528350830078
0.08694028854370117
0.0810699462890625
0.08010149002075195
0.09734582901000977
0.08596491813659668
0.07879161834716797
0.09163117408752441
0.09236884117126465
0.08383917808532715
0.08638453483581543
0.09715056419372559
0.09725236892700195
0.09993386268615723
0.10080552101135254
0.08212971687316895
0.08138537406921387
0.07894778251647949
0.08437180519104004
0.1293652057647705
0.11171460151672363
0.08693885803222656
0.09627413749694824
0.09148740768432617
0.0867607593536377
0.08597707748413086
0.08234238624572754
0.08860540390014648
0.08468842506408691
0.08720588684082031
0.08174538612365723
0.09106612205505371
0.08613204956054688
0.08618497848510742
0.0871882438659668
0.08328914642333984
0.08591866493225098
0.0805814266204834
0.08614540100097656
0.09042048454284668
0.11859631538391113
0.07596063613891602
0.07776403427124023
0.08239006996154785
0.07611417770385742
0.1314373016357422
0.11178898811340332
0.07924246788024902
0.08054256439208984
0.09307074546813965
0.0786750316619873
0.07257580757141113
0.07917046546936035
0.08416080474853516
0.08450651168823242
0.08677053451538086
0.0875551700592041
0.08322381973266602
0.08799266815185547
0.08562397956848145
0.07800126075744629
0.09079909324645996
0.09744024276733398
0.11563467979431152
0.0831303596496582
0.07706141471862793
0.08070540428161621
0.0941934585571289
0.13045787811279297
0.11121535301208496
0.08515739440917969
0.08644890785217285
0.09082579612731934
0.0879814624786377
0.09461593627929688
0.08113884925842285
0.09598970413208008
0.09660792350769043
0.0907747745513916
0.09395337104797363
0.0903010368347168
0.09668469429016113
0.09885478019714355
0.07806658744812012
0.07726192474365234
0.09440398216247559
0.07461142539978027
0.10619926452636719
0.06693458557128906
0.06784296035766602
0.06747150421142578
0.06884360313415527
0.09919595718383789
0.12114953994750977
0.09168386459350586
0.08765530586242676
0.08253812789916992
0.08186459541320801
0.0787515640258789
0.0761113166809082
0.07558727264404297
0.0867760181427002
0.08682537078857422
0.08347916603088379
0.07309818267822266
0.08265304565429688
0.07886219024658203
0.09544491767883301
0.08293819427490234
0.08053946495056152
0.07877087593078613
0.08774232864379883
0.08821511268615723
0.08745384216308594
0.10268306732177734
0.10410952568054199
0.09076237678527832
0.07569384574890137
0.07396841049194336
0.07235479354858398
0.11827611923217773
0.1282336711883545
0.10536026954650879
0.08607602119445801
0.0844259262084961
0.08400249481201172
0.08333897590637207
0.08314728736877441
0.08090066909790039
0.08491230010986328
0.09375238418579102
0.08746838569641113
0.08458304405212402
0.08621072769165039
0.08844900131225586
0.08024144172668457
0.08869004249572754
0.0958409309387207
0.07126474380493164
0.1058816909790039
0.0805962085723877
0.08120274543762207
0.07699775695800781
0.0939476490020752
0.12687158584594727
0.10157227516174316
0.08261489868164062
0.08266258239746094
0.09159564971923828
0.08631443977355957
0.0960686206817627
0.08303141593933105
0.08495712280273438
0.09596109390258789
0.08377790451049805
0.09718894958496094
0.09077167510986328
0.09326910972595215
0.09262275695800781
0.08597183227539062
0.11436915397644043
0.10988283157348633
0.07521200180053711
0.06891012191772461
0.0742790699005127
0.07042503356933594
0.14131999015808105
0.10453939437866211
0.08227157592773438
0.07587957382202148
0.07512068748474121
0.08231282234191895
0.08342289924621582
0.08540201187133789
0.07811594009399414
0.09334683418273926
0.08792710304260254
0.09821796417236328
0.07891654968261719
0.09387612342834473
0.08229541778564453
0.07671713829040527
0.08486270904541016
0.09362673759460449
0.11013221740722656
0.09394478797912598
0.07756423950195312
0.08206057548522949
0.08064985275268555
0.10464787483215332
0.12819910049438477
0.10114407539367676
0.07985472679138184
0.08911514282226562
0.08771729469299316
0.08081746101379395
0.08089733123779297
0.08036255836486816
0.0911257266998291
0.0881190299987793
0.0854024887084961
0.08613467216491699
0.09482955932617188
0.09183144569396973
0.09442901611328125
0.08539843559265137
0.11389589309692383
0.11306071281433105
0.08149385452270508
0.07675743103027344
0.07610559463500977
0.10026073455810547
0.1428084373474121
0.10427665710449219
0.08629393577575684
0.08283329010009766
0.10159754753112793
0.08455181121826172
0.09497737884521484
0.07827591896057129
0.10376238822937012
0.08436846733093262
0.08974933624267578
0.08522176742553711
0.09383583068847656
0.08301544189453125
0.09388899803161621
0.10120844841003418
0.11427569389343262
0.11716771125793457
0.09244370460510254
0.07987308502197266
0.07759404182434082
0.0880897045135498
0.13612747192382812
0.11728072166442871
0.08919763565063477
0.08164072036743164
0.09410619735717773
0.08680033683776855
0.08461713790893555
0.09223675727844238
0.08475971221923828
0.08611869812011719
0.08225393295288086
0.0827791690826416
0.08626151084899902
0.09601545333862305
0.0808568000793457
0.09030675888061523
0.09792852401733398
0.13981056213378906
0.0769801139831543
0.08105731010437012
0.07922554016113281
0.08716535568237305
0.15305519104003906
0.10001349449157715
0.08502817153930664
0.08167123794555664
0.09837579727172852
0.08900856971740723
0.08606433868408203
0.07840728759765625
0.08360075950622559
0.09044599533081055
0.0823211669921875
0.07994985580444336
0.08408260345458984
0.08454108238220215
0.0849151611328125
0.07364606857299805
0.09188055992126465
0.10004210472106934
0.12057375907897949
0.07879471778869629
0.07813596725463867
0.07945942878723145
0.09819984436035156
0.1285262107849121
0.10477781295776367
0.0864570140838623
0.08894562721252441
0.09177517890930176
0.08205986022949219
0.08283734321594238
0.0815894603729248
0.08750295639038086
0.08814048767089844
0.08402538299560547
0.0894780158996582
0.09675836563110352
0.0915374755859375
0.08340048789978027
0.09412980079650879
0.09697604179382324
0.09872031211853027
0.10066771507263184
0.07796716690063477
0.0782778263092041
0.08296465873718262
0.15662741661071777
0.10243797302246094
0.08723783493041992
0.08888101577758789
0.08354759216308594
0.08458900451660156
0.07994675636291504
0.07875227928161621
0.07679891586303711
0.10123395919799805
0.08464717864990234
0.09114789962768555
0.1060333251953125
0.08924269676208496
0.08946490287780762
0.09630274772644043
0.10225224494934082
0.12316536903381348
0.08865237236022949
0.0824728012084961
0.08865523338317871
0.10340070724487305
0.1325361728668213
0.10099053382873535
0.08568215370178223
0.08278226852416992
0.0843362808227539
0.0888972282409668
0.08150529861450195
0.09063386917114258
0.08765912055969238
0.08790087699890137
0.08813595771789551
0.08524942398071289
0.08947110176086426
0.08659625053405762
0.0925743579864502
0.09152746200561523
0.11134600639343262
0.10843276977539062
0.07248163223266602
0.06601977348327637
0.07702851295471191
0.07962632179260254
0.11965394020080566
0.12186837196350098
0.08095693588256836
0.07309532165527344
0.08502721786499023
0.07997608184814453
0.08266329765319824
0.08292102813720703
0.09145092964172363
0.08437657356262207
0.08438706398010254
0.0897822380065918
0.08552098274230957
0.08703351020812988
0.08294963836669922
0.08454680442810059
0.08974623680114746
0.09860515594482422
0.08394241333007812
0.11776256561279297
0.07828855514526367
0.08077478408813477
0.07878899574279785
0.07157516479492188
0.10791230201721191
0.1237649917602539
0.09208822250366211
0.07884430885314941
0.10451555252075195
0.08432412147521973
0.08452010154724121
0.09383273124694824
0.08002614974975586
0.08740019798278809
0.08801746368408203
0.0887601375579834
0.08761024475097656
0.11461257934570312
0.0843055248260498
0.07728314399719238
0.09438133239746094
0.09183835983276367
0.11236453056335449
0.08207249641418457
0.07586240768432617
0.06994795799255371
0.07547950744628906
0.11812210083007812
0.11877965927124023
0.08306050300598145
0.08384251594543457
0.08862781524658203
0.09143209457397461
0.10997581481933594
0.08827972412109375
0.08558320999145508
0.08811759948730469
0.08702635765075684
0.08559608459472656
0.08577275276184082
0.08626914024353027
0.08370041847229004
0.09484386444091797
0.08887672424316406
0.10319161415100098
0.12193655967712402
0.07834720611572266
0.07183480262756348
0.0687260627746582
0.09107732772827148
0.12660002708435059
0.10822558403015137
0.07448148727416992
0.09065604209899902
0.08525919914245605
0.08159184455871582
0.07994461059570312
0.08182883262634277
0.07573676109313965
0.07981657981872559
0.0722665786743164
0.07437872886657715
0.10225272178649902
0.0866708755493164
0.08016419410705566
0.08644700050354004
0.08712244033813477
0.09673428535461426
0.11473679542541504
0.08426809310913086
0.0647895336151123
0.07672119140625
0.06867384910583496
0.08594322204589844
0.14242148399353027
0.10615825653076172
0.07313895225524902
0.07271504402160645
0.08277201652526855
0.07452225685119629
0.07936835289001465
0.08401370048522949
0.07099223136901855
0.09628057479858398
0.08384418487548828
0.09153413772583008
0.09913349151611328
0.08478093147277832
0.08369326591491699
0.09679722785949707
0.09151482582092285
0.12814855575561523
0.11156678199768066
0.07825517654418945
0.07927465438842773
0.08085346221923828
0.13087797164916992
0.12474656105041504
0.09746265411376953
0.08929944038391113
0.08196735382080078
0.07971620559692383
0.08819389343261719
0.08178353309631348
0.08366513252258301
0.08427882194519043
0.08874225616455078
0.09679818153381348
0.09227275848388672
0.09779047966003418
0.08017253875732422
0.08915519714355469
0.09718012809753418
0.09404277801513672
0.12291169166564941
0.07671093940734863
0.0844278335571289
0.0791923999786377
0.12686896324157715
0.1341109275817871
0.08505749702453613
0.08470487594604492
0.08527255058288574
0.08176541328430176
0.08416509628295898
0.08772516250610352
0.0844268798828125
0.08331656455993652
0.08900809288024902
0.08907151222229004
0.08521580696105957
0.08783125877380371
0.08519220352172852
0.08630752563476562
0.1006019115447998
0.09716105461120605
0.11894702911376953
0.0779564380645752
0.08479189872741699
0.08146429061889648
0.11183762550354004
0.10643601417541504
0.08871340751647949
0.09068799018859863
0.09199237823486328
0.08409833908081055
0.08303546905517578
0.07894396781921387
0.09274458885192871
0.09041547775268555
0.08892607688903809
0.08568263053894043
0.10363388061523438
0.08406686782836914
0.08863568305969238
0.09161877632141113
0.09851861000061035
0.08992624282836914
0.1222233772277832
0.07987403869628906
0.0747218132019043
0.08645367622375488
0.08121323585510254
0.1455552577972412
0.10728716850280762
0.08209776878356934
0.08324360847473145
0.08117032051086426
0.08470845222473145
0.08101320266723633
0.09096240997314453
0.10101747512817383
0.08525919914245605
0.083465576171875
0.08760786056518555
0.08360838890075684
0.08386421203613281
0.08281970024108887
0.08600544929504395
0.09610438346862793
0.09964346885681152
0.10936164855957031
0.07786059379577637
0.0757453441619873
0.07742762565612793
0.08881735801696777
0.15131545066833496
0.11140847206115723
0.09548521041870117
0.08740711212158203
0.09211564064025879
0.09080028533935547
0.08130073547363281
0.08202123641967773
0.08050203323364258
0.07425665855407715
0.08608102798461914
0.10298514366149902
0.08659672737121582
0.08434605598449707
0.08211731910705566
0.09076976776123047
0.09383463859558105
0.11175918579101562
0.08052372932434082
0.06372928619384766
0.07398343086242676
0.0789787769317627
0.09461784362792969
0.14363622665405273
0.09287357330322266
0.08753013610839844
0.07360124588012695
0.08196425437927246
0.07222199440002441
0.07704949378967285
0.08268356323242188
0.08950066566467285
0.0833578109741211
0.09600663185119629
0.08920001983642578
0.08807849884033203
0.08517074584960938
0.08398127555847168
0.10941886901855469
0.10314536094665527
0.11879682540893555
0.07622003555297852
0.08210325241088867
0.07797026634216309
0.10924148559570312
0.1276106834411621
0.1064913272857666
0.08931660652160645
0.0728907585144043
0.07268238067626953
0.07851409912109375
0.07374286651611328
0.07392549514770508
0.08879852294921875
0.08695006370544434
0.09184527397155762
0.1004025936126709
0.0930941104888916
0.08649539947509766
0.08659934997558594
0.10015583038330078
0.0888969898223877
0.09768795967102051
0.09360098838806152
0.07532191276550293
0.07745647430419922
0.07566356658935547
0.09187841415405273
0.13369536399841309
0.10088729858398438
0.0826265811920166
0.08433890342712402
0.08578228950500488
0.08783531188964844
0.08655047416687012
1.0059683322906494
0.11637020111083984
0.08231925964355469
0.07467937469482422
0.0862269401550293
0.10728955268859863
0.1591196060180664
0.11016368865966797
0.1026773452758789
0.09539651870727539
0.09657168388366699
0.1020965576171875
0.09110546112060547
0.08182191848754883
0.09336352348327637
0.09688782691955566
0.0966036319732666
0.10494303703308105
0.10519266128540039
0.1071767807006836
0.10096120834350586
0.12617826461791992
0.08247590065002441
0.08787012100219727
0.08900642395019531
0.1302025318145752
0.12749886512756348
0.07581186294555664
0.08181309700012207
0.08008432388305664
0.09203410148620605
0.0926203727722168
0.09107279777526855
0.09593009948730469
0.09265971183776855
0.09236764907836914
0.0937042236328125
0.0867757797241211
0.08035397529602051
0.11048269271850586
0.09487152099609375
0.10814189910888672
0.11721444129943848
0.10426163673400879
0.09379935264587402
0.08352899551391602
0.08466005325317383
0.15618491172790527
0.11144113540649414
0.09315705299377441
0.09247469902038574
0.0943155288696289
0.08437919616699219
0.08629679679870605
0.07896685600280762
0.0881490707397461
0.09373331069946289
0.08588743209838867
0.08366990089416504
0.10212016105651855
0.08961057662963867
0.090240478515625
0.12499713897705078
0.09963083267211914
0.1105353832244873
0.07252979278564453
0.08448457717895508
0.07212257385253906
0.09170866012573242
0.15231847763061523
0.1047673225402832
0.09774661064147949
0.09424781799316406
0.09308052062988281
0.09072065353393555
0.09005928039550781
0.10178375244140625
0.11708831787109375
0.10192728042602539
0.10988640785217285
0.10133695602416992
0.10131454467773438
0.0968480110168457
0.12938642501831055
0.13570213317871094
0.09155511856079102
0.0857841968536377
0.08956241607666016
0.11791825294494629
0.16508698463439941
0.10098099708557129
0.09330177307128906
0.09613394737243652
0.09461092948913574
0.09205436706542969
0.09130382537841797
0.10639286041259766
0.10247683525085449
0.12273907661437988
0.09463667869567871
0.10552525520324707
0.09884285926818848
0.09712982177734375
0.11512398719787598
0.13643527030944824
0.08399701118469238
0.08472394943237305
0.09401774406433105
0.14620471000671387
0.1265716552734375
0.09665918350219727
0.09758257865905762
0.09266924858093262
0.10285115242004395
0.09047818183898926
0.09158611297607422
0.09970498085021973
0.08850598335266113
0.08639121055603027
0.08565115928649902
0.07766342163085938
0.0796041488647461
0.08214855194091797
0.09643793106079102
0.1063835620880127
0.13289284706115723
0.08893132209777832
0.08252692222595215
0.08623600006103516
0.10057449340820312
0.14808917045593262
0.1043250560760498
0.08382320404052734
0.0887446403503418
0.09705376625061035
0.09611105918884277
0.09190034866333008
0.0894925594329834
0.09373712539672852
0.08938908576965332
0.08712911605834961
0.09136223793029785
0.09860801696777344
0.09989738464355469
0.09246563911437988
0.10551071166992188
0.11591911315917969
0.10753297805786133
0.08420181274414062
0.08871030807495117
0.0855703353881836
0.16770005226135254
0.1205589771270752
0.08809208869934082
0.09253334999084473
0.08442497253417969
0.0935511589050293
0.08648037910461426
0.08834981918334961
0.09332919120788574
0.0918111801147461
0.10052275657653809
0.08919072151184082
0.09210753440856934
0.08039593696594238
0.07950901985168457
0.08490347862243652
0.10399913787841797
0.11145639419555664
0.10640740394592285
0.09459066390991211
0.0844883918762207
0.09397292137145996
0.1473536491394043
0.11090278625488281
0.09325504302978516
0.09695887565612793
0.08775496482849121
0.08400821685791016
0.10791897773742676
0.0854034423828125
0.08845162391662598
0.08635258674621582
0.09157562255859375
0.09739899635314941
0.10668563842773438
0.1059417724609375
0.09858131408691406
0.14609456062316895
0.12344050407409668
0.08603310585021973
0.08029818534851074
0.07323408126831055
0.07279634475708008
0.14403271675109863
0.11027932167053223
0.07810831069946289
0.09389901161193848
0.09500885009765625
0.09195208549499512
0.10309219360351562
0.09066128730773926
0.09143352508544922
0.08921980857849121
0.09086298942565918
0.09511876106262207
0.10576152801513672
0.10485434532165527
0.09710025787353516
0.12390327453613281
0.11977386474609375
0.08928680419921875
0.08056330680847168
0.08162117004394531
0.07934117317199707
0.15668630599975586
0.13678574562072754
0.09074568748474121
0.08316183090209961
0.08238005638122559
0.08367347717285156
0.08146905899047852
0.08394336700439453
0.09175753593444824
0.09664726257324219
0.09449219703674316
0.09302902221679688
0.0850379467010498
0.08595657348632812
0.10069775581359863
0.10406851768493652
0.11238908767700195
0.11078071594238281
0.09035515785217285
0.08191490173339844
0.08050704002380371
0.07784914970397949
0.14594221115112305
0.11037087440490723
0.08445525169372559
0.07957887649536133
0.08234047889709473
0.10993194580078125
0.08256006240844727
0.08227968215942383
0.08687734603881836
0.09999632835388184
0.08079838752746582
0.0823361873626709
0.08907175064086914
0.08544778823852539
0.08123612403869629
0.08438587188720703
0.09511542320251465
0.09705185890197754
0.11107993125915527
0.0760650634765625
0.08057260513305664
0.09204626083374023
0.10806965827941895
0.13909077644348145
0.10247540473937988
0.0832512378692627
0.0746152400970459
0.06882309913635254
