              precision    recall  f1-score   support

           0       0.89      0.92      0.91       237
           1       0.99      0.96      0.97       596
           2       0.97      0.91      0.94       294
           3       0.95      0.89      0.92       311
           4       0.99      0.99      0.99       466
           5       0.84      0.94      0.89       618
           6       0.92      0.94      0.93       242
           7       0.94      0.90      0.92       655

    accuracy                           0.93      3419
   macro avg       0.94      0.93      0.93      3419
weighted avg       0.94      0.93      0.93      3419

