              precision    recall  f1-score   support

           0       0.00      0.00      0.00       239
           1       0.00      0.00      0.00       265
           2       0.00      0.00      0.00       239
           3       0.00      0.00      0.00       656
           4       0.00      0.00      0.00       129
           5       0.00      0.00      0.00       198
           6       0.09      1.00      0.17       239
           7       0.00      0.00      0.00       644

    accuracy                           0.09      2609
   macro avg       0.01      0.12      0.02      2609
weighted avg       0.01      0.09      0.02      2609
