              precision    recall  f1-score   support

           0       1.00      0.99      0.99       239
           1       0.97      0.99      0.98       265
           2       0.74      0.76      0.75       239
           3       0.97      0.98      0.98       656
           4       0.77      0.71      0.74       129
           5       0.79      0.79      0.79       198
           6       1.00      0.95      0.98       239
           7       1.00      1.00      1.00       644

    accuracy                           0.94      2609
   macro avg       0.90      0.90      0.90      2609
weighted avg       0.94      0.94      0.94      2609
