2.5143511295318604
0.0901787281036377
0.06666350364685059
0.06943297386169434
0.07135367393493652
0.08076262474060059
0.1100156307220459
0.07912230491638184
0.08897280693054199
0.09662199020385742
0.08803725242614746
0.08312439918518066
0.08305692672729492
0.10439562797546387
0.09181785583496094
0.08222103118896484
0.0778651237487793
0.08584308624267578
0.1506032943725586
0.12381219863891602
0.1550755500793457
0.13042736053466797
0.14652395248413086
0.13797354698181152
0.08979201316833496
0.06971859931945801
0.10904049873352051
0.09946990013122559
0.08148407936096191
0.07194161415100098
0.07434463500976562
0.09317517280578613
0.0682837963104248
0.0782003402709961
0.068450927734375
0.0708622932434082
0.07407760620117188
0.0731809139251709
0.08131790161132812
0.06496310234069824
0.06787848472595215
0.07468676567077637
0.09528160095214844
0.0797886848449707
0.07251834869384766
0.1023569107055664
0.08560705184936523
0.08093094825744629
0.07877564430236816
0.07567763328552246
0.09076333045959473
0.08987283706665039
0.08536815643310547
0.08066558837890625
0.09541177749633789
0.13219380378723145
0.0901331901550293
0.12002682685852051
0.15872502326965332
0.15255188941955566
0.13094806671142578
0.08372759819030762
0.07702207565307617
0.08600139617919922
0.09338998794555664
0.08921694755554199
0.06741595268249512
0.08724570274353027
0.07065153121948242
0.07054662704467773
0.07164931297302246
0.07787680625915527
0.07696413993835449
0.06625103950500488
0.07209420204162598
0.08063340187072754
0.06583547592163086
0.06797361373901367
0.08042073249816895
0.0777730941772461
0.0930323600769043
0.10736799240112305
0.09082698822021484
0.08490848541259766
0.08482599258422852
0.09483790397644043
0.09165763854980469
0.07829117774963379
0.08431053161621094
0.08293366432189941
0.09715962409973145
0.10522150993347168
0.10920166969299316
0.11587190628051758
0.1282038688659668
0.14022111892700195
0.1226508617401123
0.13936066627502441
0.10857605934143066
0.09479475021362305
0.07074189186096191
0.08130741119384766
0.06982731819152832
0.06572508811950684
0.07841277122497559
0.07203531265258789
0.0709676742553711
0.08501434326171875
0.08753132820129395
0.07097887992858887
0.07033181190490723
0.08077812194824219
0.06487679481506348
0.07233238220214844
0.06729626655578613
0.06890583038330078
0.0648193359375
0.10408973693847656
0.08868288993835449
0.07284379005432129
0.08060479164123535
0.06415915489196777
0.08096075057983398
0.07532739639282227
0.07274127006530762
0.08611774444580078
0.08099865913391113
0.07498931884765625
0.07793855667114258
0.08289718627929688
0.09676265716552734
0.0922849178314209
0.11645793914794922
0.16002869606018066
0.16698646545410156
0.11760306358337402
0.12808775901794434
0.13602280616760254
0.12543845176696777
0.09599804878234863
0.0679476261138916
0.06974983215332031
0.08359217643737793
0.08432173728942871
0.09590721130371094
0.10206246376037598
0.0911557674407959
0.07431817054748535
0.06825113296508789
0.0776832103729248
0.07822537422180176
0.07248306274414062
0.10336422920227051
0.11346220970153809
0.0894920825958252
0.08746695518493652
0.09235930442810059
0.09328627586364746
0.08670377731323242
0.09597635269165039
0.0990605354309082
0.08917021751403809
0.09771966934204102
0.09690976142883301
0.13966631889343262
0.11623954772949219
0.1638624668121338
0.13451242446899414
0.12160038948059082
0.1352245807647705
0.10284972190856934
0.10077238082885742
0.08469605445861816
0.07005858421325684
0.0768125057220459
0.07354378700256348
0.07389473915100098
0.07943463325500488
0.07212114334106445
0.09137487411499023
0.11208653450012207
0.09103775024414062
0.0958857536315918
0.09438681602478027
0.07251906394958496
0.0902702808380127
0.09201622009277344
0.09217524528503418
0.09628033638000488
0.10427021980285645
0.09705758094787598
0.08605337142944336
0.08593463897705078
0.0771627426147461
0.08374214172363281
0.08743882179260254
0.092803955078125
0.08910679817199707
0.14694690704345703
0.1044626235961914
0.14551115036010742
0.1112825870513916
0.11450505256652832
0.10082292556762695
0.08818817138671875
0.0822913646697998
0.07673144340515137
0.11530137062072754
0.0802152156829834
0.0681912899017334
0.0695950984954834
0.06401538848876953
0.07342743873596191
0.07653665542602539
0.06787419319152832
0.07035970687866211
0.07109689712524414
0.09105348587036133
0.07891845703125
0.06591248512268066
0.06654644012451172
0.06926894187927246
0.0764462947845459
0.10741806030273438
0.0866241455078125
0.10056376457214355
0.09441184997558594
0.10033559799194336
0.09114837646484375
0.08555340766906738
0.08684158325195312
0.08144354820251465
0.08525681495666504
0.08571624755859375
0.09753799438476562
0.10746598243713379
0.1158442497253418
0.10891580581665039
0.12677454948425293
0.13629150390625
0.12268519401550293
0.12122917175292969
0.09143352508544922
0.11795330047607422
0.06692385673522949
0.06898760795593262
0.06726193428039551
0.07794380187988281
0.07416558265686035
0.05491352081298828
0.06725931167602539
0.05613207817077637
0.08777046203613281
0.08181285858154297
0.05733323097229004
0.07016634941101074
0.06004786491394043
0.057323455810546875
0.08396363258361816
0.07311248779296875
0.07548069953918457
0.1072542667388916
0.07593512535095215
0.0845799446105957
0.08145737648010254
0.07879829406738281
0.08693242073059082
0.08829545974731445
0.08043098449707031
0.07665205001831055
0.08944058418273926
0.0833742618560791
0.0786902904510498
0.0863344669342041
0.11148548126220703
0.09860444068908691
0.12828874588012695
0.12195515632629395
0.17272591590881348
0.11304736137390137
0.11109256744384766
0.07696914672851562
0.06973624229431152
0.0888669490814209
0.07967734336853027
0.07532691955566406
0.10024452209472656
0.07124805450439453
0.0817410945892334
0.07187509536743164
0.08609175682067871
0.08661293983459473
0.07274436950683594
0.0653076171875
0.06804490089416504
0.06926989555358887
0.0675954818725586
0.08266520500183105
0.09857511520385742
0.08074522018432617
0.07957959175109863
0.08253192901611328
0.08594727516174316
0.08840680122375488
0.08756899833679199
0.08247828483581543
0.08864474296569824
0.08186864852905273
0.08655476570129395
0.08062171936035156
0.08034396171569824
0.11312294006347656
0.08431458473205566
0.11447477340698242
0.10073375701904297
0.15903329849243164
0.08353114128112793
0.10947203636169434
0.11438131332397461
0.07196044921875
0.0792238712310791
0.07574725151062012
0.07319521903991699
0.07783842086791992
0.08617758750915527
0.432645320892334
0.0725853443145752
0.07293581962585449
0.0819404125213623
0.07779788970947266
0.06456375122070312
0.061113834381103516
0.08909726142883301
0.1280651092529297
0.10244965553283691
0.10454368591308594
0.0831751823425293
0.09273767471313477
0.08970332145690918
0.08513975143432617
0.09263896942138672
0.10061860084533691
0.10711002349853516
0.0924522876739502
0.1296851634979248
0.1048741340637207
0.15006113052368164
0.11780023574829102
0.1581728458404541
0.11299657821655273
0.09598898887634277
0.11614537239074707
0.08166074752807617
0.07808065414428711
0.0800788402557373
0.0653543472290039
0.06864142417907715
0.07872867584228516
0.09275984764099121
0.08784031867980957
0.08684706687927246
0.06940007209777832
0.06400728225708008
0.07280516624450684
0.0637807846069336
0.08225369453430176
0.08768129348754883
0.07489871978759766
0.09462261199951172
0.11317896842956543
0.09967637062072754
0.08819198608398438
0.08363533020019531
0.08654093742370605
0.09230327606201172
0.08747386932373047
0.08487606048583984
0.08922266960144043
0.09742927551269531
0.08895993232727051
0.12009644508361816
0.0849924087524414
0.11409783363342285
0.11925411224365234
0.11292338371276855
0.13391613960266113
0.10715055465698242
0.12438440322875977
0.10251212120056152
0.08031964302062988
0.07530570030212402
0.0683896541595459
0.07007932662963867
0.07285356521606445
0.07131052017211914
0.07873249053955078
0.08606958389282227
0.08383417129516602
0.08261418342590332
0.07187676429748535
0.07211661338806152
0.0681612491607666
0.06985044479370117
0.06352114677429199
0.0746617317199707
0.09649872779846191
0.0962367057800293
0.08251833915710449
0.07833719253540039
0.08495068550109863
0.09049344062805176
0.09665322303771973
0.09223222732543945
0.09011435508728027
0.08814454078674316
0.07834386825561523
0.08826756477355957
0.08572268486022949
0.11572527885437012
0.10245656967163086
0.1294262409210205
0.11546087265014648
0.1091916561126709
0.11173510551452637
0.06711220741271973
0.060875892639160156
0.06773257255554199
0.07214617729187012
0.06214427947998047
0.062221527099609375
0.0630946159362793
0.12191057205200195
0.13037991523742676
0.08671879768371582
0.07763147354125977
0.08006930351257324
0.07249069213867188
0.08910965919494629
0.07677769660949707
0.0748600959777832
0.07285475730895996
0.0780327320098877
0.07394742965698242
0.074676513671875
0.06633734703063965
0.07414960861206055
0.06593799591064453
0.10089373588562012
0.14365124702453613
0.0902700424194336
0.08892607688903809
0.08303976058959961
0.08979320526123047
0.09620141983032227
0.07170391082763672
0.06368112564086914
0.06786251068115234
0.06973576545715332
0.07070684432983398
0.07583403587341309
0.0780179500579834
0.06487631797790527
0.07477450370788574
0.06856417655944824
0.12275457382202148
0.10549521446228027
0.07819843292236328
0.07836198806762695
0.06876277923583984
0.06512808799743652
0.07701730728149414
0.0703420639038086
0.0707697868347168
0.08455824851989746
0.07775354385375977
0.09155893325805664
0.07088351249694824
0.09015178680419922
0.07019400596618652
0.12097334861755371
0.09157347679138184
0.09261274337768555
0.09286189079284668
0.07901716232299805
0.07859039306640625
0.08632278442382812
0.09379029273986816
0.06786942481994629
0.0578005313873291
0.06923365592956543
0.06420779228210449
0.0658111572265625
0.06910920143127441
0.05828356742858887
0.05954933166503906
0.06731605529785156
0.09683871269226074
0.09856915473937988
0.09161901473999023
0.09879922866821289
0.08027386665344238
0.07686376571655273
0.07202887535095215
0.0850064754486084
0.07678508758544922
0.07098793983459473
0.070648193359375
0.06499457359313965
0.0654289722442627
0.06924819946289062
0.056533098220825195
0.05755782127380371
0.0628194808959961
0.09234976768493652
0.09577393531799316
0.09682226181030273
0.07583832740783691
0.07478928565979004
0.08895087242126465
0.09812235832214355
0.07509255409240723
0.06673645973205566
0.07050085067749023
0.06471586227416992
0.07006955146789551
0.06920146942138672
0.07351016998291016
0.06464219093322754
0.0752711296081543
0.05911517143249512
0.07596635818481445
0.12794089317321777
0.10526108741760254
0.06629347801208496
0.08583235740661621
0.07830142974853516
0.07782268524169922
0.0875539779663086
0.07519054412841797
0.06968522071838379
0.06985259056091309
0.07088017463684082
0.0704340934753418
0.0692441463470459
0.06804347038269043
0.06499981880187988
0.06933999061584473
0.07431864738464355
0.06634140014648438
0.06795477867126465
0.06330537796020508
0.0628962516784668
0.06281089782714844
0.06255412101745605
0.061994314193725586
0.06275439262390137
0.06239438056945801
0.05750441551208496
0.05587506294250488
0.05106163024902344
0.05948328971862793
0.050737619400024414
0.04996824264526367
0.0598452091217041
0.05076861381530762
0.04919767379760742
0.049920082092285156
0.05524563789367676
0.05080080032348633
0.049532413482666016
0.05387067794799805
0.049535274505615234
0.0548248291015625
0.049747467041015625
0.04885125160217285
0.04876971244812012
0.0550997257232666
0.050627708435058594
0.05620241165161133
0.050453901290893555
0.04924893379211426
0.04982566833496094
0.05818676948547363
0.051741600036621094
0.05467700958251953
0.05493640899658203
0.05052018165588379
0.04946494102478027
0.04996228218078613
0.048804283142089844
0.05801510810852051
0.0560002326965332
0.04936552047729492
0.04907083511352539
0.06489992141723633
0.05594778060913086
0.049524545669555664
0.06307864189147949
0.05077481269836426
0.04877805709838867
0.04906201362609863
0.04981064796447754
0.06347942352294922
0.056296586990356445
0.05006074905395508
0.05942869186401367
0.049971580505371094
0.05000185966491699
0.049967050552368164
0.050026893615722656
0.05195903778076172
0.04971432685852051
0.05496859550476074
0.05008649826049805
0.05008101463317871
0.049866437911987305
0.049643516540527344
0.057323455810546875
0.04900050163269043
0.04891490936279297
0.05004239082336426
0.05555391311645508
0.0505218505859375
0.05001974105834961
0.04856276512145996
0.04869818687438965
0.048566341400146484
0.049175262451171875
0.04900240898132324
0.054850101470947266
0.054491519927978516
0.04999399185180664
0.05100440979003906
0.05491304397583008
0.0505671501159668
0.04993462562561035
0.049309492111206055
0.048578739166259766
0.05474400520324707
0.05550575256347656
0.05101823806762695
0.059178829193115234
0.05027914047241211
0.05022072792053223
0.05121040344238281
0.054927825927734375
0.04866623878479004
0.04923391342163086
0.05410027503967285
0.05204486846923828
0.049242496490478516
0.05508732795715332
0.05863642692565918
0.05034136772155762
0.050496816635131836
0.055036067962646484
0.050026893615722656
0.05880594253540039
0.05125093460083008
0.05917692184448242
0.05616021156311035
0.05172610282897949
0.05037999153137207
0.050280094146728516
0.05153465270996094
0.059136152267456055
0.05723834037780762
0.052335500717163086
0.050275564193725586
0.050546884536743164
0.05091381072998047
0.05038094520568848
0.05584239959716797
0.05088472366333008
0.05897402763366699
0.06053590774536133
0.05547070503234863
0.05136609077453613
0.050057172775268555
0.05006814002990723
0.04972553253173828
0.05014610290527344
0.05085635185241699
0.05918478965759277
0.0594480037689209
0.05185556411743164
0.05066180229187012
0.05058479309082031
0.05016064643859863
0.04959988594055176
0.05045318603515625
0.05016493797302246
0.04908347129821777
0.05997633934020996
0.051496028900146484
0.04997372627258301
0.05029034614562988
0.04993152618408203
0.05009126663208008
0.04991459846496582
0.05014634132385254
0.055210113525390625
0.05572032928466797
0.053885459899902344
0.050742387771606445
0.04995846748352051
0.05196857452392578
0.04948925971984863
0.04955339431762695
0.0497746467590332
0.05057692527770996
0.05519866943359375
0.05095028877258301
0.05006670951843262
0.04993176460266113
0.049997568130493164
0.05021214485168457
0.0499262809753418
0.0499114990234375
0.05000638961791992
0.05505013465881348
0.05073356628417969
0.050159454345703125
0.04997968673706055
0.049767255783081055
0.04981398582458496
0.04959249496459961
0.05046343803405762
0.06302285194396973
0.05537009239196777
0.059248924255371094
0.0508723258972168
0.050512075424194336
0.04984593391418457
0.04934191703796387
0.04970836639404297
0.04937100410461426
0.0589594841003418
0.05532264709472656
0.05093050003051758
0.04990077018737793
0.04957985877990723
0.05522513389587402
0.050041913986206055
0.049619197845458984
0.04979300498962402
0.05000901222229004
0.05502676963806152
0.05081820487976074
0.04988288879394531
0.0496370792388916
0.04935717582702637
0.05500531196594238
0.04991030693054199
0.055173635482788086
0.050034523010253906
0.05482816696166992
0.050070762634277344
0.04991960525512695
0.05595231056213379
0.04930734634399414
0.04939770698547363
0.05162167549133301
0.04860091209411621
0.04906773567199707
0.055217742919921875
0.05039858818054199
0.04990887641906738
0.04954123497009277
0.04897189140319824
0.05398201942443848
0.05072498321533203
0.05898642539978027
0.061745643615722656
0.06482338905334473
0.05254173278808594
0.0559840202331543
0.05258989334106445
0.05218386650085449
0.053475141525268555
0.04977250099182129
0.04991936683654785
0.05080080032348633
0.055381059646606445
0.050553083419799805
0.052644968032836914
0.05237770080566406
0.05202603340148926
0.051957130432128906
0.057073354721069336
0.052101850509643555
0.05205965042114258
0.058073997497558594
0.052785634994506836
0.05749964714050293
0.05022859573364258
0.05652952194213867
0.05000901222229004
0.051970720291137695
0.04955410957336426
0.051717519760131836
0.057698965072631836
0.0530092716217041
0.052782297134399414
0.05051159858703613
0.0583038330078125
0.058527231216430664
0.05817723274230957
0.055370330810546875
0.050450801849365234
0.05555319786071777
0.05057168006896973
0.04956841468811035
0.050192832946777344
0.049945831298828125
0.049574851989746094
0.049312591552734375
0.04888486862182617
0.04926252365112305
0.05512213706970215
0.04992222785949707
0.0503082275390625
0.0499880313873291
0.05268120765686035
0.05490279197692871
0.04967045783996582
0.05023813247680664
0.055248260498046875
0.06074976921081543
0.05061602592468262
0.04945874214172363
0.049550771713256836
0.05505037307739258
0.04922080039978027
0.0489497184753418
0.04908585548400879
0.04961800575256348
0.05567169189453125
0.050308942794799805
0.05959153175354004
0.06477117538452148
0.052451372146606445
0.04865431785583496
0.055133819580078125
0.049755096435546875
0.05494260787963867
0.06419682502746582
0.049930572509765625
0.04976654052734375
0.049614667892456055
0.04965043067932129
0.04917001724243164
0.04939866065979004
0.04889941215515137
0.05456995964050293
0.055074453353881836
0.05101799964904785
0.049950361251831055
0.04904961585998535
0.04944252967834473
0.04987645149230957
0.04930615425109863
0.049028873443603516
0.0494389533996582
0.054894447326660156
0.05558204650878906
0.049822330474853516
0.049210309982299805
0.04890942573547363
0.047971248626708984
0.048155784606933594
0.054457664489746094
0.050871849060058594
0.05408048629760742
0.0495908260345459
0.05802655220031738
0.05777406692504883
0.04941129684448242
0.049703359603881836
0.049437522888183594
0.04844093322753906
0.04939770698547363
0.05437159538269043
0.0559234619140625
0.04999423027038574
0.04945707321166992
0.04877042770385742
0.04816007614135742
0.049623966217041016
0.049172163009643555
0.05450916290283203
0.05497312545776367
0.050334930419921875
0.05191230773925781
0.05533194541931152
0.04997897148132324
0.049759626388549805
0.049272775650024414
0.05992698669433594
0.054913997650146484
0.05525350570678711
0.05932950973510742
0.05028700828552246
0.04936861991882324
0.04958987236022949
0.04887080192565918
0.05053305625915527
0.048213958740234375
0.05444836616516113
0.05492568016052246
0.05586576461791992
0.050193071365356445
0.04930448532104492
0.050208330154418945
0.04938697814941406
0.05100679397583008
0.049384117126464844
0.05472826957702637
0.055466413497924805
0.050943613052368164
0.05016493797302246
0.050696611404418945
0.051201581954956055
0.0497739315032959
0.050635337829589844
0.049393653869628906
0.0586543083190918
0.06234598159790039
0.06134629249572754
0.05260896682739258
0.05031180381774902
0.060788631439208984
0.049225807189941406
0.051920175552368164
0.04869270324707031
0.050232887268066406
0.05659055709838867
0.050040483474731445
0.049748897552490234
0.05804729461669922
0.054227352142333984
0.04995369911193848
0.050234317779541016
0.04987764358520508
0.04988360404968262
0.054404497146606445
0.05056047439575195
0.05554819107055664
0.04933452606201172
0.05159783363342285
0.04959750175476074
0.05601072311401367
0.054079294204711914
0.05510210990905762
0.05921149253845215
0.050353050231933594
0.052170515060424805
0.059307098388671875
0.054250478744506836
0.04894208908081055
0.04859185218811035
0.048993825912475586
0.049704551696777344
0.055082082748413086
0.049770355224609375
0.04991722106933594
0.0497891902923584
0.04913735389709473
0.04937458038330078
0.05025362968444824
0.049103498458862305
0.04925990104675293
0.05492806434631348
0.050221920013427734
0.0498347282409668
0.04995083808898926
0.04937314987182617
0.049094438552856445
0.04942584037780762
0.04912281036376953
0.05017805099487305
0.055054426193237305
0.05035233497619629
0.04981207847595215
0.04984092712402344
0.049468278884887695
0.05437159538269043
0.04941558837890625
0.049105167388916016
0.0544734001159668
0.05544447898864746
0.05048990249633789
0.04977011680603027
0.04949641227722168
0.049324750900268555
0.04978609085083008
0.05439257621765137
0.04929399490356445
0.05882096290588379
0.05591464042663574
0.05181002616882324
0.059175968170166016
0.057662248611450195
0.05097603797912598
0.055313825607299805
0.050661563873291016
0.049918174743652344
0.049419403076171875
0.056464433670043945
0.05116391181945801
0.05063772201538086
0.049643516540527344
0.058467864990234375
0.06394362449645996
0.04996776580810547
0.05785560607910156
0.06356978416442871
0.0592799186706543
0.05088400840759277
0.05546879768371582
0.05017423629760742
0.055383920669555664
0.04996657371520996
0.049393415451049805
0.049551963806152344
0.04999876022338867
0.05507159233093262
0.050952911376953125
0.05044293403625488
0.04984307289123535
0.04906177520751953
0.04990577697753906
0.04921746253967285
0.04963326454162598
0.04997682571411133
0.05570411682128906
0.05523180961608887
0.0502474308013916
0.05091738700866699
0.05017590522766113
0.05841064453125
0.05422854423522949
0.06145954132080078
0.050282955169677734
0.05532240867614746
0.05001711845397949
0.04950857162475586
0.050226449966430664
0.049164533615112305
0.06325483322143555
0.05235123634338379
0.04908180236816406
0.05313515663146973
0.055144309997558594
0.05067849159240723
0.05954742431640625
0.05551767349243164
0.04961419105529785
0.051470041275024414
0.058856964111328125
0.05991816520690918
0.05013632774353027
0.05569338798522949
0.05111527442932129
0.05042624473571777
0.050232648849487305
0.049950599670410156
0.05524611473083496
0.054364681243896484
0.04962801933288574
0.0499720573425293
0.060622215270996094
0.05040574073791504
0.05039215087890625
0.055142879486083984
0.05056476593017578
0.04984331130981445
0.05004310607910156
0.04990983009338379
0.04961252212524414
0.055753231048583984
0.05127882957458496
0.05004549026489258
0.05013751983642578
0.04955744743347168
0.04962944984436035
0.05009889602661133
0.04960775375366211
0.05013251304626465
0.055268049240112305
0.05055117607116699
0.05057692527770996
0.05040240287780762
0.049997568130493164
0.04962658882141113
0.05542922019958496
0.0584414005279541
0.05639338493347168
0.054924726486206055
0.05555129051208496
0.04970288276672363
0.04964637756347656
0.04925131797790527
0.05134987831115723
0.04977703094482422
0.05458545684814453
0.049294233322143555
0.05730271339416504
0.050525665283203125
0.050168752670288086
0.049666404724121094
0.04947328567504883
0.04957151412963867
0.04962038993835449
0.05807685852050781
0.05036568641662598
0.06014132499694824
0.05028414726257324
0.050566911697387695
0.049848318099975586
0.04955887794494629
0.04910588264465332
0.04963421821594238
0.048735857009887695
0.058058738708496094
0.05505561828613281
0.06066393852233887
0.07473587989807129
0.07354426383972168
0.06931042671203613
0.08157873153686523
0.08508944511413574
0.07404088973999023
0.0656430721282959
0.06348824501037598
0.06816363334655762
0.06883072853088379
0.06757712364196777
0.0763239860534668
0.0682373046875
0.06911468505859375
0.06869101524353027
0.07529401779174805
0.08757925033569336
0.0890359878540039
0.06129741668701172
0.06696963310241699
0.05872631072998047
0.05731701850891113
0.06549406051635742
0.06536483764648438
0.0670924186706543
0.07627511024475098
0.07280993461608887
0.09406399726867676
0.09778213500976562
0.07729506492614746
0.08144950866699219
0.08546328544616699
0.07884335517883301
0.09014534950256348
0.10824775695800781
0.08844566345214844
0.08810687065124512
0.09241580963134766
0.08110785484313965
0.08379340171813965
0.12964129447937012
0.09570074081420898
0.09917640686035156
0.14615726470947266
0.15198445320129395
0.10241174697875977
0.09730792045593262
0.07917904853820801
0.11142158508300781
0.07063961029052734
0.09261918067932129
0.07383012771606445
0.09377837181091309
0.07928633689880371
0.08506417274475098
0.08036065101623535
0.08555865287780762
0.0789499282836914
0.07980823516845703
0.07033967971801758
0.0707550048828125
0.08507800102233887
0.07724618911743164
0.07240653038024902
0.07889699935913086
0.10180234909057617
0.0827951431274414
0.08086991310119629
0.08576369285583496
0.09046745300292969
0.09878802299499512
0.08738136291503906
0.09008121490478516
0.08376574516296387
0.07961845397949219
0.0881655216217041
0.08900237083435059
0.1029818058013916
0.10166215896606445
0.14317679405212402
0.11926436424255371
0.16801738739013672
0.09991145133972168
0.10431146621704102
0.08585047721862793
0.09470820426940918
0.06306123733520508
0.07919931411743164
0.07804012298583984
0.07584810256958008
0.06216907501220703
0.06685543060302734
0.06756043434143066
0.07283186912536621
0.06020808219909668
0.06453585624694824
0.07099008560180664
0.09022998809814453
0.07323908805847168
0.07548952102661133
0.0901951789855957
0.07737946510314941
0.07623291015625
0.09665703773498535
0.08268475532531738
0.07661199569702148
0.09352350234985352
0.08739948272705078
0.07612895965576172
0.08519411087036133
0.07887601852416992
0.07492685317993164
0.08710789680480957
0.08631706237792969
0.08707857131958008
0.08898377418518066
0.11654114723205566
0.10699319839477539
0.08979249000549316
0.14595746994018555
0.15320253372192383
0.10643458366394043
0.08738994598388672
0.11634540557861328
0.13306069374084473
0.07029199600219727
0.08036923408508301
0.09429454803466797
0.07476305961608887
0.07167363166809082
0.06596541404724121
0.07749509811401367
0.07647180557250977
0.09925031661987305
0.08121705055236816
0.07089781761169434
0.07882976531982422
0.0707247257232666
0.08400607109069824
0.06260323524475098
0.0865793228149414
0.09897232055664062
0.10339808464050293
0.08243179321289062
0.08590841293334961
0.08836197853088379
0.09009933471679688
0.08672428131103516
0.09421634674072266
0.0961756706237793
0.09986376762390137
0.11364245414733887
0.09241461753845215
0.1488664150238037
0.15154647827148438
0.15935921669006348
0.16915249824523926
0.08340048789978027
0.09722208976745605
0.09198856353759766
0.10189676284790039
0.11111140251159668
0.06994915008544922
0.07216024398803711
0.07639193534851074
0.0794217586517334
0.07673311233520508
0.0686802864074707
0.06918954849243164
0.07434821128845215
0.0785071849822998
0.07903814315795898
0.08006501197814941
0.06882858276367188
0.07447981834411621
0.06891059875488281
0.10110306739807129
0.10624122619628906
0.09474539756774902
0.08927583694458008
0.08934855461120605
0.08661985397338867
0.08641338348388672
0.0887141227722168
0.07942748069763184
0.09167051315307617
0.09449148178100586
0.10143160820007324
0.09355425834655762
0.11612749099731445
0.10624885559082031
0.12842822074890137
0.13433265686035156
0.17020678520202637
0.09691643714904785
0.08042383193969727
0.13179874420166016
0.09186625480651855
0.09829282760620117
0.08095812797546387
0.06396865844726562
0.07628774642944336
0.07326602935791016
0.07818007469177246
0.07776308059692383
0.07544302940368652
0.07761788368225098
0.07520532608032227
0.06635403633117676
0.06620979309082031
0.07776045799255371
0.06846261024475098
0.058815717697143555
0.06897187232971191
0.10990571975708008
0.08887195587158203
0.09288215637207031
0.08947181701660156
0.08819079399108887
0.08930587768554688
0.09039855003356934
0.09108400344848633
0.09925198554992676
0.10016107559204102
0.08512639999389648
0.09168648719787598
0.10461854934692383
0.10300970077514648
0.12365078926086426
0.17069196701049805
0.1459064483642578
0.10789012908935547
0.08886480331420898
0.09683561325073242
0.10226321220397949
0.07695412635803223
0.07247185707092285
0.0822293758392334
0.0856025218963623
0.07726359367370605
0.06930184364318848
0.0857095718383789
0.07047104835510254
0.06609058380126953
0.0700984001159668
0.06406831741333008
0.0776357650756836
0.06939411163330078
0.06529402732849121
0.06777215003967285
0.10451841354370117
0.10022163391113281
0.07884860038757324
0.07841229438781738
0.07759690284729004
0.08577108383178711
0.0843651294708252
0.08379030227661133
0.07848072052001953
0.09266972541809082
0.09497666358947754
0.08138585090637207
0.0852506160736084
0.1101837158203125
0.10334253311157227
0.11342859268188477
0.1347486972808838
0.10566139221191406
0.15364313125610352
0.0858924388885498
0.08747744560241699
0.10368824005126953
0.0721275806427002
0.10872793197631836
0.06661510467529297
0.06978082656860352
0.07177591323852539
0.08292007446289062
0.0900108814239502
0.0747830867767334
0.07030963897705078
0.06592226028442383
0.07066822052001953
0.08278942108154297
0.07646584510803223
0.07192635536193848
0.09082388877868652
0.08244991302490234
0.10335636138916016
0.08366847038269043
0.08204388618469238
0.09675407409667969
0.08647894859313965
0.08450746536254883
0.0847926139831543
0.09588789939880371
0.09159398078918457
0.07941055297851562
0.08779001235961914
0.08696889877319336
0.11509180068969727
0.1108100414276123
0.13292455673217773
0.13127613067626953
0.17018795013427734
0.09629583358764648
0.08218169212341309
0.10548782348632812
0.07522273063659668
0.0851449966430664
0.09604620933532715
0.08017516136169434
0.06831216812133789
0.0839529037475586
0.08952927589416504
0.06736302375793457
0.06777667999267578
0.06582856178283691
0.07452583312988281
0.07881760597229004
0.07204413414001465
0.07243943214416504
0.09032225608825684
0.06291508674621582
0.08678841590881348
0.10487103462219238
0.08218216896057129
0.0770559310913086
0.08572053909301758
0.08307051658630371
0.0856013298034668
0.08717894554138184
0.08393502235412598
0.08870625495910645
0.09432554244995117
0.09642434120178223
0.08675861358642578
0.0810248851776123
0.13077569007873535
0.08521485328674316
0.13283252716064453
0.14549612998962402
0.14359140396118164
0.08791804313659668
0.08314394950866699
0.10218644142150879
0.0889899730682373
0.08042478561401367
0.09183740615844727
0.08343076705932617
0.07785749435424805
0.07243084907531738
0.07176089286804199
0.07993340492248535
0.06769824028015137
0.06161808967590332
0.06609320640563965
0.07451820373535156
0.0759735107421875
0.07329845428466797
0.07347679138183594
0.06644463539123535
0.07673764228820801
0.09688305854797363
0.0940699577331543
0.08281993865966797
0.08151388168334961
0.10151791572570801
0.08802556991577148
0.07747673988342285
0.08168435096740723
0.08632063865661621
0.08508777618408203
0.09557461738586426
0.08797955513000488
0.07932090759277344
0.12682485580444336
0.11488461494445801
0.12806367874145508
0.12887358665466309
0.1628718376159668
0.08347368240356445
0.08379483222961426
0.07968640327453613
0.07368016242980957
0.07502007484436035
0.06988334655761719
0.07436418533325195
0.06560254096984863
0.05388498306274414
0.0673367977142334
0.0674736499786377
0.07348418235778809
0.09279608726501465
0.08469891548156738
0.07660484313964844
0.07155895233154297
0.07479500770568848
0.0674142837524414
0.07324457168579102
0.07549118995666504
0.0690765380859375
0.08222174644470215
0.11471796035766602
0.09837889671325684
0.08566689491271973
0.09101295471191406
0.08227968215942383
0.0903313159942627
0.09387540817260742
0.08730125427246094
0.09984564781188965
0.0955963134765625
0.08152198791503906
0.07557511329650879
0.12175583839416504
0.10114860534667969
0.1358933448791504
0.14869046211242676
0.13222146034240723
0.09310007095336914
0.11278462409973145
0.09040069580078125
0.07366490364074707
0.06294584274291992
0.06560897827148438
0.08207964897155762
0.08459639549255371
0.07532501220703125
0.0696859359741211
0.059844017028808594
0.06461977958679199
0.0764322280883789
0.08439111709594727
0.08292698860168457
0.08619475364685059
0.0849614143371582
0.06657075881958008
0.06558942794799805
0.08747720718383789
0.09776997566223145
0.09459209442138672
0.0995473861694336
0.08292412757873535
0.08289861679077148
0.09336447715759277
0.09209179878234863
0.07893180847167969
0.08956098556518555
0.084747314453125
0.08525228500366211
0.08292245864868164
0.07665491104125977
0.11110830307006836
0.08887839317321777
0.10498356819152832
0.12116408348083496
0.1236565113067627
0.13279414176940918
0.10196232795715332
0.0824880599975586
0.09112262725830078
0.08478426933288574
0.08445572853088379
0.07089734077453613
0.0690908432006836
0.06900191307067871
0.08378982543945312
0.08841109275817871
0.08370590209960938
0.07339644432067871
0.06553387641906738
0.0789482593536377
0.08539175987243652
0.0778043270111084
0.08538579940795898
0.07673358917236328
0.07864689826965332
0.12219071388244629
0.10195040702819824
0.09125089645385742
0.07773184776306152
0.08032584190368652
0.07620120048522949
0.0842587947845459
0.08659958839416504
0.08649134635925293
0.08214497566223145
0.07890892028808594
0.08537173271179199
0.08459973335266113
0.11806726455688477
0.08606410026550293
0.14795994758605957
0.15939545631408691
0.13449335098266602
0.11038422584533691
0.09543347358703613
0.08555126190185547
0.08428406715393066
0.0876455307006836
0.06633496284484863
0.07290840148925781
0.07552027702331543
0.07740116119384766
0.07083916664123535
0.08767127990722656
0.07237839698791504
0.07153153419494629
0.0729377269744873
0.07979154586791992
0.08756875991821289
0.07909870147705078
0.06576395034790039
0.07474756240844727
0.10922646522521973
0.09649801254272461
0.09326171875
0.09207916259765625
0.10354757308959961
0.09414958953857422
0.08069944381713867
0.09082961082458496
0.07829570770263672
0.08215093612670898
0.08919906616210938
0.0866556167602539
0.08212471008300781
0.11460065841674805
0.10274100303649902
0.13384604454040527
0.11248087882995605
0.11389899253845215
0.0913228988647461
0.11577558517456055
0.08210062980651855
0.09755444526672363
0.07616400718688965
0.08607983589172363
0.07183122634887695
0.07456231117248535
0.0611567497253418
0.05941009521484375
0.06441020965576172
0.05891752243041992
0.06863522529602051
0.06826949119567871
0.08635735511779785
0.08411312103271484
0.0843508243560791
0.07007932662963867
0.06308197975158691
0.071044921875
0.07328963279724121
0.09669280052185059
0.08088922500610352
0.09053611755371094
0.07729554176330566
0.08509159088134766
0.08634018898010254
0.08148789405822754
0.08021140098571777
0.09533810615539551
0.08865857124328613
0.08513140678405762
0.09526443481445312
0.0924527645111084
0.11434626579284668
0.10266518592834473
0.16480159759521484
0.12682342529296875
0.11705350875854492
0.11453390121459961
0.08172416687011719
0.11005091667175293
0.07699441909790039
0.08392071723937988
0.07163786888122559
0.07313203811645508
0.07436704635620117
0.07023286819458008
0.06445693969726562
0.06613349914550781
0.07327890396118164
0.065460205078125
0.07623863220214844
0.07722306251525879
0.08515548706054688
0.06937050819396973
0.08601737022399902
0.07295799255371094
0.0829012393951416
0.11254692077636719
0.09104371070861816
0.08084702491760254
0.07949090003967285
0.0805654525756836
0.08302950859069824
0.08434319496154785
0.07234025001525879
0.08533596992492676
0.09615135192871094
0.09322524070739746
0.08067202568054199
0.07555651664733887
0.11813616752624512
0.08578276634216309
0.13577580451965332
0.16479921340942383
0.13787508010864258
0.11242127418518066
0.08765363693237305
0.11478352546691895
0.07783341407775879
0.07645511627197266
0.08241677284240723
0.08288097381591797
0.06810903549194336
0.07796454429626465
0.07629847526550293
0.6834213733673096
0.064117431640625
0.10686397552490234
0.11541390419006348
0.09183526039123535
0.08698201179504395
0.08927130699157715
0.10391974449157715
0.09495949745178223
0.10896015167236328
0.09088993072509766
0.0849308967590332
0.10203194618225098
0.08685088157653809
0.10567331314086914
0.1020348072052002
0.11508965492248535
0.14563989639282227
0.15659165382385254
0.12419247627258301
0.11648058891296387
0.09539294242858887
0.11619067192077637
0.09806942939758301
0.0778658390045166
0.08555340766906738
0.08467221260070801
0.09346604347229004
0.09098577499389648
0.07290244102478027
0.06983041763305664
0.09126400947570801
0.08994030952453613
0.07979083061218262
0.08455586433410645
0.08356142044067383
0.09599852561950684
0.10796284675598145
0.08367443084716797
0.07998943328857422
0.09970688819885254
0.0944979190826416
0.09699177742004395
0.09119105339050293
0.10385966300964355
0.10252022743225098
0.091644287109375
0.09313702583312988
0.11868786811828613
0.11646771430969238
0.13658499717712402
0.14393043518066406
0.1367967128753662
0.10126018524169922
0.10303068161010742
0.13513851165771484
0.0769803524017334
0.10994482040405273
0.07630372047424316
0.07785558700561523
0.07479166984558105
0.07989978790283203
0.07286930084228516
0.07954216003417969
0.08722043037414551
0.08912968635559082
0.06769275665283203
0.06923747062683105
0.08022713661193848
0.08938121795654297
0.07564806938171387
0.08139228820800781
0.12168359756469727
0.0729529857635498
0.09221410751342773
0.09037590026855469
0.08852934837341309
0.0903928279876709
0.08129525184631348
0.08586001396179199
0.08435392379760742
0.10399842262268066
0.09104609489440918
0.0948789119720459
0.08720803260803223
0.12819671630859375
0.09642696380615234
0.11595869064331055
0.16049718856811523
0.15056681632995605
0.10027766227722168
0.0771493911743164
0.12991809844970703
0.09580445289611816
0.08635163307189941
0.0721442699432373
0.07277846336364746
0.08649730682373047
0.06928467750549316
0.08876538276672363
0.08385276794433594
0.07760810852050781
0.07748889923095703
0.07534456253051758
0.06395554542541504
0.08366060256958008
0.0666654109954834
0.07112455368041992
0.10752272605895996
0.09880876541137695
0.08725762367248535
0.08344888687133789
0.08287239074707031
0.08204150199890137
0.07723236083984375
0.08779549598693848
0.08191728591918945
0.0986325740814209
0.08525252342224121
0.0848851203918457
0.08172988891601562
0.09003829956054688
0.1107778549194336
0.08964252471923828
0.12069559097290039
0.11205434799194336
0.18113207817077637
0.08541083335876465
0.14322757720947266
0.0972135066986084
0.0890042781829834
0.0842134952545166
0.0929868221282959
0.0795741081237793
0.07762622833251953
0.08035492897033691
0.07300496101379395
0.06917238235473633
0.0901792049407959
0.08581829071044922
0.07968783378601074
0.0732729434967041
0.07012128829956055
0.07467508316040039
0.06916189193725586
0.08065485954284668
0.08320140838623047
0.08574676513671875
0.07916879653930664
0.09588289260864258
0.08539462089538574
0.07181191444396973
0.0742950439453125
0.0775747299194336
0.07362556457519531
0.0719153881072998
0.07127666473388672
0.07094383239746094
0.07947444915771484
0.0808267593383789
0.10885810852050781
0.09696054458618164
0.1478588581085205
0.10468482971191406
0.14738106727600098
0.11471390724182129
0.1254889965057373
0.07698726654052734
0.08037614822387695
0.07587003707885742
0.09366393089294434
0.07440400123596191
0.0817575454711914
0.08696365356445312
0.08546900749206543
0.10236811637878418
0.07758545875549316
0.07482242584228516
0.0854487419128418
0.07335257530212402
0.08061385154724121
0.07100629806518555
0.06862807273864746
0.0847313404083252
0.10270881652832031
0.09279847145080566
0.08145809173583984
0.07930946350097656
0.08675718307495117
0.09322619438171387
0.07689094543457031
0.08322715759277344
0.08124327659606934
0.08458185195922852
0.07536506652832031
0.0928959846496582
0.07852482795715332
0.10812640190124512
0.11722826957702637
0.11089944839477539
0.11166048049926758
0.12930631637573242
0.12003207206726074
0.1385636329650879
0.0864102840423584
0.09066390991210938
0.0727088451385498
0.10465741157531738
0.07830953598022461
0.07695746421813965
0.08171820640563965
0.07324647903442383
0.07598400115966797
0.07802724838256836
0.06699323654174805
0.07944607734680176
0.08231306076049805
0.07374739646911621
0.06527853012084961
0.06421756744384766
0.07908940315246582
0.09113192558288574
0.0895540714263916
0.08741450309753418
0.08797240257263184
0.09721040725708008
0.08540844917297363
0.09748291969299316
0.08856487274169922
0.0898447036743164
0.0883183479309082
0.09038186073303223
0.08712410926818848
0.0908808708190918
0.1587212085723877
0.0984349250793457
0.14582586288452148
0.1105191707611084
0.14269685745239258
0.08275485038757324
0.09712052345275879
0.10147356986999512
0.08603334426879883
0.07881689071655273
0.09404158592224121
0.07281136512756348
0.07145571708679199
0.08820438385009766
0.0735330581665039
0.08697843551635742
0.07685351371765137
0.08535599708557129
0.0810239315032959
0.07702183723449707
0.06641054153442383
0.06171679496765137
0.05298161506652832
0.07336735725402832
0.08249592781066895
0.10206270217895508
0.08483362197875977
0.07945418357849121
0.06951117515563965
0.07638168334960938
0.08653783798217773
0.08540225028991699
0.07895541191101074
0.08805465698242188
0.09501457214355469
0.08271002769470215
0.08991813659667969
0.07554078102111816
0.11252570152282715
0.08956456184387207
0.12207818031311035
0.10500121116638184
0.1152963638305664
0.11462020874023438
0.0856163501739502
0.11997842788696289
0.08437275886535645
0.09066987037658691
0.07108664512634277
0.09961795806884766
0.06603717803955078
0.07089710235595703
0.07525277137756348
0.08376431465148926
0.08789944648742676
0.09012508392333984
0.07750892639160156
0.08005976676940918
0.08146786689758301
0.0740513801574707
0.0702826976776123
0.06255269050598145
0.08170509338378906
0.10646939277648926
0.09356570243835449
0.08589839935302734
0.09236931800842285
0.1015172004699707
0.07361674308776855
0.07044458389282227
0.07334327697753906
0.07924652099609375
0.10829782485961914
0.09566736221313477
0.0894308090209961
0.1407456398010254
0.10283780097961426
0.13352251052856445
0.10986518859863281
0.12806081771850586
0.09766221046447754
0.11748766899108887
0.09393763542175293
0.10158514976501465
0.0749819278717041
0.09311723709106445
0.07958364486694336
0.07204270362854004
0.06659960746765137
0.09387946128845215
0.08918094635009766
0.07615804672241211
0.06692814826965332
0.08093881607055664
0.07867145538330078
0.07290768623352051
0.07045173645019531
0.06848955154418945
0.07566070556640625
0.10340619087219238
0.08806562423706055
0.08240413665771484
0.10126161575317383
0.07788729667663574
0.08276915550231934
0.08247518539428711
0.08016633987426758
0.08149433135986328
0.09042930603027344
0.08380842208862305
0.07495713233947754
0.09275436401367188
0.1331923007965088
0.0959327220916748
0.12062644958496094
0.10918688774108887
0.12538552284240723
0.12020111083984375
0.11540985107421875
0.09262347221374512
0.11154842376708984
0.08974432945251465
0.09097695350646973
0.06871843338012695
0.06171154975891113
0.06876420974731445
0.09354519844055176
0.07683300971984863
0.07554173469543457
0.07188653945922852
0.06382036209106445
0.0743246078491211
0.07810020446777344
0.07412910461425781
0.07905197143554688
0.0694119930267334
0.0785360336303711
0.09065771102905273
0.07424306869506836
0.08226776123046875
0.08355355262756348
0.08208584785461426
0.08011817932128906
0.08176469802856445
0.09085440635681152
0.08880758285522461
0.07931351661682129
0.08495259284973145
0.08359575271606445
0.08071351051330566
0.09935784339904785
0.0838015079498291
0.08898353576660156
0.1345958709716797
0.10039401054382324
0.11717963218688965
0.09583020210266113
0.1471712589263916
0.08280396461486816
0.07069063186645508
0.07880163192749023
0.08641839027404785
0.07525753974914551
0.0702066421508789
0.07111859321594238
0.07308363914489746
0.07803058624267578
0.06300568580627441
0.06828618049621582
0.07248187065124512
0.05815863609313965
0.07644534111022949
0.07943916320800781
0.0643000602722168
0.07065320014953613
0.07199764251708984
0.08081316947937012
0.0975332260131836
0.08550810813903809
0.07743239402770996
0.09605908393859863
0.0887908935546875
0.08937239646911621
0.08452582359313965
0.09087419509887695
0.08486366271972656
0.09117984771728516
0.08856725692749023
0.08769774436950684
0.10434365272521973
0.13199973106384277
0.09436774253845215
0.11958432197570801
0.11721539497375488
0.1380620002746582
0.0793616771697998
0.08763742446899414
0.08931756019592285
0.10387563705444336
0.07970094680786133
0.11539888381958008
0.06574368476867676
0.07281017303466797
0.06794571876525879
0.06382036209106445
0.08833932876586914
0.08078956604003906
0.08754873275756836
0.07537603378295898
0.06710624694824219
0.06894898414611816
0.06250691413879395
0.0724027156829834
0.06895637512207031
0.07723069190979004
0.09638810157775879
0.12168049812316895
0.08134031295776367
0.07591438293457031
0.08662629127502441
0.08904600143432617
0.07801365852355957
0.08158469200134277
0.09078407287597656
0.08567571640014648
0.08856320381164551
0.08674216270446777
0.08307194709777832
0.12213420867919922
0.10684752464294434
0.13991117477416992
0.13619589805603027
0.14615583419799805
0.09789347648620605
0.12756967544555664
0.1062767505645752
0.09419035911560059
0.10016012191772461
0.08280444145202637
0.06429195404052734
0.07409238815307617
0.0734713077545166
0.07425951957702637
0.07863330841064453
0.06544852256774902
0.07883787155151367
0.06912755966186523
0.07735037803649902
0.06245160102844238
0.06822752952575684
0.06578636169433594
0.0694735050201416
0.09376811981201172
0.11153173446655273
0.09000658988952637
0.0790560245513916
0.08376932144165039
0.08684515953063965
0.0907437801361084
0.07965660095214844
0.08858108520507812
0.10326433181762695
0.09446120262145996
0.09275412559509277
0.083282470703125
0.08407092094421387
0.13595890998840332
0.1020364761352539
0.1245875358581543
0.1306459903717041
0.13467764854431152
0.10843729972839355
0.06043720245361328
0.06450557708740234
0.061518192291259766
0.06149125099182129
0.061452627182006836
0.06117701530456543
0.06166410446166992
0.08737373352050781
0.11614394187927246
0.10040616989135742
0.08034920692443848
0.07902765274047852
0.07135534286499023
0.06655526161193848
0.0682835578918457
0.07152056694030762
0.07695937156677246
0.08387303352355957
0.08467602729797363
0.07899856567382812
0.08091282844543457
0.09283113479614258
0.07894110679626465
0.09891867637634277
0.10992717742919922
0.12430930137634277
0.0717012882232666
0.08123302459716797
0.07251834869384766
0.07143235206604004
0.0721445083618164
0.06621408462524414
0.0780172348022461
0.08268141746520996
0.09937500953674316
0.08721327781677246
0.0831289291381836
0.08883547782897949
0.07870340347290039
0.12403178215026855
0.12461519241333008
0.07269048690795898
0.0808110237121582
0.08051109313964844
0.07240653038024902
0.07039666175842285
0.06482958793640137
0.06968164443969727
0.08162784576416016
0.08892631530761719
0.09016895294189453
0.09584736824035645
0.08777046203613281
0.07193207740783691
0.08510613441467285
0.11458611488342285
0.09734225273132324
0.06913423538208008
0.07863473892211914
0.07360172271728516
0.07377386093139648
0.07561445236206055
0.06897306442260742
0.07111978530883789
0.09246182441711426
0.07985663414001465
0.08255743980407715
0.08744645118713379
0.08766674995422363
0.08117961883544922
0.08322358131408691
0.12176704406738281
0.11882185935974121
0.08105969429016113
0.07797574996948242
0.06586909294128418
0.07370567321777344
0.07399415969848633
0.07143616676330566
0.07725024223327637
0.09474515914916992
0.08250975608825684
0.09282112121582031
0.08451175689697266
0.0982813835144043
0.06626343727111816
0.11992192268371582
0.0790102481842041
0.10457611083984375
0.07063531875610352
0.08454561233520508
0.07080841064453125
0.07185029983520508
0.06491851806640625
0.07046651840209961
0.08104467391967773
0.07742977142333984
0.08818984031677246
0.09361553192138672
0.07943892478942871
0.08931088447570801
0.09618687629699707
0.10464239120483398
0.1029505729675293
0.07785606384277344
0.07626771926879883
0.0762169361114502
0.06511640548706055
0.07096004486083984
0.07059979438781738
0.06410384178161621
0.08309078216552734
0.0918569564819336
0.07831215858459473
0.07828235626220703
0.0929725170135498
0.08844542503356934
0.0718848705291748
0.06238222122192383
0.060541629791259766
0.06406545639038086
0.06374931335449219
0.0636284351348877
0.06341910362243652
0.06953859329223633
0.06529998779296875
0.0644690990447998
0.05426597595214844
0.050017595291137695
0.05796456336975098
0.05776548385620117
0.05084657669067383
0.06287789344787598
0.05497407913208008
0.05885577201843262
0.0641777515411377
0.05170106887817383
0.05080699920654297
0.05910897254943848
0.05990958213806152
0.04915356636047363
0.048842668533325195
0.055832624435424805
0.04997396469116211
0.04969668388366699
0.0523529052734375
0.0497126579284668
0.049330949783325195
0.04929614067077637
0.05002784729003906
0.04964780807495117
0.05505013465881348
0.05047893524169922
0.0538792610168457
0.04885697364807129
0.05549216270446777
0.04949331283569336
0.04892468452453613
0.04953789710998535
0.049538373947143555
0.054282188415527344
0.04970574378967285
0.04980874061584473
0.049268484115600586
0.04921674728393555
0.06070899963378906
0.051279544830322266
0.051883697509765625
0.05321812629699707
0.0571751594543457
0.05244255065917969
0.0522916316986084
0.052297115325927734
0.05802273750305176
0.04901576042175293
0.04937291145324707
0.04928731918334961
0.049588918685913086
0.06561851501464844
0.06587362289428711
0.05349874496459961
0.049533843994140625
0.05117487907409668
0.05152392387390137
0.04802703857421875
0.050306081771850586
0.04935312271118164
0.05528974533081055
0.049202919006347656
0.049379587173461914
0.051058292388916016
0.05189013481140137
0.05666780471801758
0.04961442947387695
0.050840139389038086
0.0509943962097168
0.055689096450805664
0.0484921932220459
0.0539097785949707
0.04899764060974121
0.04942965507507324
0.04849720001220703
0.0500950813293457
0.047597646713256836
0.050469398498535156
0.05636906623840332
0.05023074150085449
0.04878044128417969
0.053342342376708984
0.05150175094604492
0.04712390899658203
0.04778337478637695
0.05152463912963867
0.05078721046447754
0.05698037147521973
0.05185699462890625
0.04899406433105469
0.05145835876464844
0.04774665832519531
0.04770708084106445
0.05034589767456055
0.05197000503540039
0.05061483383178711
0.057127952575683594
0.051262855529785156
0.05122661590576172
0.04932594299316406
0.04822134971618652
0.04909634590148926
0.04850125312805176
0.04737138748168945
0.04873228073120117
0.052763938903808594
0.04895377159118652
0.047995805740356445
0.04765629768371582
0.05089139938354492
0.049408674240112305
0.057520151138305664
0.05642819404602051
0.0497589111328125
0.05837106704711914
0.04909348487854004
0.04870009422302246
0.04970669746398926
0.05835366249084473
0.0534968376159668
0.05004000663757324
0.049658775329589844
0.04970383644104004
0.055174827575683594
0.049851179122924805
0.04968118667602539
0.04877305030822754
0.04963421821594238
0.04841256141662598
0.047589778900146484
0.05237770080566406
0.05847287178039551
0.05542755126953125
0.05737423896789551
0.048444271087646484
0.05073094367980957
0.05012178421020508
0.050313711166381836
0.04804396629333496
0.058362483978271484
0.049279212951660156
0.05619645118713379
0.05140089988708496
0.04993462562561035
0.05053257942199707
0.050734758377075195
0.04768943786621094
0.048280954360961914
0.058281660079956055
0.05097341537475586
0.05594825744628906
0.04964113235473633
0.048270225524902344
0.04801177978515625
0.05816459655761719
0.05341005325317383
0.04981851577758789
0.05043315887451172
0.048178911209106445
0.05293464660644531
0.0511324405670166
0.050612449645996094
0.06006050109863281
0.05000782012939453
0.051059722900390625
0.05054187774658203
0.05116987228393555
0.059259891510009766
0.05758929252624512
0.05284595489501953
0.05168032646179199
0.05120706558227539
0.05163311958312988
0.048425912857055664
0.048006296157836914
0.04830336570739746
0.0480494499206543
0.056185245513916016
0.04897880554199219
0.05346322059631348
0.050783395767211914
0.053693294525146484
0.05093240737915039
0.05055999755859375
0.0489046573638916
0.05075240135192871
0.05770134925842285
0.04896116256713867
0.04941272735595703
0.05051422119140625
0.05272698402404785
0.0508418083190918
0.050696611404418945
0.06864500045776367
0.04864239692687988
0.055959463119506836
0.0553436279296875
0.05262923240661621
0.049329519271850586
0.05142498016357422
0.052083492279052734
0.062172889709472656
0.0530545711517334
0.049703121185302734
0.05643749237060547
0.05049633979797363
0.04966545104980469
0.04937386512756348
0.04931187629699707
0.0549466609954834
0.04898786544799805
0.04900932312011719
0.04930615425109863
0.05484318733215332
0.0547788143157959
0.05207991600036621
0.04928421974182129
0.049530982971191406
0.05045723915100098
0.05075716972351074
0.048926591873168945
0.0519564151763916
0.05395841598510742
0.059120893478393555
0.04891180992126465
0.05171775817871094
0.050405025482177734
0.049347639083862305
0.04930830001831055
0.05092954635620117
0.05487346649169922
0.05339360237121582
0.049137115478515625
0.05820727348327637
0.049919843673706055
0.059888362884521484
0.048674583435058594
0.05113792419433594
0.049959659576416016
0.04894566535949707
0.05391240119934082
0.04978537559509277
0.04965829849243164
0.04942464828491211
0.049463748931884766
0.049593448638916016
0.04904961585998535
0.04892373085021973
0.049072980880737305
0.056566476821899414
0.04974555969238281
0.04967141151428223
0.04970979690551758
0.05449700355529785
0.04956626892089844
0.06525278091430664
0.04963970184326172
0.05729937553405762
0.055043935775756836
0.05037522315979004
0.04988503456115723
0.05206894874572754
0.05153799057006836
0.0515899658203125
0.05000495910644531
0.04953265190124512
0.0519566535949707
0.05716443061828613
0.05186796188354492
0.05160808563232422
0.050221920013427734
0.04992938041687012
0.05089855194091797
0.04908299446105957
0.04906511306762695
0.049551963806152344
0.06272196769714355
0.0496525764465332
0.04949331283569336
0.04886364936828613
0.04894208908081055
0.056854963302612305
0.04945778846740723
0.04825615882873535
0.04893755912780762
0.05459737777709961
0.05738687515258789
0.04778432846069336
0.048603057861328125
0.055060386657714844
0.04741024971008301
0.04765892028808594
0.04840373992919922
0.048072099685668945
0.05283951759338379
0.04842972755432129
0.04829096794128418
0.049759864807128906
0.0476689338684082
0.04757213592529297
0.050072431564331055
0.053798675537109375
0.056424856185913086
0.05704498291015625
0.05174899101257324
0.051393747329711914
0.050658226013183594
0.050211429595947266
0.04820561408996582
0.05042004585266113
0.050498008728027344
0.050511837005615234
0.05698394775390625
0.06010842323303223
0.059233903884887695
0.051091670989990234
0.049315690994262695
0.049039602279663086
0.049913644790649414
0.059004783630371094
0.051610469818115234
0.05429863929748535
0.05002927780151367
0.04943656921386719
0.059003353118896484
0.05111265182495117
0.04922938346862793
0.04927372932434082
0.05000114440917969
0.05100607872009277
0.05440092086791992
0.050649166107177734
0.049208641052246094
0.04949355125427246
0.04886913299560547
0.05421566963195801
0.04871177673339844
0.04919910430908203
0.04899334907531738
0.06325435638427734
0.050031185150146484
0.04900074005126953
0.049147844314575195
0.050805091857910156
0.04817819595336914
0.058098554611206055
0.05152702331542969
0.04970264434814453
0.05638265609741211
0.05895686149597168
0.05849719047546387
0.05845189094543457
0.051759958267211914
0.050431251525878906
0.05045294761657715
0.04885268211364746
0.04872727394104004
0.056911468505859375
0.05000734329223633
0.058685302734375
0.05122709274291992
0.04920363426208496
0.05081963539123535
0.05095791816711426
0.0504612922668457
0.05132269859313965
0.05463814735412598
0.049944400787353516
0.0494997501373291
0.04913067817687988
0.049115657806396484
0.04915118217468262
0.04928135871887207
0.04863333702087402
0.04941105842590332
0.054222822189331055
0.05038046836853027
0.049222469329833984
0.04915332794189453
0.057737112045288086
0.049356937408447266
0.049054861068725586
0.04892325401306152
0.04924583435058594
0.0542447566986084
0.05038642883300781
0.04980063438415527
0.04974842071533203
0.0490565299987793
0.049529314041137695
0.04974102973937988
0.04924178123474121
0.049134254455566406
0.05494117736816406
0.05013847351074219
0.04976367950439453
0.04910993576049805
0.049237728118896484
0.049367666244506836
0.04860067367553711
0.04872941970825195
0.04874563217163086
0.05465507507324219
0.05854058265686035
0.05782151222229004
0.04990267753601074
0.049343109130859375
0.056885719299316406
0.04865598678588867
0.05078935623168945
0.05083608627319336
0.054595947265625
0.04992175102233887
0.04969143867492676
0.04976630210876465
0.04941582679748535
0.04849410057067871
0.049654245376586914
0.05022788047790527
0.048748016357421875
0.054350852966308594
0.04978799819946289
0.05037188529968262
0.0493311882019043
0.05851340293884277
0.05368995666503906
0.048478126525878906
0.051355600357055664
0.049115896224975586
0.054082393646240234
0.04989147186279297
0.0548708438873291
0.05227947235107422
0.04945969581604004
0.06004834175109863
0.05136275291442871
0.05110621452331543
0.04970955848693848
0.05449199676513672
0.05041146278381348
0.049573659896850586
0.06088757514953613
0.04914546012878418
0.05865740776062012
0.05249929428100586
0.05835461616516113
0.05081939697265625
0.05588054656982422
0.05003643035888672
0.05154013633728027
0.05078721046447754
0.04918837547302246
0.04875326156616211
0.047464847564697266
0.053945064544677734
0.050599098205566406
0.05636715888977051
0.04945874214172363
0.05181717872619629
0.04844307899475098
0.05124855041503906
0.05064535140991211
0.04824233055114746
0.05985116958618164
0.05215930938720703
0.056807756423950195
0.05913424491882324
0.04978036880493164
0.05126762390136719
0.04944324493408203
0.05408811569213867
0.049019813537597656
0.050731658935546875
0.057599544525146484
0.06907510757446289
0.05178046226501465
0.04970216751098633
0.051352739334106445
0.04938793182373047
0.049932003021240234
0.04960823059082031
0.04938101768493652
0.05101728439331055
0.06500101089477539
0.054732561111450195
0.05197334289550781
0.05490255355834961
0.04938769340515137
0.04866504669189453
0.049773454666137695
0.04898810386657715
0.04922151565551758
0.054555654525756836
0.05860257148742676
0.056752681732177734
0.04926109313964844
0.05761218070983887
0.051734209060668945
0.04914212226867676
0.04867839813232422
0.04951190948486328
0.06902265548706055
0.058118343353271484
0.05246615409851074
0.048836708068847656
0.05480074882507324
0.04922151565551758
0.04881143569946289
0.04811525344848633
0.05627751350402832
0.05330467224121094
0.04935312271118164
0.05823802947998047
0.048296213150024414
0.04790306091308594
0.06071829795837402
0.050665855407714844
0.05078864097595215
0.05712103843688965
0.05669260025024414
0.05771231651306152
0.05260276794433594
0.04816722869873047
0.04817557334899902
0.04736471176147461
0.04926300048828125
0.04859733581542969
0.05410623550415039
0.05363130569458008
0.04848074913024902
0.05386614799499512
0.04833221435546875
0.048985958099365234
0.04821014404296875
0.04799056053161621
0.04853415489196777
0.054387807846069336
0.053507328033447266
0.049981117248535156
0.04853558540344238
0.04816913604736328
0.0484774112701416
0.04786562919616699
0.04879593849182129
0.047959089279174805
0.05474114418029785
0.05354166030883789
0.0506899356842041
0.04905390739440918
0.04915881156921387
0.049683570861816406
0.059438228607177734
0.04948616027832031
0.04898381233215332
0.05245566368103027
0.053720951080322266
0.05070161819458008
0.06062006950378418
0.05160999298095703
0.05124688148498535
0.051477909088134766
0.04898333549499512
0.05066037178039551
0.052045345306396484
0.056595563888549805
0.04925966262817383
0.04900097846984863
0.04880785942077637
0.05409431457519531
0.049518585205078125
0.049332380294799805
0.04936790466308594
0.05412912368774414
0.05720376968383789
0.05030322074890137
0.050075531005859375
0.049582719802856445
0.04904937744140625
0.04910135269165039
0.04944300651550293
0.04929494857788086
0.04961228370666504
0.05458545684814453
0.05026960372924805
0.06403613090515137
0.05821108818054199
0.05155229568481445
0.05780673027038574
0.061789512634277344
0.057328224182128906
0.051613569259643555
0.05949044227600098
0.0760962963104248
0.0775153636932373
0.08961081504821777
0.07621192932128906
0.06350183486938477
0.09677958488464355
0.07907438278198242
0.07309937477111816
0.08025217056274414
0.0771641731262207
0.08187198638916016
0.08773922920227051
0.06806707382202148
0.07418966293334961
0.07915973663330078
0.06570768356323242
0.06550407409667969
0.07952737808227539
0.07489395141601562
0.07319045066833496
0.08931422233581543
0.07111287117004395
0.06704282760620117
0.062337636947631836
0.06729912757873535
0.06336545944213867
0.07203888893127441
0.07735466957092285
0.10146880149841309
0.07418227195739746
0.08204078674316406
0.08467960357666016
0.08068680763244629
0.07656741142272949
0.08616876602172852
0.09354352951049805
0.07526302337646484
0.08333635330200195
0.07560062408447266
0.08957290649414062
0.0788877010345459
0.11082339286804199
0.09900665283203125
0.13838934898376465
0.14483070373535156
0.1843416690826416
0.13840174674987793
0.10232710838317871
0.12411785125732422
0.07809591293334961
0.08033943176269531
0.09109735488891602
0.07519769668579102
0.08608198165893555
0.0799715518951416
0.0689237117767334
0.06943511962890625
0.06927037239074707
0.07116818428039551
0.0781254768371582
0.07839369773864746
0.07768726348876953
0.08209991455078125
0.06497335433959961
0.0822288990020752
0.10040974617004395
0.08676505088806152
0.09579181671142578
0.0871729850769043
0.08851504325866699
0.08791160583496094
0.09906482696533203
0.08613944053649902
0.08063077926635742
0.0853276252746582
0.08360528945922852
0.08462023735046387
0.08392786979675293
0.14075374603271484
0.09267544746398926
0.13704490661621094
0.1374812126159668
0.1332383155822754
0.10216856002807617
0.12253379821777344
0.09340071678161621
0.08602547645568848
0.07173323631286621
0.07541155815124512
0.07820653915405273
0.06985878944396973
0.06637692451477051
0.0759742259979248
0.07382392883300781
0.07096099853515625
0.07148575782775879
0.08174777030944824
0.07100057601928711
0.07291841506958008
0.07342410087585449
0.06972599029541016
0.10291028022766113
0.07284021377563477
0.08085989952087402
0.10971236228942871
0.08637380599975586
0.08051657676696777
0.09190154075622559
0.08102893829345703
0.08774662017822266
0.08732104301452637
0.08912062644958496
0.08281826972961426
0.07454228401184082
0.08364129066467285
0.07740521430969238
0.1301565170288086
0.12025022506713867
0.1155247688293457
0.11180567741394043
0.17907047271728516
0.06931519508361816
0.12883257865905762
0.10049319267272949
0.08275961875915527
0.08555459976196289
0.057680606842041016
0.0675363540649414
0.06546950340270996
0.07005739212036133
0.08901810646057129
0.08899331092834473
0.06664586067199707
0.07926177978515625
0.06962704658508301
0.06813788414001465
0.06367278099060059
0.056734561920166016
0.07543396949768066
0.07158279418945312
0.06789827346801758
0.0787203311920166
0.10693573951721191
0.09955072402954102
0.08963227272033691
0.0921480655670166
0.07886886596679688
0.0855100154876709
0.08581972122192383
0.0876455307006836
0.08215618133544922
0.08953142166137695
0.09978628158569336
0.08023285865783691
0.10837101936340332
0.09487366676330566
0.1412794589996338
0.1323535442352295
0.16084527969360352
0.06876158714294434
0.11846375465393066
0.09231734275817871
0.08802247047424316
0.08272051811218262
0.08982515335083008
0.0937502384185791
0.06502485275268555
0.07175326347351074
0.06460952758789062
0.06769299507141113
0.08424091339111328
0.07961606979370117
0.07044625282287598
0.08527517318725586
0.07207679748535156
0.06594729423522949
0.06505417823791504
0.07087469100952148
0.09296464920043945
0.09804797172546387
0.08837008476257324
0.07790470123291016
0.08509278297424316
0.08252382278442383
0.09210491180419922
0.08243823051452637
0.08993220329284668
0.08466029167175293
0.0884401798248291
0.08258271217346191
0.07943320274353027
0.1174156665802002
0.10806608200073242
0.13747119903564453
0.15009140968322754
0.15281081199645996
0.0912621021270752
0.1208031177520752
0.09366393089294434
0.0890500545501709
0.08952951431274414
0.08254814147949219
0.07535052299499512
0.07727909088134766
0.06731009483337402
0.06594276428222656
0.0743112564086914
0.06428956985473633
0.06952261924743652
0.06563282012939453
0.05951380729675293
0.0759422779083252
0.07266974449157715
0.06527400016784668
0.06799674034118652
0.08707666397094727
0.09038662910461426
0.08801579475402832
0.08838176727294922
0.07872390747070312
0.08263182640075684
0.08488011360168457
0.0967416763305664
0.08670926094055176
0.0931081771850586
0.0821084976196289
0.08664703369140625
0.09328269958496094
0.08490657806396484
0.10426139831542969
0.1136479377746582
0.11696243286132812
0.10171914100646973
0.19562673568725586
0.08902859687805176
0.11020517349243164
0.1075582504272461
0.07921075820922852
0.07123756408691406
0.07259225845336914
0.07570052146911621
0.07847809791564941
0.08789968490600586
0.06794500350952148
0.0639491081237793
0.0662076473236084
0.07280278205871582
0.07536792755126953
0.07503604888916016
0.07007598876953125
0.07213211059570312
0.07318592071533203
0.07017278671264648
0.06775093078613281
0.08092713356018066
0.09079432487487793
0.07513236999511719
0.0829918384552002
0.08330750465393066
0.08965587615966797
0.09053874015808105
0.08073854446411133
0.0904083251953125
0.08029007911682129
0.07534265518188477
0.08981704711914062
0.0894014835357666
0.08541131019592285
0.11873173713684082
0.09090423583984375
0.12167072296142578
0.12430405616760254
0.15892839431762695
0.09470367431640625
0.0882878303527832
0.11312699317932129
0.07432246208190918
0.08975720405578613
0.10124874114990234
0.06646323204040527
0.06816387176513672
0.06090855598449707
0.06846904754638672
0.0795297622680664
0.07210159301757812
0.08664989471435547
0.07199645042419434
0.08608460426330566
0.07082128524780273
0.083160400390625
0.08001017570495605
0.07061028480529785
0.08923101425170898
0.08584070205688477
0.09266448020935059
0.08526802062988281
0.09134578704833984
0.08861351013183594
0.09057903289794922
0.0745689868927002
0.09237551689147949
0.08992433547973633
0.08125782012939453
0.07623481750488281
0.08898639678955078
0.15697360038757324
0.10268497467041016
0.13168883323669434
0.15416908264160156
0.1374225616455078
0.13643550872802734
0.0873708724975586
0.08445000648498535
0.10864901542663574
0.10094666481018066
0.06988525390625
0.06871414184570312
0.06401276588439941
0.06533312797546387
0.05892133712768555
0.05962848663330078
0.05513119697570801
0.05639505386352539
0.09810829162597656
0.07657670974731445
0.06818294525146484
0.07011961936950684
0.0797886848449707
0.07247591018676758
0.0810847282409668
0.09327030181884766
0.06904339790344238
0.08452868461608887
0.07522392272949219
0.0819556713104248
0.08876252174377441
0.077728271484375
0.07993602752685547
0.08579087257385254
0.07639336585998535
0.08458614349365234
0.08680129051208496
0.105224609375
0.15638971328735352
0.11699748039245605
0.11890554428100586
0.1344623565673828
0.12697792053222656
0.10750770568847656
0.08294463157653809
0.1222693920135498
0.09653544425964355
0.08348202705383301
0.06870865821838379
0.07150840759277344
0.06374192237854004
0.07811188697814941
0.0753021240234375
0.07664728164672852
0.0817863941192627
0.07434749603271484
0.07016134262084961
0.0772099494934082
0.0776677131652832
0.07028603553771973
0.07116341590881348
0.0632619857788086
0.08735537528991699
0.10996246337890625
0.8673107624053955
0.08681344985961914
0.0952916145324707
0.14722180366516113
0.1205136775970459
0.12804126739501953
0.16051483154296875
0.1693401336669922
0.1346125602722168
0.14083623886108398
0.10372328758239746
0.11348366737365723
0.10672760009765625
0.08110785484313965
0.09709811210632324
0.0824439525604248
0.07790994644165039
0.07231736183166504
0.07867980003356934
0.07633495330810547
0.07822656631469727
0.06949830055236816
0.09274411201477051
0.06953191757202148
0.0802149772644043
0.1082460880279541
0.09553337097167969
0.10211491584777832
0.09284114837646484
0.09881281852722168
0.09077191352844238
0.09757280349731445
0.08181238174438477
0.0906987190246582
0.10016465187072754
0.09451436996459961
0.11246514320373535
0.12609386444091797
0.1662900447845459
0.1446824073791504
0.17589449882507324
0.12601852416992188
0.09055757522583008
0.12007713317871094
0.10512208938598633
0.09171509742736816
0.08252286911010742
0.07995367050170898
0.07399559020996094
0.07681846618652344
0.09395265579223633
0.08127951622009277
0.07141590118408203
0.08837509155273438
0.08974623680114746
0.07364892959594727
0.07819581031799316
0.08464860916137695
0.12257170677185059
0.10018229484558105
0.09733033180236816
0.09493780136108398
0.0877370834350586
0.10779404640197754
0.10684943199157715
0.09386539459228516
0.0942380428314209
0.08958220481872559
0.09593844413757324
0.10260868072509766
0.17980480194091797
0.16719698905944824
0.21521592140197754
0.11947107315063477
0.13420748710632324
0.11636209487915039
0.08724093437194824
0.08752679824829102
