              precision    recall  f1-score   support

           0       0.80      0.87      0.83       237
           1       0.82      1.00      0.90       596
           2       0.96      0.72      0.82       294
           3       0.73      0.76      0.75       311
           4       0.99      0.97      0.98       466
           5       0.76      0.83      0.79       618
           6       0.84      0.91      0.87       242
           7       0.98      0.73      0.84       655

    accuracy                           0.85      3419
   macro avg       0.86      0.85      0.85      3419
weighted avg       0.87      0.85      0.85      3419

