3.079246759414673
0.0984807014465332
0.08214426040649414
0.0724937915802002
0.07075142860412598
2.0970892906188965
0.07034158706665039
0.07233977317810059
0.06992125511169434
0.06968545913696289
0.07672715187072754
0.0707406997680664
0.06903719902038574
0.08429217338562012
0.07823634147644043
0.0811460018157959
0.0764772891998291
0.07927680015563965
0.07163786888122559
0.07059597969055176
0.0713355541229248
0.07887625694274902
0.07328343391418457
0.0771629810333252
0.08421063423156738
0.07189631462097168
0.08995699882507324
0.08032608032226562
0.07255291938781738
0.07174158096313477
0.08669519424438477
0.0716712474822998
0.0770573616027832
0.08737540245056152
0.07384204864501953
0.07372117042541504
0.07163286209106445
0.07165408134460449
0.07160329818725586
0.0857703685760498
0.07047200202941895
0.07776212692260742
0.08169674873352051
0.07148599624633789
0.0703122615814209
0.06884551048278809
0.06951308250427246
0.06807398796081543
0.06805682182312012
0.0672905445098877
0.07570934295654297
0.06790971755981445
0.06748247146606445
0.06823253631591797
0.06824493408203125
0.06765937805175781
0.06867337226867676
0.08064389228820801
0.06696510314941406
0.07574272155761719
0.07460808753967285
0.06591653823852539
0.06586146354675293
0.07623004913330078
0.06721901893615723
0.06708741188049316
0.10402846336364746
0.06552529335021973
0.07291030883789062
0.06699275970458984
0.08065223693847656
0.06583738327026367
0.07658720016479492
0.08362603187561035
0.06992173194885254
0.0816488265991211
0.06645655632019043
0.07239890098571777
0.06655621528625488
0.06686615943908691
0.06685495376586914
0.06659817695617676
0.0663919448852539
0.06613492965698242
0.08043384552001953
0.06581759452819824
0.07194375991821289
0.07729363441467285
0.06710505485534668
0.08044958114624023
0.06902742385864258
0.0713043212890625
0.06565690040588379
0.07042336463928223
0.0664970874786377
0.0719459056854248
0.06603860855102539
0.06679344177246094
0.06694912910461426
0.07765960693359375
0.08145713806152344
0.06631827354431152
0.0650787353515625
0.06655621528625488
0.07234358787536621
0.06644487380981445
0.07047796249389648
0.06669402122497559
0.0662069320678711
0.08082127571105957
0.0663611888885498
0.06635570526123047
0.06550431251525879
0.07111191749572754
0.06670451164245605
0.06583189964294434
0.08101892471313477
0.06632781028747559
0.07653164863586426
0.07648277282714844
0.0656590461730957
0.064849853515625
0.07166337966918945
0.06623673439025879
0.06603884696960449
0.07471513748168945
0.06552481651306152
0.06876444816589355
0.09070372581481934
0.06914401054382324
0.08018660545349121
0.07222104072570801
0.06608986854553223
0.06377601623535156
0.08041906356811523
0.06579017639160156
0.08028006553649902
0.06976795196533203
0.0649867057800293
0.06574678421020508
0.0717017650604248
0.0732431411743164
0.0762174129486084
0.0680689811706543
0.06344389915466309
0.08008217811584473
0.06702280044555664
0.07649064064025879
0.06695413589477539
0.0705714225769043
0.07503461837768555
0.06570076942443848
0.0659787654876709
0.06761622428894043
0.06787514686584473
0.06970453262329102
0.06591987609863281
0.06646084785461426
0.07296371459960938
0.07987570762634277
0.08039236068725586
0.06960511207580566
0.06570982933044434
0.06667113304138184
0.06557464599609375
0.06590938568115234
0.06603407859802246
0.0816657543182373
0.07067608833312988
0.06596636772155762
0.06584906578063965
0.06554579734802246
0.06558346748352051
0.0655663013458252
0.06547927856445312
0.06577277183532715
0.07177424430847168
0.08019542694091797
0.06513833999633789
0.06663966178894043
0.0643913745880127
0.07965683937072754
0.0654454231262207
0.06522512435913086
0.06583881378173828
0.07122516632080078
0.06507301330566406
0.06571054458618164
0.06948709487915039
0.06613874435424805
0.06712532043457031
0.0661015510559082
0.06561017036437988
0.06588363647460938
0.07129597663879395
0.06598329544067383
0.06568050384521484
0.06594991683959961
0.08037447929382324
0.0767667293548584
0.07651734352111816
0.07080268859863281
0.07897353172302246
0.0852048397064209
0.0663454532623291
0.06671476364135742
0.06541585922241211
0.08011150360107422
0.06932544708251953
0.06637787818908691
0.06487631797790527
0.08998489379882812
0.07212114334106445
0.08056473731994629
0.08061885833740234
0.06959724426269531
0.0654153823852539
0.06842851638793945
0.06540250778198242
0.06307625770568848
0.0784909725189209
0.07808637619018555
0.06601738929748535
0.0800011157989502
0.08043670654296875
0.0656731128692627
0.06528973579406738
0.06546187400817871
0.06399965286254883
0.06496024131774902
0.06921696662902832
0.06512331962585449
0.06512904167175293
0.06550383567810059
0.08052349090576172
0.07156658172607422
0.06513428688049316
0.06527304649353027
0.07726573944091797
0.07381939888000488
0.06978940963745117
0.06602811813354492
0.06887078285217285
0.06555342674255371
0.06477904319763184
0.06634902954101562
0.06456899642944336
0.065673828125
0.07101964950561523
0.06411242485046387
0.0798332691192627
0.06384420394897461
0.07945132255554199
0.0793311595916748
0.06837606430053711
0.06649947166442871
0.064697265625
0.0852971076965332
0.06755685806274414
0.06763386726379395
0.08002352714538574
0.08523225784301758
0.08004426956176758
0.06539130210876465
0.06792664527893066
0.06556296348571777
0.07142162322998047
0.08076882362365723
0.06565690040588379
0.06622529029846191
0.06554508209228516
0.06543445587158203
0.06561279296875
0.0656886100769043
0.06625533103942871
0.07181334495544434
0.08854198455810547
0.06534409523010254
0.06551504135131836
0.06572532653808594
0.06541800498962402
0.0660552978515625
0.07520747184753418
0.06709742546081543
0.07089424133300781
0.06567907333374023
0.06529426574707031
0.06522393226623535
0.06597781181335449
0.06582117080688477
0.0799567699432373
0.06671833992004395
0.06471514701843262
0.06952595710754395
0.0635981559753418
0.06507468223571777
0.06377720832824707
0.06663298606872559
0.06556367874145508
0.06514096260070801
0.0651254653930664
0.06495213508605957
0.07148575782775879
0.06643152236938477
0.06866002082824707
0.06493639945983887
0.07565546035766602
0.06870770454406738
0.06468057632446289
0.08887314796447754
0.07470250129699707
0.08042597770690918
0.07005572319030762
0.06531333923339844
0.06426382064819336
0.06572246551513672
0.07343697547912598
0.06307840347290039
0.06325721740722656
0.07950472831726074
0.06942343711853027
0.06359386444091797
0.06495308876037598
0.06483578681945801
0.06530952453613281
0.06546235084533691
0.06481409072875977
0.06479597091674805
0.06537318229675293
0.07033181190490723
0.06418609619140625
0.0664668083190918
0.06540060043334961
0.06326889991760254
0.06527161598205566
0.07861709594726562
0.06458163261413574
0.0749659538269043
0.07356667518615723
0.07282710075378418
0.0653374195098877
0.06564188003540039
0.07565927505493164
0.06750798225402832
0.06685924530029297
0.06595063209533691
0.06496310234069824
0.0707707405090332
0.06545400619506836
0.06480264663696289
0.07992959022521973
0.06511378288269043
0.06620025634765625
0.06610512733459473
0.06457304954528809
0.06250381469726562
0.06972455978393555
0.0650327205657959
0.06551408767700195
0.06266546249389648
0.0668647289276123
0.06571030616760254
0.06521987915039062
0.06533288955688477
0.06293869018554688
0.07040905952453613
0.06590938568115234
0.06548285484313965
0.0640268325805664
0.06454968452453613
0.0788118839263916
0.06307077407836914
0.0795888900756836
0.08726787567138672
0.0825963020324707
0.07102680206298828
0.06569766998291016
0.06385207176208496
0.0793604850769043
0.07931137084960938
0.06867241859436035
0.06293845176696777
0.06514739990234375
0.08176589012145996
0.0696570873260498
0.0656728744506836
0.08696794509887695
0.08035111427307129
0.06549668312072754
0.06508350372314453
0.06485676765441895
0.06532812118530273
0.07151365280151367
0.06560230255126953
0.08070206642150879
0.06581759452819824
0.06488251686096191
0.07543230056762695
0.06716060638427734
0.06482124328613281
0.0726625919342041
0.07402920722961426
0.06609439849853516
0.06573891639709473
0.06549239158630371
0.06569385528564453
0.06584787368774414
0.06464576721191406
0.06492376327514648
0.0651404857635498
0.07004141807556152
0.06562018394470215
0.0655832290649414
0.0653681755065918
0.06541800498962402
0.06470823287963867
0.06498861312866211
0.06393718719482422
0.06450629234313965
0.06913042068481445
0.08288073539733887
0.06790566444396973
0.06567215919494629
0.06466245651245117
0.07956552505493164
0.06815958023071289
0.0849006175994873
0.07883000373840332
0.06963920593261719
0.0633692741394043
0.0645294189453125
0.07971310615539551
0.06505537033081055
0.07867574691772461
0.06667971611022949
0.07988572120666504
0.06387138366699219
0.06879830360412598
0.06390905380249023
0.06522083282470703
0.06313753128051758
0.06514382362365723
0.0650486946105957
0.0648491382598877
0.06454849243164062
0.06485986709594727
0.08521080017089844
0.07008147239685059
0.06588411331176758
0.069122314453125
0.0798335075378418
0.06526327133178711
0.063140869140625
0.06465268135070801
0.06485629081726074
0.08471393585205078
0.06606531143188477
0.06520938873291016
0.06537890434265137
0.06571817398071289
0.07932543754577637
0.06875920295715332
0.06480813026428223
0.06456518173217773
0.07102847099304199
0.06583404541015625
0.06524467468261719
0.06537294387817383
0.06482362747192383
0.06478333473205566
0.06429600715637207
0.06448554992675781
0.07927346229553223
0.07103681564331055
0.06421375274658203
0.06763005256652832
0.06615376472473145
0.08058404922485352
0.06856727600097656
0.06479024887084961
0.06444573402404785
0.06494522094726562
0.0705251693725586
0.07841348648071289
0.06833958625793457
0.06688833236694336
0.08016800880432129
0.06582140922546387
0.0797121524810791
0.06508064270019531
0.06470060348510742
0.06928515434265137
0.06606101989746094
0.06567764282226562
0.06334948539733887
0.07965803146362305
0.06337833404541016
0.07441973686218262
0.08016085624694824
0.06533026695251465
0.07079410552978516
0.08790302276611328
0.06709432601928711
0.06545376777648926
0.06560397148132324
0.06545543670654297
0.08082914352416992
0.06762814521789551
0.06529569625854492
0.07088446617126465
0.06620478630065918
0.07448673248291016
0.06446456909179688
0.06877374649047852
0.0807650089263916
0.0691990852355957
0.06501555442810059
0.06526637077331543
0.07140779495239258
0.07600545883178711
0.06648850440979004
0.06482958793640137
0.07876992225646973
0.07942581176757812
0.07481646537780762
0.06459498405456543
0.06483960151672363
0.06895899772644043
0.06541275978088379
0.06339097023010254
0.06359434127807617
0.0792531967163086
0.06424355506896973
0.06507229804992676
0.062392234802246094
0.06518292427062988
0.07097387313842773
0.0653986930847168
0.0752878189086914
0.0632472038269043
0.08005928993225098
0.07446861267089844
0.07566642761230469
0.06673574447631836
0.06434178352355957
0.07053709030151367
0.07890605926513672
0.06547331809997559
0.06482625007629395
0.06467223167419434
0.0646505355834961
0.06448602676391602
0.0666658878326416
0.0755007266998291
0.08344697952270508
0.07856631278991699
0.08836007118225098
0.06566095352172852
0.07991361618041992
0.0652468204498291
0.06515097618103027
0.06452226638793945
0.07025671005249023
0.07129406929016113
0.06625509262084961
0.06488537788391113
0.0659024715423584
0.06487298011779785
0.06388592720031738
0.0629739761352539
0.06275773048400879
0.06268787384033203
0.07045269012451172
0.06367802619934082
0.0633242130279541
0.0636439323425293
0.06479096412658691
0.06273317337036133
0.06562161445617676
0.06318783760070801
0.0647125244140625
0.06926894187927246
0.0641930103302002
0.0631861686706543
0.07317018508911133
0.06546568870544434
0.07320523262023926
0.06298470497131348
0.06479215621948242
0.07888317108154297
0.07093405723571777
0.06569766998291016
0.0654606819152832
0.0652472972869873
0.0654757022857666
0.06513261795043945
0.06513261795043945
0.062392473220825195
0.06475687026977539
0.07103228569030762
0.0755770206451416
0.0657958984375
0.06518983840942383
0.06549477577209473
0.06394076347351074
0.06259751319885254
0.06281113624572754
0.06235980987548828
0.06919574737548828
0.06358838081359863
0.07444620132446289
0.06338357925415039
0.06313419342041016
0.0637047290802002
0.06299304962158203
0.06380486488342285
0.06505894660949707
0.07050657272338867
0.06546783447265625
0.06484246253967285
0.06435275077819824
0.06254434585571289
0.07445144653320312
0.06588482856750488
0.06243777275085449
0.07348275184631348
0.0732719898223877
0.0659341812133789
0.08072566986083984
0.0650937557220459
0.07373666763305664
0.07825112342834473
0.06479477882385254
0.06426095962524414
0.07851481437683105
0.08680343627929688
0.06903672218322754
0.06445765495300293
0.06430840492248535
0.0646202564239502
0.06409263610839844
0.07862663269042969
0.06456136703491211
0.06474542617797852
0.07059574127197266
0.06564140319824219
0.06885552406311035
0.07836055755615234
0.06467580795288086
0.06506013870239258
0.06381654739379883
0.0640108585357666
0.06443309783935547
0.0700533390045166
0.06561684608459473
0.06496429443359375
0.06494927406311035
0.07941436767578125
0.06525278091430664
0.07461667060852051
0.06719446182250977
0.06663990020751953
0.07085251808166504
0.06530189514160156
0.06473517417907715
0.06498885154724121
0.0791177749633789
0.08071279525756836
0.07491874694824219
0.08773493766784668
0.06531763076782227
0.07085299491882324
0.0658407211303711
0.07992339134216309
0.06546187400817871
0.07946038246154785
0.06676840782165527
0.06493997573852539
0.06487393379211426
0.06519317626953125
0.07167434692382812
0.06498146057128906
0.0651850700378418
0.0791473388671875
0.08014631271362305
0.06458401679992676
0.06500864028930664
0.06499147415161133
0.06477022171020508
0.0708768367767334
0.06544685363769531
0.06358671188354492
0.07911038398742676
0.06526923179626465
0.06346583366394043
0.07925581932067871
0.06514978408813477
0.06309843063354492
0.07659912109375
0.07977056503295898
0.06347179412841797
0.08002614974975586
0.06454896926879883
0.06428098678588867
0.06457972526550293
0.06928777694702148
0.06500840187072754
0.08157896995544434
0.06846189498901367
0.0665884017944336
0.06640839576721191
0.06512594223022461
0.06484556198120117
0.08051347732543945
0.06576991081237793
0.06505489349365234
0.0723116397857666
0.06570863723754883
0.06578183174133301
0.06535553932189941
0.07215070724487305
0.06496286392211914
0.06499195098876953
0.06499958038330078
0.07427215576171875
0.0715951919555664
0.07993030548095703
0.06662845611572266
0.06591057777404785
0.06516289710998535
0.06364607810974121
0.07505249977111816
0.06588339805603027
0.06482791900634766
0.06992793083190918
0.06471705436706543
0.06489682197570801
0.07149124145507812
0.06437063217163086
0.06428933143615723
0.06447291374206543
0.06441521644592285
0.06386089324951172
0.07030558586120605
0.070465087890625
0.08017992973327637
0.06580615043640137
0.06500911712646484
0.0643460750579834
0.06436753273010254
0.06449294090270996
0.06435227394104004
0.07175564765930176
0.0663156509399414
0.06567025184631348
0.06503629684448242
0.0756216049194336
0.07874298095703125
0.06469583511352539
0.06452274322509766
0.06577587127685547
0.07129836082458496
0.06634211540222168
0.06456637382507324
0.06423020362854004
0.07564663887023926
0.08883213996887207
0.08166241645812988
0.06501960754394531
0.06535792350769043
0.07808542251586914
0.08003091812133789
0.06967806816101074
0.07669472694396973
0.083587646484375
0.07102060317993164
0.06818985939025879
0.06535553932189941
0.07976412773132324
0.07119202613830566
0.06557536125183105
0.08012652397155762
0.08050131797790527
0.0653684139251709
0.06419062614440918
0.06527113914489746
0.06507110595703125
0.06468415260314941
0.07070612907409668
0.06548070907592773
0.07427167892456055
0.06780624389648438
0.06427359580993652
0.06254720687866211
0.06258797645568848
0.06276249885559082
0.06449222564697266
0.07065391540527344
0.06401419639587402
0.0715627670288086
0.06387972831726074
0.063018798828125
0.06338906288146973
0.0630035400390625
0.07929301261901855
0.06494975090026855
0.07188153266906738
0.06603264808654785
0.06558728218078613
0.06517624855041504
0.07578897476196289
0.08974194526672363
0.07833003997802734
0.07944655418395996
0.06632375717163086
0.07164669036865234
0.06383562088012695
0.06436371803283691
0.06526875495910645
0.07033514976501465
0.0666959285736084
0.06487464904785156
0.06492161750793457
0.07918858528137207
0.07271170616149902
0.06631898880004883
0.0655825138092041
0.0652923583984375
0.06530499458312988
0.06481409072875977
0.06478381156921387
0.06491255760192871
0.0652472972869873
0.06902456283569336
0.06308698654174805
0.07972025871276855
0.08168888092041016
0.0795745849609375
0.06983184814453125
0.06521773338317871
0.06466078758239746
0.07329440116882324
0.07301974296569824
0.0656118392944336
0.06364679336547852
0.06386947631835938
0.06592178344726562
0.0628499984741211
0.06335234642028809
0.06520867347717285
0.06837296485900879
0.0859992504119873
0.06604194641113281
0.06348705291748047
0.06340456008911133
0.06467366218566895
0.06510019302368164
0.0646204948425293
0.0669245719909668
0.0636603832244873
0.07179045677185059
0.06558704376220703
0.06582427024841309
0.0637209415435791
0.08005595207214355
0.08002376556396484
0.0794222354888916
0.06941604614257812
0.07939767837524414
0.07147479057312012
0.07518315315246582
0.0640554428100586
0.06579709053039551
0.06460142135620117
0.06424474716186523
0.06508922576904297
0.07534909248352051
0.06531333923339844
0.07366061210632324
0.08029437065124512
0.06479716300964355
0.06439042091369629
0.07939743995666504
0.06266236305236816
0.06246829032897949
0.06480121612548828
0.06220722198486328
0.06863951683044434
0.06354904174804688
0.06272196769714355
0.06289076805114746
0.06471681594848633
0.07537698745727539
0.06781411170959473
0.06430959701538086
0.0645747184753418
0.07021331787109375
0.06363701820373535
0.07976913452148438
0.0639333724975586
0.06260132789611816
0.06250762939453125
0.07516908645629883
0.06325030326843262
0.06497573852539062
0.0694112777709961
0.06430387496948242
0.06377673149108887
0.06429052352905273
0.0632162094116211
0.06298398971557617
0.06352043151855469
0.07365679740905762
0.06501102447509766
0.0716848373413086
0.06616616249084473
0.06566905975341797
0.07185125350952148
0.07132363319396973
0.06532764434814453
0.06528735160827637
0.07932353019714355
0.06565046310424805
0.08543658256530762
0.08156991004943848
0.0800635814666748
0.06547880172729492
0.070281982421875
0.06528568267822266
0.0653378963470459
0.0634920597076416
0.0719599723815918
0.07120776176452637
0.06509566307067871
0.06284260749816895
0.06514763832092285
0.06528902053833008
0.0646524429321289
0.06443405151367188
0.0649271011352539
0.07943487167358398
0.07106876373291016
0.0798943042755127
0.0789957046508789
0.07606983184814453
0.07045483589172363
0.07600784301757812
0.06991982460021973
0.06563329696655273
0.06507754325866699
0.07096123695373535
0.06578588485717773
0.06401181221008301
0.08052587509155273
0.0631868839263916
0.07550621032714844
0.06537508964538574
0.0652616024017334
0.06494879722595215
0.07142329216003418
0.06580829620361328
0.06565356254577637
0.0661313533782959
0.06517934799194336
0.0733482837677002
0.06473851203918457
0.06571292877197266
0.06508135795593262
0.0706024169921875
0.06520295143127441
0.07912325859069824
0.0696101188659668
0.06502342224121094
0.0652914047241211
0.07874631881713867
0.06495451927185059
0.06499218940734863
0.07129359245300293
0.06590843200683594
0.06540226936340332
0.07988929748535156
0.06714844703674316
0.07927322387695312
0.06464576721191406
0.06455779075622559
0.06505703926086426
0.07090592384338379
0.06523013114929199
0.06454968452453613
0.06454610824584961
0.06514120101928711
0.06456851959228516
0.06485867500305176
0.06465721130371094
0.0649261474609375
0.08525919914245605
0.06955361366271973
0.08120036125183105
0.08028650283813477
0.07876229286193848
0.06917905807495117
0.07875299453735352
0.06843280792236328
0.06420326232910156
0.07128000259399414
0.06609582901000977
0.06523609161376953
0.06545567512512207
0.06628870964050293
0.0647883415222168
0.0653221607208252
0.06430387496948242
0.06482839584350586
0.0706477165222168
0.06610703468322754
0.06330418586730957
0.0635230541229248
0.06309819221496582
0.06457114219665527
0.07914447784423828
0.06543135643005371
0.07916593551635742
0.07466435432434082
0.08002209663391113
0.0701742172241211
0.06565380096435547
0.06555986404418945
0.06527304649353027
0.07024145126342773
0.0640106201171875
0.06444048881530762
0.07061290740966797
0.06375980377197266
0.06365823745727539
0.08004975318908691
0.0650932788848877
0.06607794761657715
0.06457877159118652
0.0647897720336914
0.06482529640197754
0.07048964500427246
0.08048415184020996
0.06554293632507324
0.06476163864135742
0.07914376258850098
0.06980323791503906
0.06469154357910156
0.06474947929382324
0.07464361190795898
0.07267141342163086
0.06688451766967773
0.06473517417907715
0.0651557445526123
0.06499242782592773
0.06534314155578613
0.0786139965057373
0.08003830909729004
0.07630205154418945
0.07120609283447266
0.06546807289123535
0.06433486938476562
0.0792839527130127
0.0641169548034668
0.0646202564239502
0.06470322608947754
0.06482386589050293
0.07485270500183105
0.07255244255065918
0.07987093925476074
0.06493306159973145
0.07996964454650879
0.06490683555603027
0.07960844039916992
0.07162356376647949
0.07511162757873535
0.07069873809814453
0.07059955596923828
0.07978415489196777
0.07948803901672363
0.07134580612182617
0.06732797622680664
0.06400179862976074
0.0785057544708252
0.07867741584777832
0.06427407264709473
0.08526039123535156
0.06526422500610352
0.06493091583251953
0.06485891342163086
0.06490874290466309
0.06438374519348145
0.06427168846130371
0.07822823524475098
0.06406641006469727
0.07138586044311523
0.06444811820983887
0.07586932182312012
0.08000755310058594
0.06420135498046875
0.06435704231262207
0.06411552429199219
0.06451916694641113
0.0753488540649414
0.09121990203857422
0.06718707084655762
0.07594895362854004
0.0655364990234375
0.06538581848144531
0.07877135276794434
0.07901382446289062
0.06778526306152344
0.06502890586853027
0.06978440284729004
0.08088517189025879
0.06947588920593262
0.07970952987670898
0.0796205997467041
0.08348941802978516
0.08237314224243164
0.07075667381286621
0.06691122055053711
0.08520674705505371
0.06534457206726074
0.06432723999023438
0.06461095809936523
0.06503558158874512
0.06488609313964844
0.06547236442565918
0.07902836799621582
0.07957839965820312
0.07065486907958984
0.06571125984191895
0.0683450698852539
0.06484198570251465
0.07505178451538086
0.06557583808898926
0.06280779838562012
0.062467336654663086
0.06438040733337402
0.08530902862548828
0.0651407241821289
0.06403684616088867
0.0655202865600586
0.0647432804107666
0.06911087036132812
0.06516098976135254
0.06534171104431152
0.0650026798248291
0.07042765617370605
0.06573939323425293
0.0649867057800293
0.07163119316101074
0.06534147262573242
0.06348156929016113
0.0628194808959961
0.0634145736694336
0.06341385841369629
0.06906008720397949
0.06574845314025879
0.06513524055480957
0.06306147575378418
0.06515359878540039
0.06448173522949219
0.07282280921936035
0.08068060874938965
0.0646359920501709
0.07040023803710938
0.09065961837768555
0.06619906425476074
0.06499791145324707
0.06513357162475586
0.0652163028717041
0.06538105010986328
0.06308436393737793
0.06288838386535645
0.06850004196166992
0.06339216232299805
0.06507992744445801
0.06533145904541016
0.07324957847595215
0.0651247501373291
0.07899355888366699
0.06293058395385742
0.06280136108398438
0.0709829330444336
0.06377363204956055
0.06570100784301758
0.06300497055053711
0.0645744800567627
0.0650484561920166
0.06537938117980957
0.0653829574584961
0.0659945011138916
0.0716862678527832
0.06560730934143066
0.06531119346618652
0.06554412841796875
0.06510066986083984
0.06497907638549805
0.06512022018432617
0.0644831657409668
0.06550073623657227
0.07103562355041504
0.06583166122436523
0.06556558609008789
0.07952713966369629
0.06528210639953613
0.06888628005981445
0.0650949478149414
0.06401705741882324
0.06445860862731934
0.07092499732971191
0.06572699546813965
0.06504487991333008
0.06588196754455566
0.06508874893188477
0.07522988319396973
0.06914901733398438
0.06674075126647949
0.06559896469116211
0.07189512252807617
0.0654306411743164
0.0653390884399414
0.07945489883422852
0.06490230560302734
0.0643916130065918
0.0647895336151123
0.06489086151123047
0.06496953964233398
0.07081818580627441
0.06593656539916992
0.06600260734558105
0.06508302688598633
0.06506538391113281
0.06606173515319824
0.06509637832641602
0.07881307601928711
0.06598067283630371
0.08293652534484863
0.06934237480163574
0.07026433944702148
0.06561398506164551
0.0650019645690918
0.06854820251464844
0.06469225883483887
0.0749211311340332
0.07021903991699219
0.07150697708129883
0.06732869148254395
0.0659797191619873
0.06635689735412598
0.06625843048095703
0.06822514533996582
0.06544160842895508
0.06560587882995605
0.06297445297241211
0.07180666923522949
0.0762171745300293
0.0666501522064209
0.06314873695373535
0.06279301643371582
0.06290936470031738
0.06264519691467285
0.06290602684020996
0.062326908111572266
0.06858158111572266
0.07967233657836914
0.0770254135131836
0.0761423110961914
0.06727242469787598
0.07521367073059082
0.06454229354858398
0.06458187103271484
0.06477141380310059
0.06984806060791016
0.06570124626159668
0.06522727012634277
0.07729864120483398
0.06533551216125488
0.06473875045776367
0.06509947776794434
0.0647897720336914
0.06559634208679199
0.08157563209533691
0.06539082527160645
0.0649881362915039
0.06483817100524902
0.06576132774353027
0.06473946571350098
0.06550288200378418
0.07901549339294434
0.06856036186218262
0.07133221626281738
0.06590032577514648
0.0797722339630127
0.07604026794433594
0.06688261032104492
0.06468439102172852
0.06597089767456055
0.06459498405456543
0.06452417373657227
0.0864255428314209
0.06631946563720703
0.07381987571716309
0.07317638397216797
0.06365847587585449
0.06540846824645996
0.0646510124206543
0.0788416862487793
0.06438755989074707
0.07082939147949219
0.06641244888305664
0.06566190719604492
0.06583070755004883
0.06532621383666992
0.08687472343444824
0.06443214416503906
0.06381034851074219
0.06439423561096191
0.0695347785949707
0.08152151107788086
0.06494998931884766
0.08961343765258789
0.06539440155029297
0.06530308723449707
0.0653233528137207
0.06567692756652832
0.06461262702941895
0.07059121131896973
0.06871843338012695
0.06397008895874023
0.07951116561889648
0.06932854652404785
0.07233500480651855
0.06238436698913574
0.06479811668395996
0.0651395320892334
0.06981396675109863
0.06541609764099121
0.06890010833740234
0.06827259063720703
0.06451916694641113
0.06457233428955078
0.07839226722717285
0.06400060653686523
0.07911396026611328
0.06997513771057129
0.06452250480651855
0.06610894203186035
0.06600189208984375
0.06588530540466309
0.07944917678833008
0.06581568717956543
0.06483769416809082
0.06455445289611816
0.07039999961853027
0.06637835502624512
0.06503558158874512
0.06492972373962402
0.06560492515563965
0.06500744819641113
0.07381677627563477
0.07506179809570312
0.06528496742248535
0.07069087028503418
0.06584739685058594
0.06578564643859863
0.06584787368774414
0.0749962329864502
0.06531739234924316
0.06430721282958984
0.06433510780334473
0.07806801795959473
0.07066154479980469
0.0658416748046875
0.0654752254486084
0.0651388168334961
0.06475210189819336
0.0651845932006836
0.06428813934326172
0.0646820068359375
0.0648033618927002
0.08506584167480469
0.07392120361328125
0.06444907188415527
0.06381845474243164
0.0751500129699707
0.0669853687286377
0.0642557144165039
0.06932640075683594
0.06457662582397461
0.07671427726745605
0.06569147109985352
0.06520986557006836
0.06535625457763672
0.06517529487609863
0.06508517265319824
0.08940005302429199
0.06403541564941406
0.07863688468933105
0.08510828018188477
0.06577491760253906
0.06459450721740723
0.07910823822021484
0.06444478034973145
0.06601858139038086
0.06468915939331055
0.07934141159057617
0.06473183631896973
0.0710592269897461
0.06498599052429199
0.06397604942321777
0.06417417526245117
0.06408286094665527
0.06403732299804688
0.06400346755981445
0.07845664024353027
0.06438279151916504
0.07001781463623047
0.0651402473449707
0.06881093978881836
0.07555651664733887
0.07572507858276367
0.07636141777038574
0.0666344165802002
0.06427693367004395
0.06780600547790527
0.08602523803710938
0.0801246166229248
0.07990860939025879
0.06755709648132324
0.06419181823730469
0.062264442443847656
0.06458330154418945
0.07863450050354004
0.06426262855529785
0.0733790397644043
0.06473660469055176
0.0647284984588623
0.06556010246276855
0.0645742416381836
0.06527161598205566
0.06585288047790527
0.07915878295898438
0.06856036186218262
0.07059073448181152
0.06572151184082031
0.06576228141784668
0.07890605926513672
0.06515765190124512
0.07989072799682617
0.0795600414276123
0.06647801399230957
0.06447720527648926
0.07130908966064453
0.06650543212890625
0.06476449966430664
0.0794820785522461
0.06546425819396973
0.06513428688049316
0.0646054744720459
0.06446504592895508
0.06505417823791504
0.07071089744567871
0.06522035598754883
0.06360745429992676
0.07972335815429688
0.06939148902893066
0.06299757957458496
0.06474041938781738
0.06539440155029297
0.06513857841491699
0.06969666481018066
0.06519031524658203
0.06341361999511719
0.06866455078125
0.0632779598236084
0.06516218185424805
0.06539750099182129
0.06288480758666992
0.06481432914733887
0.06826305389404297
0.06399822235107422
0.07962441444396973
0.06517815589904785
0.0624544620513916
0.06263041496276855
0.06295251846313477
0.06278419494628906
0.07941961288452148
0.0721583366394043
0.08067941665649414
0.07054972648620605
0.06461215019226074
0.06466507911682129
0.06273984909057617
0.0786125659942627
0.06587004661560059
0.0651552677154541
0.07012486457824707
0.0654442310333252
0.06502366065979004
0.06507277488708496
0.06492090225219727
0.07910680770874023
0.0648500919342041
0.06422638893127441
0.0651400089263916
0.08529472351074219
0.06395101547241211
0.07926821708679199
0.06296634674072266
0.06292223930358887
0.0626230239868164
0.06572484970092773
0.06416916847229004
0.07401609420776367
0.07169866561889648
0.07487082481384277
0.06644105911254883
0.06877493858337402
0.06510043144226074
0.06451201438903809
0.06359720230102539
0.06253314018249512
0.06279444694519043
0.06905937194824219
0.06395697593688965
0.06402969360351562
0.06358933448791504
0.06294608116149902
0.06302690505981445
0.07895803451538086
0.07224488258361816
0.06405234336853027
0.06997871398925781
0.06509876251220703
0.06591629981994629
0.06552457809448242
0.06486701965332031
0.06496071815490723
0.06480193138122559
0.0736989974975586
0.07426834106445312
0.07038092613220215
0.06522750854492188
0.06305122375488281
0.06291770935058594
0.06505727767944336
0.07932281494140625
0.06304311752319336
0.0787513256072998
0.08070874214172363
0.07111072540283203
0.06604456901550293
0.06541943550109863
0.06548309326171875
0.06489300727844238
0.06458234786987305
0.0655674934387207
0.07968926429748535
0.0651094913482666
0.0707082748413086
0.08028554916381836
0.07036685943603516
0.06445741653442383
0.06488680839538574
0.0644521713256836
0.06397843360900879
0.07128572463989258
0.06431436538696289
0.06860899925231934
0.0639793872833252
0.0652763843536377
0.06476020812988281
0.06579971313476562
0.06581687927246094
0.06298494338989258
0.06761336326599121
0.06543111801147461
0.06839466094970703
0.0661153793334961
0.07563090324401855
0.07561540603637695
0.06928062438964844
0.06429886817932129
0.06473016738891602
0.06436038017272949
0.07300186157226562
0.07260727882385254
0.07019782066345215
0.06391263008117676
0.07920527458190918
0.062391042709350586
0.06475687026977539
0.06250214576721191
0.06418347358703613
0.06483817100524902
0.07005786895751953
0.0798342227935791
0.06467270851135254
0.07933759689331055
0.06880426406860352
0.06264257431030273
0.0649421215057373
0.06398224830627441
0.06444573402404785
0.0697484016418457
0.06546258926391602
0.06498074531555176
0.06499242782592773
0.07002425193786621
0.06375908851623535
0.06397175788879395
0.0649576187133789
0.06393313407897949
0.07073211669921875
0.06529831886291504
0.06532549858093262
0.06558752059936523
0.06257200241088867
0.07196664810180664
0.0626676082611084
0.06236553192138672
0.07858395576477051
0.06811404228210449
0.07668066024780273
0.06326508522033691
0.06526064872741699
0.06585192680358887
0.06229400634765625
0.06511259078979492
0.0625143051147461
0.0782623291015625
0.07879304885864258
0.07981562614440918
0.07947063446044922
0.0645761489868164
0.07534646987915039
0.0739293098449707
0.06493854522705078
0.06431221961975098
0.0652618408203125
0.07146453857421875
0.06591176986694336
0.07640504837036133
0.06551289558410645
0.06510567665100098
0.07924962043762207
0.08014893531799316
0.06858706474304199
0.06722521781921387
0.07047367095947266
0.06500530242919922
0.06498312950134277
0.07890129089355469
0.07488059997558594
0.07217931747436523
0.06726264953613281
0.06435871124267578
0.06456112861633301
0.07038187980651855
0.06651830673217773
0.06576204299926758
0.06570935249328613
0.06473708152770996
0.07887911796569824
0.0792851448059082
0.06976795196533203
0.07894253730773926
0.0710301399230957
0.07586216926574707
0.06517148017883301
0.06460428237915039
0.06441473960876465
0.06435012817382812
0.06395912170410156
0.06465530395507812
0.06472563743591309
0.07087898254394531
0.06613588333129883
0.06547737121582031
0.06432914733886719
0.07895898818969727
0.07991170883178711
0.06981492042541504
0.07887840270996094
0.06826567649841309
0.0848696231842041
0.06795096397399902
0.06527924537658691
0.06542587280273438
0.07506012916564941
0.08014297485351562
0.06172537803649902
0.06207418441772461
0.07234954833984375
0.07090902328491211
0.06461048126220703
0.06255173683166504
0.06277751922607422
0.062369585037231445
0.06470632553100586
0.064453125
0.0622258186340332
0.06245303153991699
0.0706031322479248
0.07948756217956543
0.08043956756591797
0.06498050689697266
0.07899808883666992
0.06463456153869629
0.06423163414001465
0.06409573554992676
0.0787665843963623
0.07191038131713867
0.0648198127746582
0.06471633911132812
0.07940316200256348
0.06448817253112793
0.0653371810913086
0.06395363807678223
0.06806159019470215
0.06458616256713867
0.07065463066101074
0.0652470588684082
0.06519055366516113
0.07904601097106934
0.06471824645996094
0.07958626747131348
0.0670173168182373
0.06424307823181152
0.07860517501831055
0.07015037536621094
0.06579732894897461
0.06512904167175293
0.07971572875976562
0.08458423614501953
0.08780646324157715
0.07952570915222168
0.06540417671203613
0.0789785385131836
0.07126927375793457
0.06528973579406738
0.06557941436767578
0.06520247459411621
0.0648806095123291
0.06481099128723145
0.06489205360412598
0.07867932319641113
0.07978630065917969
0.07152104377746582
0.06566047668457031
0.07967591285705566
0.06505322456359863
0.06568360328674316
0.078857421875
0.06533241271972656
0.0646212100982666
0.06471109390258789
0.0710909366607666
0.06583213806152344
0.06511354446411133
0.0651092529296875
0.07972955703735352
0.06712460517883301
0.06504583358764648
0.07944393157958984
0.07121515274047852
0.07827281951904297
0.06554555892944336
0.06560158729553223
0.07971882820129395
0.06538152694702148
0.06513333320617676
0.07923126220703125
0.08050918579101562
0.06904006004333496
0.06985163688659668
0.06560516357421875
0.06522154808044434
0.06628298759460449
0.0648796558380127
0.0659189224243164
0.0710597038269043
0.06787681579589844
0.06447315216064453
0.0706787109375
0.08004903793334961
0.06579422950744629
0.06520938873291016
0.06514525413513184
0.07536125183105469
0.06896853446960449
0.07925152778625488
0.07479524612426758
0.07085752487182617
0.06531119346618652
0.0652000904083252
0.06547093391418457
0.06396007537841797
0.06468534469604492
0.0646660327911377
0.06386303901672363
0.07520866394042969
0.0850522518157959
0.06536555290222168
0.06494355201721191
0.07906007766723633
0.06539320945739746
0.0656595230102539
0.07915091514587402
0.06945037841796875
0.07821846008300781
0.0704813003540039
0.08020424842834473
0.06528902053833008
0.06515765190124512
0.06458806991577148
0.0787196159362793
0.06560873985290527
0.06460356712341309
0.0657358169555664
0.070556640625
0.08035898208618164
0.06615161895751953
0.07466983795166016
0.07814741134643555
0.06467962265014648
0.08038854598999023
0.06471610069274902
0.06455564498901367
0.07008194923400879
0.06485772132873535
0.06484055519104004
0.06474471092224121
0.06528425216674805
0.06463360786437988
0.0651397705078125
0.06466174125671387
0.07678484916687012
0.07040095329284668
0.0647282600402832
0.06505846977233887
0.06761622428894043
0.07866835594177246
0.0793159008026123
0.0659174919128418
0.06782341003417969
0.07852864265441895
0.07026362419128418
0.06584572792053223
0.06470108032226562
0.06430578231811523
0.06472921371459961
0.06470561027526855
0.06433939933776855
0.06690740585327148
0.0788724422454834
0.0702810287475586
0.0652008056640625
0.06498956680297852
0.0642092227935791
0.06466126441955566
0.0785677433013916
0.07916998863220215
0.06524658203125
0.06476926803588867
0.07094740867614746
0.06516885757446289
0.06512951850891113
0.06506919860839844
0.06495332717895508
0.06526422500610352
0.06436300277709961
0.06394267082214355
0.07828640937805176
0.07127547264099121
0.08403754234313965
0.06777167320251465
0.06484079360961914
0.0644676685333252
0.0644981861114502
0.08133459091186523
0.06416559219360352
0.06426239013671875
0.07054495811462402
0.06492877006530762
0.06522393226623535
0.06458020210266113
0.07578396797180176
0.07518553733825684
0.06246447563171387
0.06528949737548828
0.06370306015014648
0.06898236274719238
0.07976746559143066
0.06591272354125977
0.06545591354370117
0.07888650894165039
0.06715607643127441
0.06295657157897949
0.06289291381835938
0.06250309944152832
0.0700533390045166
0.0637810230255127
0.06316876411437988
0.0631721019744873
0.0627741813659668
0.06244945526123047
0.06501889228820801
0.07410240173339844
0.06472587585449219
0.08560657501220703
0.06550025939941406
0.07922697067260742
0.07934045791625977
0.06463837623596191
0.0644083023071289
0.0650644302368164
0.0651865005493164
0.06444621086120605
0.07015681266784668
0.06493377685546875
0.06422805786132812
0.06491470336914062
0.07862567901611328
0.07592201232910156
0.08421945571899414
0.07203173637390137
0.08376312255859375
0.08855342864990234
0.06962847709655762
0.06539368629455566
0.0799250602722168
0.0822610855102539
0.07290101051330566
0.06448984146118164
0.06611251831054688
0.06481027603149414
0.0705573558807373
0.06570839881896973
0.0647435188293457
0.06489324569702148
0.06471562385559082
0.07902240753173828
0.07954907417297363
0.06897568702697754
0.06409835815429688
0.07111954689025879
0.06528091430664062
0.07952618598937988
0.06508827209472656
0.07897520065307617
0.06532430648803711
0.06491303443908691
0.06412577629089355
0.06394338607788086
0.07018351554870605
0.06428790092468262
0.06532931327819824
0.06532096862792969
0.06336140632629395
0.06494545936584473
0.07892370223999023
0.06609678268432617
0.06412363052368164
0.0703732967376709
0.06582021713256836
0.06567025184631348
0.0653688907623291
0.06609249114990234
0.06506586074829102
0.06552958488464355
0.06490874290466309
0.07547926902770996
0.07095837593078613
0.06712961196899414
0.07496285438537598
0.07451891899108887
0.06610488891601562
0.06620550155639648
0.06576299667358398
0.0661773681640625
0.0644075870513916
0.0704660415649414
0.08006405830383301
0.07961034774780273
0.07673358917236328
0.06632232666015625
0.06476783752441406
0.0641183853149414
0.06398129463195801
0.07446956634521484
0.07800102233886719
0.0812382698059082
0.07891702651977539
0.06431174278259277
0.06447458267211914
0.06362295150756836
0.06390666961669922
0.06419944763183594
0.0640878677368164
0.08479094505310059
0.06565237045288086
0.0652625560760498
0.06151747703552246
0.06395268440246582
0.06368732452392578
0.06177520751953125
0.06367135047912598
0.07166314125061035
0.07875418663024902
0.06306767463684082
0.07092022895812988
0.06410980224609375
0.06457233428955078
0.07887935638427734
0.06477475166320801
0.06380367279052734
0.06273221969604492
0.07038593292236328
0.07387256622314453
0.07541513442993164
0.06295967102050781
0.06533479690551758
0.06422305107116699
0.07282733917236328
0.07441949844360352
0.06480264663696289
0.06807589530944824
0.06538200378417969
0.06320333480834961
0.07006072998046875
0.06507539749145508
0.06472277641296387
0.07913875579833984
0.07487607002258301
0.06966090202331543
0.07148003578186035
0.06499361991882324
0.06458497047424316
0.06471967697143555
0.06432938575744629
0.06458926200866699
0.061884403228759766
0.06417393684387207
0.07894277572631836
0.0699458122253418
0.06473517417907715
0.06456375122070312
0.0642390251159668
0.06436443328857422
0.062408447265625
0.06453704833984375
0.06827425956726074
0.0635533332824707
0.084625244140625
0.06739306449890137
0.0791018009185791
0.06465339660644531
0.07952737808227539
0.0647573471069336
0.07882046699523926
0.07907295227050781
0.0625753402709961
0.07019686698913574
0.06556224822998047
0.06489753723144531
0.06474852561950684
0.06446433067321777
0.06443381309509277
0.07900476455688477
0.06251215934753418
0.06305623054504395
0.07015085220336914
0.06568551063537598
0.06504297256469727
0.08668398857116699
0.0637962818145752
0.0631718635559082
0.06439089775085449
0.06248903274536133
0.06492972373962402
0.07080268859863281
0.0655832290649414
0.0651545524597168
0.0650334358215332
0.06465005874633789
0.0639810562133789
0.06466102600097656
0.06521129608154297
0.06434464454650879
0.06799936294555664
0.0760955810546875
0.08016467094421387
0.06966733932495117
0.07932186126708984
0.07968950271606445
0.07073736190795898
0.06504392623901367
0.06456732749938965
0.07054972648620605
0.06494569778442383
0.07901740074157715
0.06526613235473633
0.06481075286865234
0.0790247917175293
0.0648047924041748
0.06499361991882324
0.06415653228759766
0.06989669799804688
0.7804849147796631
0.0715339183807373
0.07038521766662598
0.07051491737365723
0.07300138473510742
0.08556985855102539
0.07084202766418457
0.07169032096862793
0.07733345031738281
0.07179546356201172
0.07095003128051758
0.072845458984375
0.07218599319458008
0.07098054885864258
0.07296133041381836
0.07256197929382324
0.07164621353149414
0.07884812355041504
0.07212448120117188
0.0855417251586914
0.0877077579498291
0.07239198684692383
0.08543610572814941
0.07163214683532715
0.08609509468078613
0.07163858413696289
0.07840633392333984
0.08571052551269531
0.07126712799072266
0.07149887084960938
0.07130002975463867
0.07225799560546875
0.07118511199951172
0.08502864837646484
0.09602522850036621
0.0805354118347168
0.07440447807312012
0.07204413414001465
0.07109498977661133
0.07159876823425293
0.08164262771606445
0.07721257209777832
0.07350873947143555
0.07184076309204102
0.07921719551086426
0.07149219512939453
0.07062363624572754
0.07019591331481934
0.0701134204864502
0.0711984634399414
0.07086324691772461
0.06912374496459961
0.07644033432006836
0.07829022407531738
0.0858912467956543
0.08572196960449219
0.0715188980102539
0.06974196434020996
0.06993675231933594
0.07256841659545898
0.07175707817077637
0.084930419921875
0.07964229583740234
0.06982302665710449
0.08534121513366699
0.07106208801269531
0.07107996940612793
0.07153129577636719
0.08685469627380371
0.07993316650390625
0.06967043876647949
0.0773015022277832
0.0712127685546875
0.07170581817626953
0.07108378410339355
0.07117557525634766
0.08217835426330566
0.0713815689086914
0.07119321823120117
0.07091069221496582
0.08922314643859863
0.07057762145996094
0.08603191375732422
0.0808722972869873
0.07446479797363281
0.07171058654785156
0.07176876068115234
0.06975412368774414
0.07092595100402832
0.0787205696105957
0.07911872863769531
0.07035422325134277
0.07102489471435547
0.07147550582885742
0.07068729400634766
0.07051444053649902
0.07188963890075684
0.08639121055603027
0.07922720909118652
0.07054758071899414
0.09593844413757324
0.08684635162353516
0.0805826187133789
0.07152414321899414
0.07173919677734375
0.07112908363342285
0.07204461097717285
0.07837486267089844
0.0720682144165039
0.08889555931091309
0.07327032089233398
0.08738923072814941
0.08785295486450195
0.07323694229125977
0.07228803634643555
0.0722966194152832
0.07686805725097656
0.07236289978027344
0.07275152206420898
0.07317185401916504
0.08043479919433594
0.0724639892578125
0.07274270057678223
0.07149457931518555
0.07152819633483887
0.07923126220703125
0.07170915603637695
0.07200813293457031
0.07294321060180664
0.08155345916748047
0.0879063606262207
0.07300043106079102
0.07324385643005371
0.07317399978637695
0.07926225662231445
0.0874183177947998
0.08763003349304199
0.07636427879333496
0.07301092147827148
0.06993222236633301
0.0723423957824707
0.07316350936889648
0.07222342491149902
0.07859230041503906
0.07256436347961426
0.07275748252868652
0.0871129035949707
0.09653353691101074
0.0774698257446289
0.07213830947875977
0.07198047637939453
0.0857698917388916
0.09405207633972168
0.07196331024169922
0.07172274589538574
0.07166552543640137
0.07562112808227539
0.07175278663635254
0.07105875015258789
0.07109546661376953
0.07169198989868164
0.07846832275390625
0.08270478248596191
0.07181930541992188
0.07229804992675781
0.07910966873168945
0.08651852607727051
0.07189011573791504
0.07156181335449219
0.08576107025146484
0.08025836944580078
0.08580231666564941
0.0721120834350586
0.07057499885559082
0.07108330726623535
0.0871744155883789
0.07232952117919922
0.07488250732421875
0.0809783935546875
0.07723784446716309
0.06986689567565918
0.0714111328125
0.07216310501098633
0.07173943519592285
0.07130122184753418
0.07113194465637207
0.07102751731872559
0.0707707405090332
0.07723021507263184
0.07041573524475098
0.08548617362976074
0.07306075096130371
0.06975173950195312
0.07030916213989258
0.07992744445800781
0.0728294849395752
0.06829261779785156
0.08455467224121094
0.06874585151672363
0.06850981712341309
0.07051682472229004
0.07121062278747559
0.07090091705322266
0.06935405731201172
0.08481073379516602
0.09405398368835449
0.07641148567199707
0.068817138671875
0.07095861434936523
0.0690603256225586
0.07055091857910156
0.0782022476196289
0.08548831939697266
0.07279276847839355
0.06709647178649902
0.0740354061126709
0.07030081748962402
0.06956052780151367
0.06904244422912598
0.06911659240722656
0.06848716735839844
0.07700061798095703
0.0912926197052002
0.07407522201538086
0.07448768615722656
0.0734109878540039
0.06859922409057617
0.08266067504882812
0.06802034378051758
0.08365297317504883
0.0670928955078125
0.06650948524475098
0.06542062759399414
0.07313227653503418
0.06987309455871582
0.0675058364868164
0.08172869682312012
0.06679439544677734
0.080322265625
0.06851387023925781
0.06730961799621582
0.09011173248291016
0.0847475528717041
0.06621456146240234
0.06442618370056152
0.06385135650634766
0.0656287670135498
0.06851029396057129
0.06721782684326172
0.06539392471313477
0.06323385238647461
0.07303857803344727
0.06524920463562012
0.06412410736083984
0.06386637687683105
0.06556344032287598
0.06625509262084961
0.06484222412109375
0.0652768611907959
0.0648953914642334
0.07044410705566406
0.0638284683227539
0.0796043872833252
0.08464312553405762
0.0776064395904541
0.06708002090454102
0.0659022331237793
0.06517744064331055
0.06514668464660645
0.08685731887817383
0.06685924530029297
0.06867361068725586
0.06602668762207031
0.06285309791564941
0.06535744667053223
0.06467080116271973
0.06296253204345703
0.0640566349029541
0.07057380676269531
0.0798642635345459
0.06426668167114258
0.07998323440551758
0.0674753189086914
0.0747983455657959
0.06497597694396973
0.06288886070251465
0.0661771297454834
0.07007241249084473
0.06650161743164062
0.0630042552947998
0.07968020439147949
0.0652475357055664
0.06459665298461914
0.06394791603088379
0.06777501106262207
0.06267571449279785
0.08518266677856445
0.06605672836303711
0.0654745101928711
0.06504297256469727
0.06527972221374512
0.06580710411071777
0.07332348823547363
0.06454920768737793
0.06423664093017578
0.07070302963256836
0.06523442268371582
0.06453132629394531
0.06471538543701172
0.06464552879333496
0.06458520889282227
0.06452655792236328
0.06472158432006836
0.06460905075073242
0.0709376335144043
0.06568598747253418
0.07424283027648926
0.07973527908325195
0.06579709053039551
0.07974553108215332
0.06985807418823242
0.06400847434997559
0.06406331062316895
0.07067251205444336
0.06475210189819336
0.06571459770202637
0.07943415641784668
0.06523680686950684
0.0678408145904541
0.06695723533630371
0.06509709358215332
0.0647132396697998
0.0705718994140625
0.06412363052368164
0.06331253051757812
0.06356644630432129
0.06335806846618652
0.06308126449584961
0.06324505805969238
0.06272554397583008
0.07860398292541504
0.07138872146606445
0.0736079216003418
0.0670623779296875
0.06604456901550293
0.06510519981384277
0.06475496292114258
0.06304073333740234
0.07502365112304688
0.06987524032592773
0.07105278968811035
0.08046531677246094
0.0674889087677002
0.0800173282623291
0.0656578540802002
0.06520748138427734
0.06515717506408691
0.0647742748260498
0.07958579063415527
0.07059001922607422
0.06497693061828613
0.06497740745544434
0.06920766830444336
0.06425952911376953
0.06369829177856445
0.07910871505737305
0.06488275527954102
0.06460833549499512
0.07160043716430664
0.0662229061126709
0.06515645980834961
0.06394529342651367
0.07449817657470703
0.07001209259033203
0.06311964988708496
0.06440377235412598
0.06419920921325684
0.07114839553833008
0.06508779525756836
0.06540226936340332
0.06507730484008789
0.06509566307067871
0.07971692085266113
0.08003664016723633
0.07951807975769043
0.06499552726745605
0.08626556396484375
0.08070659637451172
0.08397126197814941
0.07330536842346191
0.06497406959533691
0.07951807975769043
0.06518077850341797
0.06537246704101562
0.06471514701843262
0.08604288101196289
0.06688880920410156
0.06566452980041504
0.08007264137268066
0.07982611656188965
0.07587361335754395
0.07928228378295898
0.06531405448913574
0.06452322006225586
0.07115697860717773
0.06587052345275879
0.08783674240112305
0.07588577270507812
0.07710504531860352
0.09093570709228516
0.09607481956481934
0.0940401554107666
0.08034896850585938
0.08806872367858887
0.0803077220916748
0.07392239570617676
0.06572294235229492
0.0641469955444336
0.07891654968261719
0.07536864280700684
0.06803131103515625
0.06694602966308594
0.07857418060302734
0.06565713882446289
0.06552362442016602
0.0904231071472168
0.06533360481262207
0.06716585159301758
0.07974743843078613
0.0794515609741211
0.07062101364135742
0.07061266899108887
0.06578826904296875
0.06537699699401855
0.06459236145019531
0.06468629837036133
0.06458044052124023
0.0841670036315918
0.06538915634155273
0.06432318687438965
0.07110881805419922
0.06499314308166504
0.06517863273620605
0.06505417823791504
0.06535696983337402
0.06450581550598145
0.07917952537536621
0.07550811767578125
0.07082700729370117
0.07577705383300781
0.06557655334472656
0.06531429290771484
0.06869769096374512
0.06493067741394043
0.06473469734191895
0.06512093544006348
0.0642242431640625
0.06424570083618164
0.08568477630615234
0.06583070755004883
0.06535220146179199
0.07909965515136719
0.07979035377502441
0.07983088493347168
0.06583023071289062
0.07123112678527832
0.06493759155273438
0.07087254524230957
0.06615114212036133
0.0665731430053711
0.06591558456420898
0.06452679634094238
0.06511688232421875
0.07996511459350586
0.06528043746948242
0.06456661224365234
0.07653927803039551
0.07595205307006836
0.06623220443725586
0.06601715087890625
0.07927680015563965
0.07934379577636719
0.06508088111877441
0.07624673843383789
0.08200573921203613
0.07389187812805176
0.08054327964782715
0.06580948829650879
0.06288862228393555
0.06229281425476074
0.06512236595153809
0.0626978874206543
0.0629873275756836
0.06493711471557617
0.07055425643920898
0.06599259376525879
0.0653691291809082
0.0653069019317627
0.06479191780090332
0.0791473388671875
0.06494879722595215
0.06439900398254395
0.06463503837585449
0.08595418930053711
0.07741546630859375
0.06636524200439453
0.08006691932678223
0.0796048641204834
0.08322930335998535
0.07970833778381348
0.06334400177001953
0.0686333179473877
0.07136726379394531
0.07375073432922363
0.06854653358459473
0.06604337692260742
0.06501245498657227
0.0652310848236084
0.06434845924377441
0.06412291526794434
0.07874035835266113
0.07876324653625488
0.06544375419616699
0.06570696830749512
0.0653681755065918
0.06493735313415527
0.0785667896270752
0.0754702091217041
0.06415033340454102
0.0644674301147461
0.07100510597229004
0.06627368927001953
0.06556534767150879
0.07596230506896973
0.07812762260437012
0.06499910354614258
0.06531143188476562
0.06275725364685059
0.06492900848388672
0.07127046585083008
0.0661623477935791
0.0797429084777832
0.08356451988220215
0.07984399795532227
0.06679987907409668
0.06479549407958984
0.06531691551208496
0.0647284984588623
0.07114744186401367
0.06586813926696777
0.06576895713806152
0.06506872177124023
0.0644068717956543
0.0671548843383789
0.06423163414001465
0.06324505805969238
0.064544677734375
0.0710606575012207
0.06603741645812988
0.09023308753967285
0.0657491683959961
0.06457138061523438
0.07968401908874512
0.08046746253967285
0.06430864334106445
0.06470704078674316
0.08565688133239746
0.06632590293884277
0.06499385833740234
0.0653085708618164
0.06498885154724121
0.06481075286865234
0.06507515907287598
0.06519460678100586
0.06457638740539551
0.07947134971618652
0.08034110069274902
0.08000397682189941
0.06848549842834473
0.06632542610168457
0.06476712226867676
0.06490659713745117
0.06510281562805176
0.06450819969177246
0.08192992210388184
0.06789350509643555
0.06853437423706055
0.06689119338989258
0.06517505645751953
0.07999134063720703
0.06461167335510254
0.07900691032409668
0.06485533714294434
0.07075095176696777
0.06578683853149414
0.07911467552185059
0.06483054161071777
0.06452488899230957
0.07846903800964355
0.07929372787475586
0.06720352172851562
0.0643618106842041
0.07030320167541504
0.0686798095703125
0.06554293632507324
0.06504273414611816
0.06470084190368652
0.06434249877929688
0.0645134449005127
0.07181262969970703
0.06408119201660156
0.0849614143371582
0.06634235382080078
0.06504273414611816
0.07546234130859375
0.07884955406188965
0.06549191474914551
0.07342219352722168
0.06409072875976562
0.06438040733337402
0.07004761695861816
0.06569814682006836
0.07977938652038574
0.07959270477294922
0.06459450721740723
0.06420469284057617
0.064239501953125
0.0641639232635498
0.06368041038513184
0.07070302963256836
0.06545209884643555
0.06473708152770996
0.06549882888793945
0.06490397453308105
0.06429433822631836
0.06402373313903809
0.07870244979858398
0.07810497283935547
0.0716555118560791
0.06565690040588379
0.06503725051879883
0.06448674201965332
0.0782022476196289
0.07952070236206055
0.0689549446105957
0.06377816200256348
0.06407308578491211
0.07067680358886719
0.06586432456970215
0.0648961067199707
0.06467628479003906
0.06517577171325684
0.06434082984924316
0.06410360336303711
0.07604646682739258
0.0641782283782959
0.07123541831970215
0.08018326759338379
0.06556963920593262
0.0638570785522461
0.07058405876159668
0.06287240982055664
0.07262015342712402
0.06493663787841797
0.06422233581542969
0.06950974464416504
0.06574225425720215
0.06554150581359863
0.06486320495605469
0.07938861846923828
0.0658271312713623
0.06620216369628906
0.06493139266967773
0.06418514251708984
0.07071375846862793
0.0657949447631836
0.06525325775146484
0.06520485877990723
0.06423783302307129
0.06430864334106445
0.06477594375610352
0.06428933143615723
0.06397247314453125
0.07026886940002441
0.06622099876403809
0.06518864631652832
0.07458806037902832
0.06508827209472656
0.06633448600769043
0.06528067588806152
0.06726312637329102
0.07558131217956543
0.07272815704345703
0.06554436683654785
0.06548070907592773
0.06540632247924805
0.06436705589294434
0.07474732398986816
0.06629490852355957
0.06502079963684082
0.06446290016174316
0.07312989234924316
0.06527256965637207
0.06581544876098633
0.06528496742248535
0.06670355796813965
0.07553243637084961
0.06824088096618652
0.06515288352966309
0.06418204307556152
0.08220505714416504
0.0662994384765625
0.06692242622375488
0.06626582145690918
0.06526446342468262
0.07111120223999023
0.06457066535949707
0.0764310359954834
0.06517910957336426
0.0689082145690918
0.08096837997436523
0.06634044647216797
0.07248973846435547
0.07896876335144043
0.0643911361694336
0.06449007987976074
0.07703161239624023
0.06402444839477539
0.08457398414611816
0.06524348258972168
0.06689286231994629
0.0651407241821289
0.07514405250549316
0.06487441062927246
0.0643930435180664
0.06432294845581055
0.067962646484375
0.08029723167419434
0.06516861915588379
0.06483125686645508
0.06306600570678711
0.06547117233276367
0.0647590160369873
0.07938432693481445
0.07470822334289551
0.06464624404907227
0.07160091400146484
0.06377220153808594
0.0654597282409668
0.07094883918762207
0.08130574226379395
0.06984186172485352
0.07954692840576172
0.06444621086120605
0.06481575965881348
0.07121062278747559
0.08055567741394043
0.06512832641601562
0.06513500213623047
0.06445169448852539
0.06486749649047852
0.06426382064819336
0.06424736976623535
0.06531310081481934
0.0815575122833252
0.06872987747192383
0.06541824340820312
0.06566643714904785
0.06524109840393066
0.06445431709289551
0.06499648094177246
0.06425595283508301
0.06358051300048828
0.07046079635620117
0.0801539421081543
0.06522488594055176
0.06467008590698242
0.07895135879516602
0.06565284729003906
0.0649881362915039
0.0793297290802002
0.07536149024963379
0.07093501091003418
0.06572651863098145
0.06568169593811035
0.06546711921691895
0.06535792350769043
0.06522011756896973
0.07938623428344727
0.07945895195007324
0.06598520278930664
0.08278965950012207
0.0670478343963623
0.07482457160949707
0.06505608558654785
0.06479525566101074
0.08007383346557617
0.08011627197265625
0.06545734405517578
0.07830119132995605
0.07490205764770508
0.06657290458679199
0.0670924186706543
0.06543111801147461
0.06549310684204102
0.0647897720336914
0.07871341705322266
0.06491327285766602
0.07875370979309082
0.0863039493560791
0.0673518180847168
0.06396079063415527
0.07520127296447754
0.0646505355834961
0.07579755783081055
0.06500792503356934
0.06461811065673828
0.06604719161987305
0.07243466377258301
0.06556010246276855
0.06604385375976562
0.06512212753295898
0.06467580795288086
0.0797269344329834
0.0657656192779541
0.06497859954833984
0.06387948989868164
0.07086849212646484
0.06571078300476074
0.0649423599243164
0.06527853012084961
0.07232546806335449
0.06633949279785156
0.07929372787475586
0.06509232521057129
0.0786733627319336
0.07176780700683594
0.06508207321166992
0.06539058685302734
0.0650780200958252
0.06505727767944336
0.07456135749816895
0.06679964065551758
0.06511163711547852
0.06461191177368164
0.07122945785522461
0.07633066177368164
0.06701374053955078
0.06470799446105957
0.06472420692443848
0.07923221588134766
0.07901334762573242
0.06405949592590332
0.06482625007629395
0.0693976879119873
0.0660707950592041
0.06533098220825195
0.07870364189147949
0.0657651424407959
0.06428813934326172
0.06449294090270996
0.06399130821228027
0.0645589828491211
0.07091522216796875
0.06662416458129883
0.06248617172241211
0.0648810863494873
0.06473803520202637
0.07830619812011719
0.06574845314025879
0.06533360481262207
0.06412887573242188
0.07077789306640625
0.06558370590209961
0.06432533264160156
0.07876348495483398
0.07926392555236816
0.06462216377258301
0.0781853199005127
0.0752415657043457
0.06729841232299805
0.06968903541564941
0.06550407409667969
0.06529641151428223
0.07515215873718262
0.06453633308410645
0.07393527030944824
0.06475424766540527
0.06480264663696289
0.06439638137817383
0.07025980949401855
0.0662381649017334
0.06547045707702637
0.06614565849304199
0.06550812721252441
0.07400631904602051
0.06496262550354004
0.06512284278869629
0.0648508071899414
0.07117176055908203
0.06706786155700684
0.0745246410369873
0.07984399795532227
0.06983304023742676
0.0645451545715332
0.0643467903137207
0.06485152244567871
0.06422209739685059
0.07063794136047363
0.06579852104187012
0.06523728370666504
0.06521439552307129
0.07568478584289551
0.06872224807739258
0.06635332107543945
0.07632565498352051
0.06741762161254883
0.07027459144592285
0.06535077095031738
0.06481218338012695
0.06420731544494629
0.06491279602050781
0.07436370849609375
0.06882667541503906
0.06655383110046387
0.0639958381652832
0.08438706398010254
0.06591033935546875
0.06534099578857422
0.06473422050476074
0.06439208984375
0.06449627876281738
0.06467890739440918
0.06850671768188477
0.06360101699829102
0.08448171615600586
0.07918977737426758
0.06568431854248047
0.07491731643676758
0.06942224502563477
0.0652458667755127
0.07911276817321777
0.0652623176574707
0.07462859153747559
0.07134270668029785
0.06555032730102539
0.0650777816772461
0.06479263305664062
0.06479716300964355
0.07918047904968262
0.07932376861572266
0.08262205123901367
0.06402039527893066
0.0701301097869873
0.06547141075134277
0.06486964225769043
0.06436562538146973
0.06415605545043945
0.06444787979125977
0.08719754219055176
0.06467461585998535
0.06436300277709961
0.08489370346069336
0.07677578926086426
0.07950973510742188
0.06540822982788086
0.06473994255065918
0.08744263648986816
0.07316851615905762
0.0646669864654541
0.0644834041595459
0.0709390640258789
0.06558990478515625
0.0648338794708252
0.06523799896240234
0.07975292205810547
0.06516408920288086
0.06463241577148438
0.06551957130432129
0.0644690990447998
0.07135128974914551
0.06503534317016602
0.06540775299072266
0.06464076042175293
0.06494522094726562
0.0648200511932373
0.07908868789672852
0.0644826889038086
0.06456255912780762
0.07126975059509277
0.07736635208129883
0.06527471542358398
0.06506586074829102
0.0650935173034668
0.06583642959594727
0.06441974639892578
0.06462574005126953
0.06447672843933105
0.07106804847717285
0.06573224067687988
0.06555628776550293
0.06519079208374023
0.0657510757446289
0.07161235809326172
0.06448483467102051
0.06461501121520996
0.06447386741638184
0.0718991756439209
0.06657266616821289
0.06564474105834961
0.06470537185668945
0.0650796890258789
0.06523847579956055
0.06468558311462402
0.06403899192810059
0.06374239921569824
0.07063889503479004
0.0665891170501709
0.06542229652404785
0.0796055793762207
0.06521892547607422
0.06435298919677734
0.06432509422302246
0.06474471092224121
0.06418204307556152
0.0703129768371582
0.06616830825805664
0.08016467094421387
0.08084583282470703
0.07922244071960449
0.06414031982421875
0.0806736946105957
0.08269047737121582
0.06500601768493652
0.0708303451538086
0.08081960678100586
0.07579207420349121
0.07570004463195801
0.06569957733154297
0.06969237327575684
0.07438421249389648
0.06654000282287598
0.06373476982116699
0.07009768486022949
0.0653538703918457
0.06503415107727051
0.0644841194152832
0.06379485130310059
0.07486772537231445
0.07406401634216309
0.06844425201416016
0.06547021865844727
0.08678007125854492
0.06600308418273926
0.06551909446716309
0.06665253639221191
0.06543135643005371
0.06502604484558105
0.06476330757141113
0.06499600410461426
0.06409001350402832
0.06966614723205566
0.06349301338195801
0.06338357925415039
0.0634758472442627
0.06288409233093262
0.06504559516906738
0.06470179557800293
0.07843565940856934
0.06415891647338867
0.08556222915649414
0.06549334526062012
0.0652933120727539
0.06505346298217773
0.06502699851989746
0.06467437744140625
0.06474137306213379
0.06682229042053223
0.07794904708862305
0.07420468330383301
0.06684756278991699
0.06507062911987305
0.07989764213562012
0.06538558006286621
0.07429790496826172
0.06609225273132324
0.06430840492248535
0.07844185829162598
0.07142090797424316
0.06549406051635742
0.06540632247924805
0.06823396682739258
0.07319903373718262
0.0644524097442627
0.08080458641052246
0.0655665397644043
0.0645451545715332
0.07088088989257812
0.06585907936096191
0.0658273696899414
0.06469917297363281
0.06474566459655762
0.07943582534790039
0.08906745910644531
0.0695946216583252
0.06633257865905762
0.07062792778015137
0.07633662223815918
0.06810832023620605
0.066436767578125
0.06699800491333008
0.0731046199798584
0.06459999084472656
0.06465411186218262
0.06461381912231445
0.07094216346740723
0.06618809700012207
0.06529664993286133
0.06514835357666016
0.06529474258422852
0.06457090377807617
0.06481790542602539
0.06433987617492676
0.06389641761779785
0.07034468650817871
0.06601309776306152
0.07991886138916016
0.06525897979736328
0.06595277786254883
0.0650026798248291
0.06696128845214844
0.07494831085205078
0.0694589614868164
0.07438182830810547
0.0661158561706543
0.06526970863342285
0.0649416446685791
0.0644841194152832
0.06413412094116211
0.06479549407958984
0.06443238258361816
0.06459546089172363
0.07140612602233887
0.06518840789794922
0.08846378326416016
0.06552267074584961
0.06497430801391602
0.06378316879272461
0.06830620765686035
0.06524348258972168
0.06395769119262695
0.08547616004943848
0.08076620101928711
0.08011651039123535
0.07904171943664551
0.06451416015625
0.0644690990447998
0.06438469886779785
0.06366562843322754
0.06381058692932129
0.07101893424987793
0.06591057777404785
0.06477975845336914
0.06523728370666504
0.06473398208618164
0.07894277572631836
0.06280350685119629
0.06263518333435059
0.06396079063415527
0.07123279571533203
0.06533336639404297
0.06291556358337402
0.06609344482421875
0.0796053409576416
0.06495904922485352
0.06943917274475098
0.07866239547729492
0.07471609115600586
0.07643914222717285
0.0637350082397461
0.07214593887329102
0.06444215774536133
0.06428647041320801
0.06424713134765625
0.06411576271057129
0.06425023078918457
0.06432008743286133
0.07033967971801758
0.06527400016784668
0.06484150886535645
0.06476449966430664
0.06467342376708984
0.06383013725280762
0.06400537490844727
0.06264758110046387
0.0616307258605957
0.08524131774902344
0.06585979461669922
0.06292319297790527
0.06525325775146484
0.06454992294311523
0.06433629989624023
0.06364774703979492
0.06384897232055664
0.06446075439453125
0.0759580135345459
0.06276941299438477
0.06492233276367188
0.0646657943725586
0.06450390815734863
0.06251001358032227
0.07277393341064453
0.07124137878417969
0.06363701820373535
0.06906628608703613
0.0629584789276123
0.06419181823730469
0.06435275077819824
0.07275891304016113
0.0643923282623291
0.0636446475982666
0.06204867362976074
0.06213068962097168
0.07945752143859863
0.07490754127502441
0.06804251670837402
0.06355595588684082
0.06267523765563965
0.06353950500488281
0.06194424629211426
0.06210923194885254
0.07832503318786621
0.084869384765625
0.0682668685913086
0.06614112854003906
0.06520628929138184
0.06512045860290527
0.06422781944274902
0.06258106231689453
0.06439757347106934
0.0638434886932373
0.06914162635803223
0.07216024398803711
0.06868505477905273
0.06337928771972656
0.0791475772857666
0.06486725807189941
0.07337737083435059
0.06367349624633789
0.062291860580444336
0.07327103614807129
0.07187271118164062
0.06577157974243164
0.06335997581481934
0.08797836303710938
0.07052874565124512
0.06833124160766602
0.07968616485595703
0.07913589477539062
0.07113504409790039
0.09030270576477051
0.07068920135498047
0.06468963623046875
0.07770252227783203
0.06339311599731445
0.06386232376098633
0.0631561279296875
0.0778055191040039
0.07015085220336914
0.07931160926818848
0.06582808494567871
0.06436038017272949
0.07828617095947266
0.06485295295715332
0.0642392635345459
0.06400609016418457
0.06358504295349121
0.07040262222290039
0.07026934623718262
0.07896804809570312
0.06499934196472168
0.06537318229675293
0.06415820121765137
0.064788818359375
0.06442999839782715
0.06442642211914062
0.0691227912902832
0.07345151901245117
0.06997179985046387
0.07950949668884277
0.06254291534423828
0.07846951484680176
0.0660858154296875
0.07995867729187012
0.06468510627746582
0.07082939147949219
0.06385016441345215
0.06319546699523926
0.07883358001708984
0.06551527976989746
0.06363582611083984
0.06376099586486816
0.06392407417297363
0.06157398223876953
0.0682377815246582
0.06508493423461914
0.06386303901672363
