              precision    recall  f1-score   support

           0       0.96      0.88      0.92       237
           1       0.96      0.98      0.97       596
           2       0.92      0.88      0.90       294
           3       0.97      0.68      0.80       311
           4       0.98      1.00      0.99       466
           5       0.79      0.90      0.85       618
           6       0.92      0.87      0.89       242
           7       0.90      0.95      0.93       655

    accuracy                           0.91      3419
   macro avg       0.93      0.89      0.90      3419
weighted avg       0.92      0.91      0.91      3419

