1.7203831672668457
0.0650935173034668
0.05658125877380371
0.04976916313171387
0.05274510383605957
0.05048704147338867
0.05538034439086914
0.04905128479003906
0.04902839660644531
0.0533139705657959
0.04942440986633301
0.0486750602722168
0.05519366264343262
0.049942970275878906
0.04876995086669922
0.0494077205657959
0.04842019081115723
0.04979515075683594
0.05533742904663086
0.051088571548461914
0.04938530921936035
0.0487217903137207
0.05446267127990723
0.04878044128417969
0.04849648475646973
0.04853701591491699
0.05475735664367676
0.054047346115112305
0.05562233924865723
0.0644083023071289
0.053666114807128906
0.04974818229675293
0.04916095733642578
0.04933643341064453
0.049417734146118164
0.05028653144836426
0.05444216728210449
0.05518364906311035
0.049674272537231445
0.049660682678222656
0.04908418655395508
0.0491795539855957
0.05555868148803711
0.0491786003112793
0.04954075813293457
0.05412626266479492
0.04974484443664551
0.049608707427978516
0.04985451698303223
0.04955482482910156
0.04951047897338867
0.04993605613708496
0.06163620948791504
0.05824708938598633
0.06280326843261719
0.05071687698364258
0.049121856689453125
0.05509376525878906
0.04865407943725586
0.049492835998535156
0.054158687591552734
0.04908418655395508
0.053087472915649414
0.05464482307434082
0.049920082092285156
0.05016064643859863
0.050230979919433594
0.04980063438415527
0.04891800880432129
0.04890704154968262
0.0487668514251709
0.04908871650695801
0.054328203201293945
0.04948997497558594
0.0498349666595459
0.048668622970581055
0.04987907409667969
0.049538373947143555
0.048806190490722656
0.05023980140686035
0.04998135566711426
0.054286956787109375
0.049451589584350586
0.049651384353637695
0.04963183403015137
0.04942440986633301
0.05387568473815918
0.04996848106384277
0.05158424377441406
0.0517878532409668
0.05639195442199707
0.04963946342468262
0.051645755767822266
0.05141758918762207
0.051200151443481445
0.04954075813293457
0.0491030216217041
0.05549907684326172
0.049779415130615234
0.054151058197021484
0.05204033851623535
0.05562639236450195
0.04862189292907715
0.0497283935546875
0.054988861083984375
0.048241615295410156
0.05102944374084473
0.05172133445739746
0.0544133186340332
0.05007362365722656
0.05007767677307129
0.061632394790649414
0.0522770881652832
0.05723381042480469
0.0575251579284668
0.050293922424316406
0.05023670196533203
0.05449175834655762
0.050676584243774414
0.0497283935546875
0.05163002014160156
0.051880598068237305
0.05186629295349121
0.05176377296447754
0.0580439567565918
0.05314230918884277
0.06509256362915039
0.05731940269470215
0.05025124549865723
0.052321672439575195
0.04939079284667969
0.04922318458557129
0.04986977577209473
0.05737566947937012
0.058515071868896484
0.06232047080993652
0.0519869327545166
0.05460524559020996
0.05171036720275879
0.05163407325744629
0.051381587982177734
0.051751136779785156
0.050655364990234375
0.057039737701416016
0.056397199630737305
0.05190682411193848
0.05124831199645996
0.05226707458496094
0.05042123794555664
0.05168008804321289
0.06308865547180176
0.05153203010559082
0.05700802803039551
0.06348514556884766
0.06430411338806152
0.05135059356689453
0.049610137939453125
0.052490949630737305
0.04904890060424805
0.04947185516357422
0.04943037033081055
0.04960227012634277
0.05432868003845215
0.04961085319519043
0.05001091957092285
0.06345152854919434
0.04989171028137207
0.04956650733947754
0.057847023010253906
0.04998064041137695
0.05469703674316406
0.054480552673339844
0.05021524429321289
0.04964709281921387
0.0495753288269043
0.04932451248168945
0.04945707321166992
0.049607276916503906
0.04941844940185547
0.04970192909240723
0.054192304611206055
0.050238609313964844
0.04965019226074219
0.05312967300415039
0.04963111877441406
0.049517154693603516
0.049494266510009766
0.04972052574157715
0.049759626388549805
0.05483698844909668
0.05001211166381836
0.05132746696472168
0.055117130279541016
0.04895734786987305
0.058316707611083984
0.05902528762817383
0.05900740623474121
0.05227088928222656
0.06268310546875
0.05186629295349121
0.0503849983215332
0.05819582939147949
0.0573880672454834
0.0584261417388916
0.06188082695007324
0.05426192283630371
0.05063605308532715
0.05524563789367676
0.049260616302490234
0.050330162048339844
0.048636436462402344
0.04875946044921875
0.05439162254333496
0.04923415184020996
0.04895448684692383
0.04973769187927246
0.054216861724853516
0.050134897232055664
0.04852151870727539
0.0489046573638916
0.0588836669921875
0.05959486961364746
0.04842352867126465
0.054836273193359375
0.05196499824523926
0.0542449951171875
0.04922223091125488
0.04951739311218262
0.0550844669342041
0.04962444305419922
0.04944038391113281
0.049021005630493164
0.05115103721618652
0.04936718940734863
0.06278395652770996
0.05177640914916992
0.049512386322021484
0.05137157440185547
0.04965806007385254
0.059388160705566406
0.049195051193237305
0.05269312858581543
0.0513157844543457
0.05622458457946777
0.05913138389587402
0.05864667892456055
0.05640268325805664
0.04968523979187012
0.05042123794555664
0.04983925819396973
0.049746036529541016
0.050253868103027344
0.054548025131225586
0.05568885803222656
0.05107283592224121
0.04978346824645996
0.049490928649902344
0.04926013946533203
0.04950141906738281
0.055324554443359375
0.04976367950439453
0.05438041687011719
0.049662113189697266
0.049001455307006836
0.04949235916137695
0.06391716003417969
0.050110578536987305
0.0496058464050293
0.049863338470458984
0.04955172538757324
0.05980944633483887
0.05028796195983887
0.04981827735900879
0.05006098747253418
0.05070972442626953
0.049956560134887695
0.05067014694213867
0.04927968978881836
0.054358720779418945
0.054149627685546875
0.05492711067199707
0.050348758697509766
0.05016136169433594
0.05109405517578125
0.049031972885131836
0.04953336715698242
0.049652099609375
0.051799774169921875
0.05618023872375488
0.06873106956481934
0.05139470100402832
0.04960775375366211
0.05138564109802246
0.04975461959838867
0.06332135200500488
0.049677133560180664
0.04995083808898926
0.05476975440979004
0.05139970779418945
0.0581204891204834
0.050400495529174805
0.05001211166381836
0.05005168914794922
0.05141186714172363
0.0499730110168457
0.04958462715148926
0.054845333099365234
0.060492515563964844
0.05004572868347168
0.05497312545776367
0.04952239990234375
0.04961204528808594
0.049299001693725586
0.05577206611633301
0.060448646545410156
0.05824851989746094
0.052140235900878906
0.05029797554016113
0.05442237854003906
0.04901289939880371
0.05820178985595703
0.04951739311218262
0.04903984069824219
0.049674034118652344
0.06010293960571289
0.33982276916503906
0.06027340888977051
0.05468249320983887
0.054526567459106445
0.05483365058898926
0.05451250076293945
0.05412006378173828
0.05468320846557617
0.05939936637878418
0.05411028861999512
0.05385279655456543
0.05389142036437988
0.06199836730957031
0.05492424964904785
0.05357503890991211
0.053465843200683594
0.06591057777404785
0.058556318283081055
0.057897090911865234
0.05256843566894531
0.05465841293334961
0.05197620391845703
0.05410122871398926
0.06244325637817383
0.0574338436126709
0.05125880241394043
0.05771446228027344
0.05762457847595215
0.05158710479736328
0.05178046226501465
0.0508272647857666
0.05511283874511719
0.058786630630493164
0.05241513252258301
0.059178829193115234
0.062023162841796875
0.051998138427734375
0.05050301551818848
0.060294389724731445
0.050263404846191406
0.0493619441986084
0.049219608306884766
0.04951143264770508
0.050156354904174805
0.05625438690185547
0.05096697807312012
0.05878448486328125
0.05158185958862305
0.04987359046936035
0.05500912666320801
0.04915881156921387
0.06278204917907715
0.05401921272277832
0.05502915382385254
0.050286293029785156
0.058794260025024414
0.04903888702392578
0.04906964302062988
0.05885457992553711
0.05953526496887207
0.0486905574798584
0.04837632179260254
0.05503344535827637
0.05217242240905762
0.04955625534057617
0.05838418006896973
0.05477643013000488
0.04958510398864746
0.05834031105041504
0.059592247009277344
0.05018186569213867
0.05506634712219238
0.05044269561767578
0.04880499839782715
0.04873776435852051
0.049169301986694336
0.04951000213623047
0.049422264099121094
0.04843330383300781
0.04894089698791504
0.054171085357666016
0.055817365646362305
0.049968719482421875
0.0492246150970459
0.04927873611450195
0.05099129676818848
0.04946732521057129
0.05744504928588867
0.05581784248352051
0.0588994026184082
0.0589141845703125
0.05502009391784668
0.04869198799133301
0.058461666107177734
0.05441427230834961
0.04854154586791992
0.04843640327453613
0.04894447326660156
0.06435918807983398
0.05208635330200195
0.05117440223693848
0.049123525619506836
0.049659013748168945
0.04912257194519043
0.05063605308532715
0.04806971549987793
0.0486905574798584
0.055825233459472656
0.05909085273742676
0.04926896095275879
0.0508577823638916
0.054657697677612305
0.04834103584289551
0.05491232872009277
0.04863309860229492
0.05389881134033203
0.05962872505187988
0.04962015151977539
0.04925251007080078
0.04974198341369629
0.049047231674194336
0.048900604248046875
0.04956412315368652
0.05396723747253418
0.05469799041748047
0.05500674247741699
0.05443930625915527
0.05115842819213867
0.04962301254272461
0.04905390739440918
0.05436348915100098
0.05841422080993652
0.0489649772644043
0.049138784408569336
0.06359004974365234
0.05704832077026367
0.05523562431335449
0.05867314338684082
0.0549006462097168
0.04943108558654785
0.049353837966918945
0.0493016242980957
0.049608707427978516
0.05430412292480469
0.05621981620788574
0.050666093826293945
0.05546736717224121
0.055454254150390625
0.04966306686401367
0.04993247985839844
0.04984736442565918
0.05501699447631836
0.05480027198791504
0.04954981803894043
0.04947924613952637
0.0496058464050293
0.048825979232788086
0.04926705360412598
0.05236625671386719
0.049324750900268555
0.05450296401977539
0.05615401268005371
0.05032849311828613
0.0556950569152832
0.05569028854370117
0.051070213317871094
0.05103278160095215
0.05145144462585449
0.04959702491760254
0.0509490966796875
0.05454683303833008
0.05539417266845703
0.050028324127197266
0.050321340560913086
0.0490872859954834
0.05102705955505371
0.049346923828125
0.05113673210144043
0.04917454719543457
0.05417323112487793
0.04932856559753418
0.04968667030334473
0.04900836944580078
0.05462145805358887
0.04862236976623535
0.04894399642944336
0.04899024963378906
0.049807071685791016
0.05465507507324219
0.050067901611328125
0.0495452880859375
0.05051231384277344
0.049226999282836914
0.054514408111572266
0.049360036849975586
0.048750877380371094
0.0498964786529541
0.05524158477783203
0.05035257339477539
0.0496821403503418
0.05546212196350098
0.050070762634277344
0.05446314811706543
0.04879927635192871
0.04928421974182129
0.04910159111022949
0.05992937088012695
0.050504446029663086
0.05362653732299805
0.05533742904663086
0.0595090389251709
0.05201125144958496
0.048859357833862305
0.049252986907958984
0.0499727725982666
0.05510735511779785
0.05074810981750488
0.049915313720703125
0.04974508285522461
0.04885721206665039
0.04922938346862793
0.04939579963684082
0.04942727088928223
0.04921150207519531
0.05843400955200195
0.05010557174682617
0.04935860633850098
0.04883694648742676
0.04947805404663086
0.05483555793762207
0.05447793006896973
0.04914665222167969
0.04915809631347656
0.05438971519470215
0.050168514251708984
0.049427032470703125
0.049498558044433594
0.04912257194519043
0.049460649490356445
0.048932552337646484
0.0546724796295166
0.04989743232727051
0.06468319892883301
0.06056571006774902
0.049668312072753906
0.04938173294067383
0.055103302001953125
0.054659128189086914
0.05124187469482422
0.05441880226135254
0.0489048957824707
0.06598019599914551
0.05884408950805664
0.060935258865356445
0.04959273338317871
0.04999089241027832
0.05025792121887207
0.05406951904296875
0.048779964447021484
0.04852700233459473
0.05619311332702637
0.050902366638183594
0.05028653144836426
0.05053544044494629
0.050305843353271484
0.04977583885192871
0.04927396774291992
0.04891061782836914
0.04910588264465332
0.054491281509399414
0.05003976821899414
0.04940915107727051
0.04894828796386719
0.049042701721191406
0.06409597396850586
0.05045127868652344
0.05119609832763672
0.04935598373413086
0.06430339813232422
0.06735563278198242
0.05757284164428711
0.05206727981567383
0.05201864242553711
0.05366253852844238
0.05400395393371582
0.04982638359069824
0.04990530014038086
0.05519890785217285
0.053414344787597656
0.05042743682861328
0.04952096939086914
0.05183267593383789
0.051965951919555664
0.0520169734954834
0.05139636993408203
0.05165290832519531
0.05515885353088379
0.05545234680175781
0.04950976371765137
0.05030417442321777
0.04980897903442383
0.05007600784301758
0.05004143714904785
0.04963183403015137
0.04926156997680664
0.05501127243041992
0.050168514251708984
0.0496828556060791
0.05229496955871582
0.05443406105041504
0.04958605766296387
0.04878115653991699
0.05452299118041992
0.048775672912597656
0.054808855056762695
0.05037260055541992
0.049930572509765625
0.04998159408569336
0.04976320266723633
0.0503995418548584
0.059142112731933594
0.05585741996765137
0.04952192306518555
0.06077909469604492
0.056236982345581055
0.049858808517456055
0.05881690979003906
0.04968452453613281
0.04958534240722656
0.049663543701171875
0.0491030216217041
0.06324958801269531
0.05775260925292969
0.05061173439025879
0.05023050308227539
0.05080914497375488
0.05040740966796875
0.04980778694152832
0.04939460754394531
0.04936647415161133
0.058506011962890625
0.0549013614654541
0.04991769790649414
0.04998278617858887
0.059302330017089844
0.058666229248046875
0.05279421806335449
0.04910778999328613
0.05400276184082031
0.049776554107666016
0.05952119827270508
0.05096316337585449
0.04987740516662598
0.04935431480407715
0.05490708351135254
0.048755645751953125
0.05116462707519531
0.0492246150970459
0.05003070831298828
0.05533242225646973
0.050755977630615234
0.049864768981933594
0.050264835357666016
0.05444645881652832
0.05012035369873047
0.05014348030090332
0.049253225326538086
0.05401301383972168
0.05462765693664551
0.0505061149597168
0.05025649070739746
0.05035662651062012
0.0497894287109375
0.04977536201477051
0.05000567436218262
0.04988360404968262
0.050209999084472656
0.06466507911682129
0.053623199462890625
0.05012083053588867
0.050505876541137695
0.05306673049926758
0.049875736236572266
0.0583035945892334
0.050780296325683594
0.05226564407348633
0.054808616638183594
0.052040815353393555
0.04981875419616699
0.05010700225830078
0.04992175102233887
0.055358171463012695
0.05466604232788086
0.05070924758911133
0.04969167709350586
0.05535268783569336
0.05037069320678711
0.053914546966552734
0.050039052963256836
0.056870460510253906
0.04906868934631348
0.04939460754394531
0.04920244216918945
0.04978609085083008
0.05506300926208496
0.05611777305603027
0.04980731010437012
0.048989295959472656
0.049790382385253906
0.05064082145690918
0.049067020416259766
0.04895305633544922
0.050338029861450195
0.05476665496826172
0.05052995681762695
0.04953598976135254
0.04939436912536621
0.04889965057373047
0.05842113494873047
0.05990338325500488
0.049843549728393555
0.04947328567504883
0.05456137657165527
0.050107479095458984
0.05405402183532715
0.049095869064331055
0.05508756637573242
0.04943990707397461
0.049072980880737305
0.0577855110168457
0.04977869987487793
0.05503201484680176
0.05037808418273926
0.05484199523925781
0.058423519134521484
0.05123472213745117
0.04881691932678223
0.0496523380279541
0.04902076721191406
0.05453896522521973
0.054825544357299805
0.052037715911865234
0.050026893615722656
0.04947376251220703
0.04935622215270996
0.05498552322387695
0.04927515983581543
0.05780529975891113
0.04980897903442383
0.06896567344665527
0.06271743774414062
0.05811595916748047
0.054260969161987305
0.05808448791503906
0.05045175552368164
0.049921274185180664
0.04877614974975586
0.04978585243225098
0.05443286895751953
0.05791473388671875
0.05515599250793457
0.04945850372314453
0.048790931701660156
0.04844474792480469
0.05368471145629883
0.04831218719482422
0.05485796928405762
0.05464816093444824
0.05074143409729004
0.04992318153381348
0.058318376541137695
0.05156874656677246
0.04979658126831055
0.04950857162475586
0.048305511474609375
0.04950714111328125
0.05932211875915527
0.04990530014038086
0.05080986022949219
0.0489501953125
0.04914069175720215
0.0487065315246582
0.05478262901306152
0.05797886848449707
0.052094459533691406
0.055512189865112305
0.05009818077087402
0.049698829650878906
0.04917716979980469
0.04938697814941406
0.04886269569396973
0.054345130920410156
0.04854106903076172
0.04887652397155762
0.054502248764038086
0.049216270446777344
0.04922175407409668
0.04885745048522949
0.04889416694641113
0.048757076263427734
0.04915809631347656
0.05782961845397949
0.053749799728393555
0.05985093116760254
0.0495760440826416
0.04900527000427246
0.049321651458740234
0.05843091011047363
0.04924893379211426
0.04876518249511719
0.04875659942626953
0.05386614799499512
0.05550336837768555
0.055480241775512695
0.04964876174926758
0.04907727241516113
0.04930472373962402
0.05463576316833496
0.06336450576782227
0.04952883720397949
0.05175328254699707
0.060604095458984375
0.0543215274810791
0.0504910945892334
0.049326181411743164
0.04909253120422363
0.04878544807434082
0.04916548728942871
0.054259538650512695
0.048865556716918945
0.05434679985046387
0.05536031723022461
0.05136299133300781
0.0496373176574707
0.05448627471923828
0.04900670051574707
0.049448490142822266
0.05759787559509277
0.05057883262634277
0.05510091781616211
0.0596768856048584
0.056802988052368164
0.04979753494262695
0.04984712600708008
0.049500465393066406
0.049414873123168945
0.05069923400878906
0.049796342849731445
0.054964303970336914
0.06000852584838867
0.05987668037414551
0.053409576416015625
0.04936408996582031
0.04966282844543457
0.049530744552612305
0.04950237274169922
0.049364566802978516
0.05521416664123535
0.05026960372924805
0.05000782012939453
0.049788475036621094
0.05005240440368652
0.05463051795959473
0.04988217353820801
0.049269914627075195
0.05425906181335449
0.05501985549926758
0.05043387413024902
0.04976534843444824
0.04972219467163086
0.04968595504760742
0.049353599548339844
0.04912519454956055
0.049774169921875
0.04961705207824707
0.05560469627380371
0.059229373931884766
0.05229473114013672
0.04920387268066406
0.054338693618774414
0.049478769302368164
0.04768943786621094
0.049071550369262695
0.048894405364990234
0.05376482009887695
0.05953526496887207
0.049355506896972656
0.04889988899230957
0.04999089241027832
0.048341989517211914
0.04774641990661621
0.048328399658203125
0.05421161651611328
0.05506277084350586
0.049619197845458984
0.04981231689453125
0.04860997200012207
0.05444669723510742
0.05450034141540527
0.048734426498413086
0.04867672920227051
0.050343990325927734
0.05453085899353027
0.05533456802368164
0.04881620407104492
0.049457550048828125
0.048883676528930664
0.049109697341918945
0.048777103424072266
0.04890561103820801
0.06371593475341797
0.061594486236572266
0.06320428848266602
0.049781084060668945
0.049500465393066406
0.0549008846282959
0.04912257194519043
0.0491032600402832
0.04909253120422363
0.054360389709472656
0.060411930084228516
0.050395965576171875
0.05549049377441406
0.049817800521850586
0.05458998680114746
0.04914975166320801
0.04939627647399902
0.048915863037109375
0.06351280212402344
0.05491924285888672
0.05563187599182129
0.05063629150390625
0.05848407745361328
0.05147671699523926
0.050989389419555664
0.06314802169799805
0.05377650260925293
0.04911661148071289
0.06933856010437012
0.05245184898376465
0.04868483543395996
0.04936933517456055
0.05475926399230957
0.047635555267333984
0.04881739616394043
0.04881429672241211
0.050695180892944336
0.05447721481323242
0.05817818641662598
0.051126718521118164
0.04864358901977539
0.04777693748474121
0.04806375503540039
0.04914212226867676
0.04803204536437988
0.04899787902832031
0.05428504943847656
0.049863576889038086
0.04838752746582031
0.04931235313415527
0.0494539737701416
0.049306392669677734
0.05453658103942871
0.05446314811706543
0.0504603385925293
0.05419778823852539
0.05917978286743164
0.053047895431518555
0.05017256736755371
0.04896664619445801
0.0494844913482666
0.04894232749938965
0.05416750907897949
0.0493626594543457
0.05437731742858887
0.05462503433227539
0.04995560646057129
0.049926042556762695
0.049124956130981445
0.04942893981933594
0.05473685264587402
0.04910397529602051
0.053793907165527344
0.060235023498535156
0.05563235282897949
0.04975295066833496
0.048725128173828125
0.04906034469604492
0.04905414581298828
0.04851031303405762
0.04888558387756348
0.05461454391479492
0.0547029972076416
0.0554656982421875
0.05536317825317383
0.05007004737854004
0.048842668533325195
0.05756115913391113
0.05307769775390625
0.04849696159362793
0.054540395736694336
0.05425667762756348
0.049849510192871094
0.04974031448364258
0.04910922050476074
0.04931998252868652
0.04926609992980957
0.0576474666595459
0.05442476272583008
0.051178932189941406
0.055303335189819336
0.04998612403869629
0.050107717514038086
0.04942750930786133
0.04899311065673828
0.049382925033569336
0.05474233627319336
0.048857927322387695
0.049102067947387695
0.06437301635742188
0.05599379539489746
0.049953460693359375
0.04959702491760254
0.05472278594970703
0.06067824363708496
0.05585622787475586
0.050925254821777344
0.050989389419555664
0.05756664276123047
0.04895162582397461
0.04970216751098633
0.049510955810546875
0.049718618392944336
0.0490727424621582
0.04953312873840332
0.049071550369262695
0.06305265426635742
0.06487464904785156
0.05030632019042969
0.0501096248626709
0.04997134208679199
0.04903101921081543
0.04895663261413574
0.04922008514404297
0.04865860939025879
0.04913949966430664
0.054488182067871094
0.050156593322753906
0.052596330642700195
0.049857139587402344
0.04961585998535156
0.04879331588745117
0.04913210868835449
0.05732250213623047
0.04826235771179199
0.05579113960266113
0.056385040283203125
0.04974937438964844
0.05009150505065918
0.048597097396850586
0.04846358299255371
0.04879164695739746
0.04894280433654785
0.04918622970581055
0.05442404747009277
0.05005216598510742
0.049730777740478516
0.04965329170227051
0.048299312591552734
0.04875469207763672
0.048833608627319336
0.048343658447265625
0.0543978214263916
0.05428481101989746
0.049150943756103516
0.04929661750793457
0.0545651912689209
0.04949355125427246
0.05514335632324219
0.05431389808654785
0.04935479164123535
0.049092769622802734
0.05510139465332031
0.04981088638305664
0.04955625534057617
0.04941678047180176
0.04944586753845215
0.04890275001525879
0.049317121505737305
0.048829078674316406
0.04939532279968262
0.06405210494995117
0.05358624458312988
0.058474063873291016
0.058249711990356445
0.05783247947692871
0.057947635650634766
0.05477142333984375
0.04942941665649414
0.04935050010681152
0.0556795597076416
0.050302982330322266
0.051293134689331055
0.04993319511413574
0.05764150619506836
0.0492863655090332
0.04933786392211914
0.056218624114990234
0.04989218711853027
0.0563356876373291
0.050946950912475586
0.05869126319885254
0.04949522018432617
0.04943585395812988
0.049347877502441406
0.04893684387207031
0.049857378005981445
0.0493779182434082
0.05503964424133301
0.050226449966430664
0.049475908279418945
0.04958462715148926
0.04938507080078125
0.049233198165893555
0.0499875545501709
0.048886775970458984
0.049452781677246094
0.054787397384643555
0.04993486404418945
0.05042695999145508
0.04932570457458496
0.04884147644042969
0.04875922203063965
0.04948067665100098
0.049059152603149414
0.048787832260131836
0.05509757995605469
0.05053877830505371
0.05064797401428223
0.05876517295837402
0.04995274543762207
0.04949617385864258
0.04979872703552246
0.049123525619506836
0.04976296424865723
0.05547499656677246
0.0508725643157959
0.050061702728271484
0.050540924072265625
0.05649876594543457
0.04929924011230469
0.04963183403015137
0.048532724380493164
0.054483890533447266
0.05516314506530762
0.05656790733337402
0.049576759338378906
0.049214839935302734
0.049434661865234375
0.049561262130737305
0.05812430381774902
0.053537607192993164
0.057947635650634766
0.05900120735168457
0.05935263633728027
0.051373958587646484
0.053388357162475586
0.04986310005187988
0.0501399040222168
0.04965567588806152
0.04993939399719238
0.04931759834289551
0.05612993240356445
0.05069684982299805
0.05014967918395996
0.0499880313873291
0.049730777740478516
0.05008077621459961
0.049262285232543945
0.048647403717041016
0.04920649528503418
0.05504322052001953
0.056147098541259766
0.05079483985900879
0.05352616310119629
0.04902195930480957
0.049756765365600586
0.04911684989929199
0.048593997955322266
0.049756765365600586
0.05498504638671875
0.0506441593170166
0.05029726028442383
0.05025315284729004
0.04910635948181152
0.04972100257873535
0.04993295669555664
0.04981279373168945
0.049768924713134766
0.055436134338378906
0.05086088180541992
0.058259010314941406
0.051706552505493164
0.048964738845825195
0.04950141906738281
0.049610137939453125
0.049716949462890625
0.049695491790771484
0.05569195747375488
0.05077862739562988
0.05084991455078125
0.050301313400268555
0.04940342903137207
0.050164222717285156
0.05010223388671875
0.049573659896850586
0.05059480667114258
0.055062055587768555
0.05155515670776367
0.05877518653869629
0.0496060848236084
0.04977607727050781
0.04849839210510254
0.04871988296508789
0.04954862594604492
0.060510873794555664
0.05631065368652344
0.05060529708862305
0.04980325698852539
0.0496068000793457
0.0495600700378418
0.04944443702697754
0.04957699775695801
0.054314374923706055
0.04892683029174805
0.05525708198547363
0.05034136772155762
0.05022883415222168
0.049224138259887695
0.04907631874084473
0.04941606521606445
0.05798745155334473
0.049658775329589844
0.04940080642700195
0.05550336837768555
0.0501561164855957
0.051253318786621094
0.05518221855163574
0.05469560623168945
0.0487062931060791
0.049057960510253906
0.049448490142822266
0.05059385299682617
0.05538368225097656
0.06161355972290039
0.05237412452697754
0.050028324127197266
0.04958653450012207
0.04944634437561035
0.04956459999084473
0.04972338676452637
0.05005335807800293
0.05575966835021973
0.0509791374206543
0.05064654350280762
0.04991483688354492
0.049846649169921875
0.04924464225769043
0.04933500289916992
0.048743247985839844
0.05876326560974121
0.05519509315490723
0.05088663101196289
0.05066204071044922
0.04879498481750488
0.048839569091796875
0.0500330924987793
0.049887657165527344
0.04945874214172363
0.05021190643310547
0.05575752258300781
0.051195383071899414
0.05053138732910156
0.05001187324523926
0.04971599578857422
0.05216479301452637
0.04983830451965332
0.04984164237976074
0.050164222717285156
0.05599617958068848
0.05097794532775879
0.04996466636657715
0.05022573471069336
0.05009293556213379
0.04995417594909668
0.04978013038635254
0.04941749572753906
0.04952549934387207
0.055202484130859375
0.05050039291381836
0.05070924758911133
0.050015926361083984
0.04970908164978027
0.04933333396911621
0.05012631416320801
0.04950594902038574
0.04976511001586914
0.05592536926269531
0.050774574279785156
0.05808281898498535
0.05217576026916504
0.04946589469909668
0.049248456954956055
0.04871010780334473
0.05075550079345703
0.05065107345581055
0.054816246032714844
0.05002784729003906
0.049979448318481445
0.05943107604980469
0.0492095947265625
0.05057668685913086
0.059911489486694336
0.05155539512634277
0.05120849609375
0.057166337966918945
0.05002713203430176
0.051906585693359375
0.05515146255493164
0.05908846855163574
0.05122685432434082
0.049359798431396484
0.050673723220825195
0.05754709243774414
0.0659475326538086
0.05442929267883301
0.05865073204040527
0.053316593170166016
0.05034804344177246
0.054459333419799805
0.04867100715637207
0.048937082290649414
0.058409929275512695
0.0595860481262207
0.05126237869262695
0.04971027374267578
0.04931163787841797
0.054006338119506836
0.04957151412963867
0.05525064468383789
0.04924583435058594
0.04924345016479492
0.05476665496826172
0.05049896240234375
0.05528736114501953
0.049979448318481445
0.04938006401062012
0.0491483211517334
0.04946494102478027
0.04843568801879883
0.049091339111328125
0.05492377281188965
0.05063796043395996
0.0554962158203125
0.04971623420715332
0.04907059669494629
0.054778099060058594
0.04905200004577637
0.04916095733642578
0.049516916275024414
0.06666088104248047
0.05631542205810547
0.055690765380859375
0.04979681968688965
0.059600114822387695
0.04928731918334961
0.05099964141845703
0.04974222183227539
0.049752235412597656
0.06552600860595703
0.0595400333404541
0.051985740661621094
0.04890608787536621
0.0492093563079834
0.05271267890930176
0.05093216896057129
0.048937082290649414
0.04899907112121582
0.0566248893737793
0.050467491149902344
0.05001401901245117
0.049640655517578125
0.0510859489440918
0.04940485954284668
0.04926323890686035
0.05668449401855469
0.049790143966674805
0.05563688278198242
0.06014370918273926
0.055544376373291016
0.05113410949707031
0.04891633987426758
0.04898858070373535
0.04881596565246582
0.04945182800292969
0.049356937408447266
0.05484938621520996
0.04956173896789551
0.049722909927368164
0.05834627151489258
0.04952645301818848
0.04945969581604004
0.049599647521972656
0.04892158508300781
0.04950523376464844
0.05510210990905762
0.05095052719116211
0.050066232681274414
0.04954814910888672
0.05489850044250488
0.05154991149902344
0.05133652687072754
0.05074620246887207
0.048964500427246094
0.05566596984863281
0.05559873580932617
0.05434465408325195
0.04944562911987305
0.04883384704589844
0.048955678939819336
0.054395198822021484
0.04966425895690918
0.04970407485961914
0.05520462989807129
0.050835609436035156
0.049810171127319336
0.049722909927368164
0.04994368553161621
0.04923677444458008
0.04918193817138672
0.05761075019836426
0.05178976058959961
0.05406045913696289
0.04955768585205078
0.05118846893310547
0.04853701591491699
0.049399614334106445
0.04865097999572754
0.0479888916015625
0.04823803901672363
0.048593997955322266
0.05473136901855469
0.04894423484802246
0.05013108253479004
0.049150943756103516
0.049314260482788086
0.048644304275512695
0.0491490364074707
0.05842399597167969
0.05324721336364746
0.055991172790527344
0.05064797401428223
0.05053210258483887
0.04918646812438965
0.049196481704711914
0.04972410202026367
0.049452781677246094
0.049097537994384766
0.04993557929992676
0.05522489547729492
0.050633907318115234
0.05026078224182129
0.050264835357666016
0.048920631408691406
0.05804300308227539
0.05804753303527832
0.04912137985229492
0.04947686195373535
0.05507349967956543
0.04994368553161621
0.04996514320373535
0.04934239387512207
0.04966139793395996
0.04911208152770996
0.048943281173706055
0.0485842227935791
0.04924798011779785
0.06356930732727051
0.050528526306152344
0.04922938346862793
0.054860830307006836
0.05466175079345703
0.059160470962524414
0.04929399490356445
0.05992841720581055
0.052744150161743164
0.06334209442138672
0.059325456619262695
0.05001378059387207
0.049530744552612305
0.05341982841491699
0.05943799018859863
0.0600438117980957
0.04884839057922363
0.04848980903625488
0.05538201332092285
0.051811933517456055
0.04921412467956543
0.051621437072753906
0.04841756820678711
0.049355268478393555
0.05734682083129883
0.05435323715209961
0.048570871353149414
0.05628371238708496
0.049093008041381836
0.051763057708740234
0.057230472564697266
0.04787611961364746
0.05444765090942383
0.05993247032165527
0.04920601844787598
0.05071234703063965
0.057610511779785156
0.05241870880126953
0.05509614944458008
0.05498647689819336
0.049593210220336914
0.049442291259765625
0.052861928939819336
0.0489802360534668
0.05844736099243164
0.05530858039855957
0.05013275146484375
0.05153775215148926
0.049576520919799805
0.05297446250915527
0.04938101768493652
0.05447077751159668
0.048980712890625
0.048772573471069336
0.0557398796081543
0.0554196834564209
0.05368185043334961
0.04993700981140137
0.04905438423156738
0.04995083808898926
0.05002927780151367
0.04902291297912598
0.04980015754699707
0.05551433563232422
0.050134897232055664
0.05020618438720703
0.0549008846282959
0.05497336387634277
0.048659563064575195
0.04947614669799805
0.04934191703796387
0.04962897300720215
0.054973602294921875
0.049912214279174805
0.06402134895324707
0.05500531196594238
0.05426168441772461
0.04866933822631836
0.0488126277923584
0.04875302314758301
0.04917478561401367
0.05711650848388672
0.058786630630493164
0.04995298385620117
0.049529314041137695
0.049082040786743164
0.04915618896484375
0.05162787437438965
0.04864501953125
0.04992413520812988
0.05552840232849121
0.059403419494628906
0.05118393898010254
0.049649715423583984
0.04933285713195801
0.04953169822692871
0.05003547668457031
0.04919242858886719
0.049216508865356445
0.055422067642211914
0.0504608154296875
0.05547213554382324
0.049880027770996094
0.04997992515563965
0.049439430236816406
0.05135321617126465
0.051836490631103516
0.04950857162475586
0.05732464790344238
0.04982304573059082
0.05018329620361328
0.05195975303649902
0.049871206283569336
0.0568242073059082
0.049300432205200195
0.050406455993652344
0.06777596473693848
0.06114053726196289
0.05178642272949219
0.0632171630859375
0.05273246765136719
0.04808783531188965
0.04955029487609863
0.050063371658325195
0.04941082000732422
0.0512089729309082
0.05566859245300293
0.05242037773132324
0.056730031967163086
0.050083160400390625
0.049381256103515625
0.05139613151550293
0.04912996292114258
0.049025535583496094
0.06000161170959473
0.06649422645568848
0.05100369453430176
0.050415992736816406
0.04994082450866699
0.05828094482421875
0.05806159973144531
0.057837486267089844
0.05759572982788086
0.05837726593017578
0.056482791900634766
0.05084037780761719
0.05213284492492676
0.050740957260131836
0.05810880661010742
0.04847288131713867
0.047888994216918945
0.05209040641784668
0.04830026626586914
0.054461002349853516
0.049066781997680664
0.04866433143615723
0.04825186729431152
0.05417776107788086
0.04762411117553711
0.04811501502990723
0.04783463478088379
0.05041623115539551
0.05582594871520996
0.05008697509765625
0.048685312271118164
0.05503106117248535
0.04983878135681152
0.04912686347961426
0.05387997627258301
0.05377554893493652
0.05878901481628418
0.05911898612976074
0.05050778388977051
0.059278011322021484
0.051737308502197266
0.05840301513671875
0.056726694107055664
0.0572969913482666
0.0533139705657959
0.05160188674926758
0.058173179626464844
0.05262947082519531
0.05191302299499512
0.05167055130004883
0.05141091346740723
0.051631927490234375
0.05640244483947754
0.04900074005126953
0.05165553092956543
0.05685257911682129
0.05243182182312012
0.05181097984313965
0.05405902862548828
0.05132555961608887
0.051499366760253906
0.05771374702453613
0.05764126777648926
0.05537104606628418
0.06094217300415039
0.06379342079162598
0.05020403861999512
0.050160884857177734
0.05426311492919922
0.04867076873779297
0.04891157150268555
0.048807382583618164
0.04932451248168945
0.05564379692077637
0.05036282539367676
0.04990267753601074
0.049659013748168945
0.04890799522399902
0.04903125762939453
0.05474734306335449
0.048940181732177734
0.04883265495300293
0.05480337142944336
0.049936532974243164
0.04961705207824707
0.049399375915527344
0.049226999282836914
0.04841256141662598
0.0482485294342041
0.047937631607055664
0.05059051513671875
0.05391287803649902
0.05898332595825195
0.05124998092651367
0.04859495162963867
0.04930257797241211
0.049746036529541016
0.05097484588623047
0.05047106742858887
0.04976963996887207
0.054438114166259766
0.4332270622253418
0.05561518669128418
0.055124521255493164
0.05432748794555664
0.0605778694152832
0.060126543045043945
0.05448198318481445
0.0548098087310791
0.05492568016052246
0.06716418266296387
0.06059384346008301
0.05945873260498047
0.05342841148376465
0.05322623252868652
0.05991530418395996
0.059973955154418945
0.05474424362182617
0.05950427055358887
0.07525801658630371
0.06148481369018555
0.055665016174316406
0.05482006072998047
0.05400657653808594
0.056830406188964844
0.05961275100708008
0.05373239517211914
0.07100033760070801
0.061480045318603516
0.053726911544799805
0.05459403991699219
0.05410027503967285
0.05317378044128418
0.06194567680358887
0.059471845626831055
0.05339479446411133
0.05894589424133301
0.06772112846374512
0.053139686584472656
0.052019357681274414
0.053569793701171875
0.05380749702453613
0.05444598197937012
0.052785396575927734
0.05262279510498047
0.05116081237792969
0.06389164924621582
0.05357694625854492
0.0531923770904541
0.052649736404418945
0.051836252212524414
0.05135464668273926
0.05084991455078125
0.05632901191711426
0.05124807357788086
0.05814218521118164
0.05254220962524414
0.05086374282836914
0.05675458908081055
0.05090975761413574
0.05056500434875488
0.050806283950805664
0.05044364929199219
0.051396846771240234
0.06309103965759277
0.05173468589782715
0.0500485897064209
0.050240278244018555
0.04964876174926758
0.049719810485839844
0.05517244338989258
0.05028557777404785
0.05045437812805176
0.06179356575012207
0.05074334144592285
0.049971818923950195
0.058481454849243164
0.06076622009277344
0.0506901741027832
0.05898261070251465
0.04996538162231445
0.05001688003540039
0.0549771785736084
0.05451536178588867
0.05074310302734375
0.04960894584655762
0.05742597579956055
0.05738377571105957
0.048355817794799805
0.04921317100524902
0.049355268478393555
0.054265737533569336
0.049063920974731445
0.04897284507751465
0.04890084266662598
0.04869866371154785
0.04801511764526367
0.05446362495422363
0.04961895942687988
0.04976296424865723
0.05483818054199219
0.055235862731933594
0.04933357238769531
0.04939079284667969
0.04950737953186035
0.06061816215515137
0.054181814193725586
0.048883914947509766
0.04919743537902832
0.05983424186706543
0.04944467544555664
0.05453801155090332
0.04877638816833496
0.04851961135864258
0.048516035079956055
0.049375057220458984
0.04880380630493164
0.048555850982666016
0.05404233932495117
0.0490727424621582
0.04863762855529785
0.04838371276855469
0.04825949668884277
0.04864382743835449
0.04832792282104492
0.048343658447265625
0.05393242835998535
0.06896805763244629
0.05155801773071289
0.04861283302307129
0.0484161376953125
0.048508405685424805
0.04800724983215332
0.053498029708862305
0.04851675033569336
0.04891347885131836
0.05387377738952637
0.058435678482055664
0.05109047889709473
0.05445265769958496
0.048813581466674805
0.04848909378051758
0.048378944396972656
0.04830741882324219
0.05208897590637207
0.053751468658447266
0.0574338436126709
0.04886054992675781
0.05404543876647949
0.04884696006774902
0.05376839637756348
0.048229217529296875
0.049379587173461914
0.04874396324157715
0.06477761268615723
0.05527091026306152
0.06486177444458008
0.06564688682556152
0.055097341537475586
0.050412893295288086
0.052459716796875
0.06390547752380371
0.07060718536376953
0.07467532157897949
0.08121132850646973
0.06745576858520508
0.062453269958496094
0.0649254322052002
0.06998229026794434
0.07664656639099121
0.0747225284576416
0.07171392440795898
0.07724547386169434
0.0694432258605957
0.06701397895812988
0.0734856128692627
0.07175707817077637
0.05936288833618164
0.06388688087463379
0.07002711296081543
0.07418322563171387
0.07074856758117676
0.07302737236022949
0.06858420372009277
0.06561422348022461
0.06164884567260742
0.08750748634338379
0.10054278373718262
0.10510849952697754
0.0976417064666748
0.11870884895324707
0.11034107208251953
0.10581374168395996
0.09706974029541016
0.0943603515625
0.1037297248840332
0.07929873466491699
0.10031533241271973
0.12408995628356934
0.14229035377502441
0.09586882591247559
0.08937406539916992
0.05322623252868652
0.06528735160827637
0.06639695167541504
0.06576204299926758
0.06249690055847168
0.06563997268676758
0.06495404243469238
0.05847311019897461
0.05802154541015625
0.06479740142822266
0.06928420066833496
0.05254817008972168
0.07461428642272949
0.09940171241760254
0.08548092842102051
0.08465290069580078
0.06877946853637695
0.07068800926208496
0.06609129905700684
0.07238292694091797
0.08393573760986328
0.07962703704833984
0.06915736198425293
0.08086228370666504
0.08092880249023438
0.06909823417663574
0.07098984718322754
0.06774759292602539
0.0789632797241211
0.08795428276062012
0.11065840721130371
0.09569764137268066
0.113372802734375
0.1326441764831543
0.11298012733459473
0.12895560264587402
0.20550799369812012
0.15704345703125
0.08997726440429688
0.07989168167114258
0.07472014427185059
0.07628679275512695
0.11112570762634277
0.09855484962463379
0.07157278060913086
0.06922554969787598
0.07918214797973633
0.07348918914794922
0.08367085456848145
0.0793755054473877
0.07730984687805176
0.09161138534545898
0.07393431663513184
0.06963872909545898
0.06958961486816406
0.0945594310760498
0.0993046760559082
0.11337518692016602
0.1065680980682373
0.11658740043640137
0.11970090866088867
0.1177515983581543
0.10765433311462402
0.17780518531799316
0.15622973442077637
0.06571197509765625
0.09925723075866699
0.06551480293273926
0.07886481285095215
0.09888339042663574
0.11030817031860352
0.08364701271057129
0.07634115219116211
0.07905435562133789
0.07488250732421875
0.07704615592956543
0.08249807357788086
0.0761270523071289
0.09508895874023438
0.0807809829711914
0.07593774795532227
0.07904720306396484
0.09304261207580566
0.10879349708557129
0.10815048217773438
0.10747528076171875
0.10532760620117188
0.14035820960998535
0.1155099868774414
0.07459449768066406
0.19534087181091309
0.14998078346252441
0.11517763137817383
0.07571601867675781
0.08428168296813965
0.10137748718261719
0.11116790771484375
0.08530163764953613
0.0720217227935791
0.0840761661529541
0.07597494125366211
0.07840847969055176
0.08594679832458496
0.07953953742980957
0.06516504287719727
0.07828140258789062
0.07258796691894531
0.07518625259399414
0.06459188461303711
0.08576178550720215
0.09521293640136719
0.1165313720703125
0.12193131446838379
0.12439680099487305
0.1350870132446289
0.1259765625
0.13700342178344727
0.19757771492004395
0.11832952499389648
0.08094334602355957
0.08823561668395996
0.06979107856750488
0.09882378578186035
0.12159276008605957
0.07369136810302734
0.07610774040222168
0.07761836051940918
0.0733954906463623
0.07611274719238281
0.07149124145507812
0.07873892784118652
0.07398271560668945
0.0777130126953125
0.07020974159240723
0.08959650993347168
0.11406230926513672
0.1263291835784912
0.11288261413574219
0.11728215217590332
0.12062859535217285
0.11532831192016602
0.13840317726135254
0.2113652229309082
0.07772064208984375
0.1015784740447998
0.0825495719909668
0.07590222358703613
0.09931516647338867
0.09773612022399902
0.09241914749145508
0.08335685729980469
0.07597708702087402
0.07232117652893066
0.07933497428894043
0.07359194755554199
0.06972289085388184
0.07733869552612305
0.07297801971435547
0.07266950607299805
0.0807039737701416
0.09460258483886719
0.1240682601928711
0.11594390869140625
0.13092827796936035
0.11397719383239746
0.11308550834655762
0.10752224922180176
0.19564604759216309
0.1805253028869629
0.1124258041381836
0.07286930084228516
0.07448172569274902
0.08373761177062988
0.08866405487060547
0.09958076477050781
0.08045315742492676
0.07833433151245117
0.0796506404876709
0.0815427303314209
0.0713188648223877
0.07220268249511719
0.06953001022338867
0.08076024055480957
0.06990432739257812
0.06995582580566406
0.08364415168762207
0.1177055835723877
0.11316752433776855
0.10453462600708008
0.11831879615783691
0.1321125030517578
0.1298360824584961
0.127471923828125
0.22219395637512207
0.10170507431030273
0.0962371826171875
0.09734034538269043
0.07191896438598633
0.09771203994750977
0.09876489639282227
0.08631372451782227
0.07213091850280762
0.07044529914855957
0.0662534236907959
0.08819580078125
0.09337353706359863
0.07827973365783691
0.07345986366271973
0.07535433769226074
0.07376813888549805
0.09745430946350098
0.1139988899230957
0.1154778003692627
0.14060735702514648
0.14133143424987793
0.13674402236938477
0.1534128189086914
0.2139263153076172
0.09171271324157715
0.07991909980773926
0.0705115795135498
0.07690572738647461
0.10656547546386719
0.10046100616455078
0.07678508758544922
0.07226681709289551
0.07547879219055176
0.0706021785736084
0.06746602058410645
0.06877923011779785
0.0794985294342041
0.07855439186096191
0.07253026962280273
0.06134748458862305
0.0629270076751709
0.0962362289428711
0.1109156608581543
0.09941911697387695
0.11888766288757324
0.1312422752380371
0.13604998588562012
0.13463449478149414
0.17450714111328125
0.1906118392944336
0.08851861953735352
0.08477568626403809
0.08070921897888184
0.09706687927246094
0.09710502624511719
0.0942237377166748
0.08358955383300781
0.08846354484558105
0.08095622062683105
0.08264517784118652
0.07653260231018066
0.08353829383850098
0.08255910873413086
0.07145047187805176
0.0776216983795166
0.10128211975097656
0.1255486011505127
0.1303730010986328
0.13155889511108398
0.13096928596496582
0.14033794403076172
0.1240389347076416
0.19513440132141113
0.10558009147644043
0.09687328338623047
0.07247257232666016
0.08573102951049805
0.09779715538024902
0.10410833358764648
0.08556461334228516
0.07591962814331055
0.07201528549194336
0.08638501167297363
0.07601451873779297
0.07801103591918945
0.08043098449707031
0.0813589096069336
0.07147812843322754
0.07036089897155762
0.08543920516967773
0.10938477516174316
0.1364595890045166
0.11717677116394043
0.12705326080322266
0.11388444900512695
0.11942791938781738
0.16593599319458008
0.20178580284118652
0.11765146255493164
0.07636642456054688
0.08070659637451172
0.08207201957702637
0.10371565818786621
0.09783196449279785
0.07945752143859863
0.07769346237182617
0.07585453987121582
0.07310271263122559
0.0708014965057373
0.08964347839355469
0.07183170318603516
0.07772207260131836
0.07329893112182617
0.07777261734008789
0.09141254425048828
0.11309051513671875
0.10155534744262695
0.1229560375213623
0.11932778358459473
0.12067866325378418
0.12181830406188965
0.1863574981689453
0.1664600372314453
0.09864640235900879
0.08153796195983887
0.07005739212036133
0.09717941284179688
0.12113118171691895
0.08997178077697754
0.07517862319946289
0.08025789260864258
0.07558107376098633
0.07361912727355957
0.07224535942077637
0.07622981071472168
0.0780489444732666
0.07983136177062988
0.06854629516601562
0.08348989486694336
0.10675811767578125
0.1126701831817627
0.11597037315368652
0.13260841369628906
0.11002516746520996
0.13023734092712402
0.17725419998168945
0.19561481475830078
0.10241031646728516
0.07810783386230469
0.07214593887329102
0.0991525650024414
0.10437893867492676
0.07572460174560547
0.07890939712524414
0.09431695938110352
0.07118844985961914
0.073394775390625
0.06939530372619629
0.07692503929138184
0.07045650482177734
0.07475781440734863
0.07369613647460938
0.09098172187805176
0.1114809513092041
0.12338829040527344
0.11544442176818848
0.1124107837677002
0.12087726593017578
0.13305902481079102
0.17664504051208496
0.18438506126403809
0.10590052604675293
0.08880043029785156
0.08433818817138672
0.10507750511169434
0.1087636947631836
0.09521889686584473
0.08202886581420898
0.07242083549499512
0.07559895515441895
0.07648062705993652
0.08269739151000977
0.07336115837097168
0.0722355842590332
0.07271122932434082
0.07958769798278809
0.08160161972045898
0.09866023063659668
0.1286478042602539
0.12368178367614746
0.1306290626525879
0.11537551879882812
0.12489676475524902
0.10998249053955078
0.23450112342834473
0.10922122001647949
0.08445000648498535
0.07600235939025879
0.07428359985351562
0.10914778709411621
0.10519576072692871
0.07376337051391602
0.0714728832244873
0.07266759872436523
0.07861948013305664
0.07076048851013184
0.07581543922424316
0.07325339317321777
0.08156991004943848
0.08281159400939941
0.07110428810119629
0.0770120620727539
0.0899512767791748
0.09804725646972656
0.10993742942810059
0.12182402610778809
0.1124720573425293
0.13775300979614258
0.1267404556274414
0.10193061828613281
0.24774909019470215
0.1304178237915039
0.0948481559753418
0.10442256927490234
0.07986164093017578
0.10381674766540527
0.11105561256408691
0.07789874076843262
0.07623124122619629
0.08106756210327148
0.08355212211608887
0.08408570289611816
0.07108235359191895
0.07825326919555664
0.07730507850646973
0.08046412467956543
0.07397317886352539
0.09180569648742676
0.11556506156921387
0.11312580108642578
0.12459158897399902
0.12711095809936523
0.13049578666687012
0.12607955932617188
0.2635762691497803
0.10283327102661133
0.08567500114440918
0.07195496559143066
0.10291075706481934
0.09351134300231934
0.10537123680114746
0.07467532157897949
0.07217788696289062
0.07940506935119629
0.07221078872680664
0.07485389709472656
0.07834959030151367
0.0791769027709961
0.07387828826904297
0.07696652412414551
0.07413601875305176
0.08888745307922363
0.1209566593170166
0.12349367141723633
0.11719465255737305
0.11309933662414551
0.11962532997131348
0.1312239170074463
0.12392234802246094
0.2113957405090332
0.12665224075317383
0.10834407806396484
0.08738279342651367
0.07328653335571289
0.10192608833312988
0.09956002235412598
0.08446216583251953
0.07314753532409668
0.07942581176757812
0.0760498046875
0.08926510810852051
0.07194280624389648
0.07791447639465332
0.0776975154876709
0.0698401927947998
0.07412552833557129
0.09182119369506836
0.1246790885925293
0.12624120712280273
0.13815760612487793
0.13745450973510742
0.13295817375183105
0.1352977752685547
0.22482085227966309
0.11579298973083496
0.09474825859069824
0.0779428482055664
0.07259345054626465
0.11051750183105469
0.10668039321899414
0.08842062950134277
0.07430410385131836
0.07266807556152344
0.07723188400268555
0.07754135131835938
0.07589173316955566
0.07482671737670898
0.08869719505310059
0.07263851165771484
0.07723736763000488
0.09096598625183105
0.12323546409606934
0.11676311492919922
0.1254897117614746
0.12331843376159668
0.12075281143188477
0.1137080192565918
0.19730067253112793
0.13332080841064453
0.09398841857910156
0.08315300941467285
0.0768730640411377
0.09388613700866699
0.10005927085876465
0.10078740119934082
0.0889883041381836
0.07165336608886719
0.07575511932373047
0.07538294792175293
0.07578301429748535
0.07278323173522949
0.07459521293640137
0.07412505149841309
0.07070589065551758
0.08430624008178711
0.09771513938903809
0.12271547317504883
0.11458373069763184
0.13157868385314941
0.12636017799377441
0.12584710121154785
0.12708830833435059
0.20047545433044434
0.12214875221252441
0.0914764404296875
0.09587335586547852
0.08931517601013184
0.11215019226074219
0.09515738487243652
0.07059192657470703
0.07596516609191895
0.08170628547668457
0.08788466453552246
0.07966136932373047
0.07118654251098633
0.07886075973510742
0.07713150978088379
0.07880401611328125
0.09394025802612305
0.10603952407836914
0.10039067268371582
0.13271141052246094
0.11554765701293945
0.12438154220581055
0.13304495811462402
0.2003343105316162
0.1568748950958252
0.09544157981872559
0.07584357261657715
0.10088062286376953
0.10568857192993164
0.12061715126037598
0.08603405952453613
0.07949495315551758
0.08421802520751953
0.07115960121154785
0.07856035232543945
0.07645392417907715
0.07723736763000488
0.09808206558227539
0.07724380493164062
0.10112476348876953
0.10377836227416992
0.10181760787963867
0.10791015625
0.11986899375915527
0.11651825904846191
0.11566019058227539
0.16419434547424316
0.19247794151306152
0.12174797058105469
0.07659435272216797
0.08739018440246582
0.07923460006713867
0.09820055961608887
0.09939908981323242
0.07201194763183594
0.08634042739868164
0.07736873626708984
0.07895326614379883
0.07219886779785156
0.07736635208129883
0.07311463356018066
0.07833981513977051
0.06969928741455078
0.08052420616149902
0.10343360900878906
0.11435508728027344
0.12097334861755371
0.12214016914367676
0.14983773231506348
0.12273740768432617
0.11539578437805176
0.23203444480895996
0.1567683219909668
0.09186291694641113
0.07880330085754395
0.0702216625213623
0.08919024467468262
0.10039520263671875
0.07491540908813477
0.07510924339294434
0.06724882125854492
0.07742476463317871
0.07833361625671387
0.0740516185760498
0.08534574508666992
0.07418417930603027
0.06986308097839355
0.0718080997467041
0.08611893653869629
0.10164427757263184
0.12305879592895508
0.1368544101715088
0.135209321975708
0.13965892791748047
0.13193273544311523
0.22972893714904785
0.1175379753112793
0.10141801834106445
0.07191300392150879
0.07296347618103027
0.09189605712890625
0.09279441833496094
0.10238170623779297
0.07637643814086914
0.07999086380004883
0.08901333808898926
0.08082890510559082
0.07521581649780273
0.07474851608276367
0.09078073501586914
0.07594013214111328
0.07574701309204102
0.0844721794128418
0.10231947898864746
0.10872030258178711
0.12538957595825195
0.12234354019165039
0.11475872993469238
0.13369441032409668
0.10108351707458496
0.20375871658325195
0.14720439910888672
0.08591961860656738
0.09501814842224121
0.0909276008605957
0.10278558731079102
0.09055113792419434
0.08068156242370605
0.0794837474822998
0.08283233642578125
0.07376551628112793
0.07257509231567383
0.07972455024719238
0.07546710968017578
0.07386207580566406
0.07455945014953613
0.07665848731994629
0.09202003479003906
0.10035514831542969
0.11085176467895508
0.11354255676269531
0.11930155754089355
0.11039018630981445
0.12723731994628906
0.11314940452575684
0.20695781707763672
0.09307503700256348
0.10570573806762695
0.09800195693969727
0.09719300270080566
0.09811878204345703
0.09457588195800781
0.07179522514343262
0.08307671546936035
0.09155821800231934
0.07578277587890625
0.07609772682189941
0.07423520088195801
0.07396817207336426
0.08171582221984863
0.06738686561584473
0.07765769958496094
0.09918427467346191
0.12171053886413574
0.11350727081298828
0.11615872383117676
0.11619234085083008
0.10714006423950195
0.09867334365844727
0.19455313682556152
0.15451812744140625
0.12378454208374023
0.06992816925048828
0.08808732032775879
0.11559605598449707
0.10642528533935547
0.0846860408782959
0.07532262802124023
0.07525348663330078
0.07612109184265137
0.0766904354095459
0.08266568183898926
0.08101081848144531
0.08264493942260742
0.0719144344329834
0.06870841979980469
0.08530449867248535
0.0876610279083252
0.1118621826171875
0.11258578300476074
0.1430199146270752
0.12939691543579102
0.13723301887512207
0.16030645370483398
0.2133641242980957
0.09622573852539062
0.08252072334289551
0.059894561767578125
0.06427645683288574
0.07665228843688965
0.06575965881347656
0.06269454956054688
0.06202888488769531
0.06272196769714355
0.06186628341674805
0.06667256355285645
0.06240558624267578
0.0617365837097168
0.07083797454833984
0.059348106384277344
0.05910468101501465
0.050405263900756836
0.04960370063781738
0.04915165901184082
0.05879950523376465
0.0585942268371582
0.05264687538146973
0.05480027198791504
0.05071139335632324
0.051528215408325195
0.04932284355163574
0.04933452606201172
0.049176931381225586
0.04921603202819824
0.049047231674194336
0.04927873611450195
0.05560183525085449
0.050209999084472656
0.050132036209106445
0.06216263771057129
0.05114293098449707
0.05463886260986328
0.04873394966125488
0.05776095390319824
0.06361079216003418
0.05934023857116699
0.059636831283569336
0.05059695243835449
0.05513644218444824
0.05821657180786133
0.04949188232421875
0.05408000946044922
0.051390647888183594
0.05084943771362305
0.0554964542388916
0.05019736289978027
0.05076122283935547
0.04937243461608887
0.051930904388427734
0.059937238693237305
0.05885767936706543
0.08029675483703613
0.09337329864501953
0.0855708122253418
0.06487035751342773
0.08113956451416016
0.09110784530639648
0.07187747955322266
0.07278156280517578
0.07730984687805176
0.07485461235046387
0.06578254699707031
0.07721209526062012
0.08563041687011719
0.09070801734924316
0.09151697158813477
0.07398009300231934
0.06996726989746094
0.07159757614135742
0.07195401191711426
0.07256603240966797
0.08899641036987305
0.07640695571899414
0.07285952568054199
0.06305241584777832
0.0825660228729248
0.09481024742126465
0.08622503280639648
0.06909680366516113
0.07265901565551758
0.08463811874389648
0.07559871673583984
0.07698345184326172
0.07298040390014648
0.0725712776184082
0.07520151138305664
0.06878471374511719
0.06904864311218262
0.06731700897216797
0.10022854804992676
0.09742593765258789
0.06749296188354492
0.06881999969482422
0.07167410850524902
0.07813453674316406
0.07046771049499512
0.08192801475524902
0.07457447052001953
0.08933568000793457
0.07315325736999512
0.06878876686096191
0.07509422302246094
0.0984954833984375
0.08122110366821289
0.0738534927368164
0.08024215698242188
0.07275390625
0.07904171943664551
0.07290029525756836
0.07483410835266113
0.07339787483215332
0.06927800178527832
0.0650486946105957
0.07074499130249023
0.08386588096618652
0.09903717041015625
0.08077406883239746
0.08129477500915527
0.0754556655883789
0.07305240631103516
0.07595300674438477
0.068939208984375
0.08171272277832031
0.07421588897705078
0.06975269317626953
0.08865523338317871
0.09650993347167969
0.09978842735290527
0.07705068588256836
0.07431650161743164
0.07108449935913086
0.07631111145019531
0.07489967346191406
0.07730960845947266
0.08643484115600586
0.07546734809875488
0.07128357887268066
0.061942338943481445
0.06094527244567871
0.06212306022644043
0.062052249908447266
0.06496047973632812
0.06597661972045898
0.07171082496643066
0.07200980186462402
0.0713496208190918
0.06555438041687012
0.062416791915893555
0.06189990043640137
0.06668305397033691
0.06348514556884766
0.06345224380493164
0.06398510932922363
0.053131818771362305
0.05493497848510742
0.04900646209716797
0.058394670486450195
0.05789899826049805
0.05822110176086426
0.0583038330078125
0.05743074417114258
0.06480121612548828
0.05081820487976074
0.055638790130615234
0.04954242706298828
0.049683332443237305
0.04981422424316406
0.054840803146362305
0.049863576889038086
0.05799269676208496
0.059166908264160156
0.05563211441040039
0.04943656921386719
0.04958510398864746
0.04910540580749512
0.04933047294616699
0.04910111427307129
0.04872703552246094
0.049065589904785156
0.05376148223876953
0.05467629432678223
0.048992156982421875
0.04934406280517578
0.0493009090423584
0.051011085510253906
0.04972267150878906
0.04866218566894531
0.049790382385253906
0.05469679832458496
0.05000114440917969
0.04937314987182617
0.04894232749938965
0.04926729202270508
0.04947304725646973
0.05504965782165527
0.05369973182678223
0.04892730712890625
0.06328558921813965
0.05018353462219238
0.04980182647705078
0.0489964485168457
0.05414295196533203
0.04848837852478027
0.04803180694580078
0.049314260482788086
0.0542142391204834
0.06384992599487305
0.05224442481994629
0.05508542060852051
0.05500221252441406
0.05400896072387695
0.048413753509521484
0.05384325981140137
0.04866838455200195
0.0490419864654541
0.054209232330322266
0.049866437911987305
0.05863046646118164
0.0545806884765625
0.0489659309387207
0.04909801483154297
0.04864788055419922
0.05429267883300781
0.05212593078613281
0.05409693717956543
0.05002188682556152
0.04989147186279297
0.04870772361755371
0.048656463623046875
0.04858565330505371
0.04862380027770996
0.04911303520202637
0.049405574798583984
0.05671072006225586
0.049588918685913086
0.05826306343078613
0.0491793155670166
0.04877161979675293
0.04965090751647949
0.05906200408935547
0.04903101921081543
0.05656003952026367
0.060880422592163086
0.05277729034423828
0.05008554458618164
0.05133461952209473
0.049750566482543945
0.04953312873840332
0.050331830978393555
0.04912734031677246
0.05335259437561035
0.06666970252990723
0.052402496337890625
0.05025482177734375
0.05950641632080078
0.051100730895996094
0.0496976375579834
0.049056053161621094
0.04940080642700195
0.04946446418762207
0.054268836975097656
0.05063223838806152
0.05775618553161621
0.04916739463806152
0.04950666427612305
0.06281256675720215
0.05061531066894531
0.04948163032531738
0.05742692947387695
0.05996441841125488
0.05279898643493652
0.05196571350097656
0.05023384094238281
0.05161738395690918
0.0528717041015625
0.04880547523498535
0.054685115814208984
0.05042290687561035
0.054891109466552734
0.05040431022644043
0.049906015396118164
0.049770355224609375
0.054358720779418945
0.049195289611816406
0.05498909950256348
0.04971623420715332
0.049558401107788086
0.0668649673461914
0.05072283744812012
0.054471731185913086
0.05168890953063965
0.049059152603149414
0.04915165901184082
0.051148176193237305
0.05124187469482422
0.05651402473449707
0.057314157485961914
0.052274465560913086
0.055600643157958984
0.058420658111572266
0.05683755874633789
0.04947543144226074
0.049546241760253906
0.04952692985534668
0.051660776138305664
0.05645251274108887
0.05278468132019043
0.05009055137634277
0.05007505416870117
0.04987764358520508
0.05121564865112305
0.051207780838012695
0.051044464111328125
0.05441927909851074
0.05468034744262695
0.05213022232055664
0.05184769630432129
0.04959559440612793
0.05164051055908203
0.04932045936584473
0.0499265193939209
0.049382925033569336
0.060648202896118164
0.06297969818115234
0.05759882926940918
0.05103349685668945
0.048052072525024414
0.04806923866271973
0.062470436096191406
0.05282258987426758
0.04874157905578613
0.053931236267089844
0.05438852310180664
0.04993891716003418
0.049306392669677734
0.04923558235168457
0.04844403266906738
0.05346083641052246
0.04827475547790527
0.054633140563964844
0.04895472526550293
0.05296492576599121
0.04894614219665527
0.04788327217102051
0.04936075210571289
0.04734969139099121
0.05449342727661133
0.049024343490600586
0.04837965965270996
0.05503964424133301
0.06027841567993164
0.05009007453918457
0.055405378341674805
0.04924178123474121
0.049425363540649414
0.048883914947509766
0.058099985122680664
0.053818702697753906
0.04933881759643555
0.0634927749633789
0.04980587959289551
0.05135035514831543
0.04923748970031738
0.04885506629943848
0.04851579666137695
0.04815244674682617
0.04904007911682129
0.05436968803405762
0.06003212928771973
0.05009007453918457
0.049041032791137695
0.04848766326904297
0.048529863357543945
0.0490727424621582
0.048751115798950195
0.048330068588256836
0.04891157150268555
0.05304121971130371
0.05533480644226074
0.05491757392883301
0.05439305305480957
0.04931282997131348
0.05511140823364258
0.04908180236816406
0.048662662506103516
0.04884815216064453
0.05426144599914551
0.04990839958190918
0.04908037185668945
0.05089545249938965
0.048998355865478516
0.05403709411621094
0.0480804443359375
0.04854178428649902
0.05419778823852539
0.053787946701049805
0.049276113510131836
0.054837703704833984
0.049489736557006836
0.05486106872558594
0.05420994758605957
0.049428462982177734
0.0487215518951416
0.04897117614746094
0.054407596588134766
0.057486772537231445
0.04892420768737793
0.04880380630493164
0.04895472526550293
0.04835104942321777
0.048734426498413086
0.04857683181762695
0.048494815826416016
0.05338406562805176
0.05927681922912598
0.05949044227600098
0.05821990966796875
0.04901289939880371
0.04966425895690918
0.049042701721191406
0.04915142059326172
0.049601078033447266
0.05485963821411133
0.05626392364501953
0.049907684326171875
0.04969477653503418
0.048902273178100586
0.04920840263366699
0.05437040328979492
0.04895949363708496
0.054290771484375
0.05524182319641113
0.058936119079589844
0.05944108963012695
0.04895591735839844
0.04872608184814453
0.04874706268310547
0.04873180389404297
0.048421382904052734
0.05429983139038086
0.05405068397521973
0.05346322059631348
0.04946160316467285
0.04888486862182617
0.05542564392089844
0.04868364334106445
0.053524017333984375
0.04881882667541504
0.06363224983215332
0.05684256553649902
0.05027365684509277
0.04955697059631348
0.05067181587219238
0.04869985580444336
0.05414414405822754
0.048772573471069336
0.05059623718261719
0.04952859878540039
0.06770014762878418
0.054405927658081055
0.05022835731506348
0.05587339401245117
0.05814647674560547
0.053736209869384766
0.05124783515930176
0.053432464599609375
0.05956149101257324
0.06473541259765625
0.057965755462646484
0.04901242256164551
0.05561399459838867
0.04865455627441406
0.0600132942199707
0.054239511489868164
0.050064802169799805
0.05487561225891113
0.05359768867492676
0.049780845642089844
0.049683570861816406
0.04836583137512207
0.048675537109375
0.0481867790222168
0.04949021339416504
0.04830741882324219
0.05392265319824219
0.053933143615722656
0.05559253692626953
0.04935717582702637
0.0485377311706543
0.04858994483947754
0.04939103126525879
0.05093979835510254
0.04864048957824707
0.06472134590148926
0.06647920608520508
0.06624436378479004
0.05990004539489746
0.058690786361694336
0.05173802375793457
0.054312944412231445
0.04946398735046387
0.04919743537902832
0.04940032958984375
0.0548398494720459
0.05837512016296387
0.050047874450683594
0.04940485954284668
0.04943990707397461
0.049236297607421875
0.04920339584350586
0.05473828315734863
0.05529165267944336
0.05644798278808594
0.050254106521606445
0.04984092712402344
0.06326532363891602
0.04914379119873047
0.0497136116027832
0.049605607986450195
0.04953503608703613
0.050426483154296875
0.06144070625305176
0.05010652542114258
0.05000138282775879
0.05839896202087402
0.05140399932861328
0.049475669860839844
0.054136037826538086
0.05479574203491211
0.0506749153137207
0.05497622489929199
0.05015826225280762
0.049889564514160156
0.04925179481506348
0.04981184005737305
0.04937434196472168
0.05520892143249512
0.04980325698852539
0.05035996437072754
0.05492448806762695
0.050963640213012695
0.0502474308013916
0.04984092712402344
0.04932737350463867
0.0493011474609375
0.049416303634643555
0.049845218658447266
0.054724931716918945
0.0630183219909668
0.05175900459289551
0.05556988716125488
0.049035072326660156
0.04854583740234375
0.053847312927246094
0.048998355865478516
0.05769968032836914
0.05609250068664551
0.05390119552612305
0.049807071685791016
0.04948592185974121
0.04898381233215332
0.049477577209472656
0.04870343208312988
0.049092769622802734
0.054262638092041016
0.04888296127319336
0.05350065231323242
0.049866437911987305
0.049479007720947266
0.049004554748535156
0.049245595932006836
0.0486905574798584
0.04867386817932129
0.04920244216918945
0.053656816482543945
0.05402946472167969
0.05557584762573242
0.05095314979553223
0.04945015907287598
0.060338735580444336
0.04819941520690918
0.04763364791870117
0.05004739761352539
0.04866147041320801
0.05912661552429199
0.04997658729553223
0.04938697814941406
0.04869818687438965
0.06320357322692871
0.05059361457824707
0.04855799674987793
0.04913735389709473
0.04996800422668457
0.06740093231201172
0.05788421630859375
0.05032038688659668
0.04887723922729492
0.054221391677856445
0.06123948097229004
0.04871630668640137
0.04825401306152344
0.059568166732788086
0.0536348819732666
0.05033445358276367
0.0499267578125
0.05763721466064453
0.049205780029296875
0.04779505729675293
0.04739713668823242
0.0484771728515625
0.049088478088378906
0.05364561080932617
0.04954814910888672
0.04895210266113281
0.04805922508239746
0.048300981521606445
0.048546791076660156
0.048076629638671875
0.04824423789978027
0.05440473556518555
0.06379961967468262
0.05187582969665527
0.05499720573425293
0.06021618843078613
0.05000734329223633
0.051650047302246094
0.05045294761657715
0.05173921585083008
0.05365252494812012
0.05656599998474121
0.06341552734375
0.052370309829711914
0.05165243148803711
0.05199098587036133
0.051370859146118164
0.050904273986816406
0.05164670944213867
0.05736565589904785
0.056984663009643555
0.05244255065917969
0.05176663398742676
0.051209449768066406
0.0517125129699707
0.057581424713134766
0.05453920364379883
0.049341678619384766
0.057862043380737305
0.056745290756225586
0.052483558654785156
0.05155515670776367
0.051601409912109375
0.05147385597229004
0.05119895935058594
0.051288604736328125
0.05134248733520508
0.051801443099975586
0.05677986145019531
0.5090451240539551
0.057710886001586914
0.06396126747131348
0.057863473892211914
0.061982154846191406
0.057105302810668945
0.06251788139343262
0.06768178939819336
0.06919264793395996
0.07388186454772949
0.06822371482849121
0.0720374584197998
0.06650447845458984
0.06325554847717285
0.061812639236450195
0.06269049644470215
0.06632781028747559
0.06740331649780273
0.07148432731628418
0.05877685546875
0.06444120407104492
0.05716657638549805
0.05693387985229492
0.062250614166259766
0.05698895454406738
0.0567476749420166
0.05701947212219238
0.07586383819580078
0.05600452423095703
0.06078600883483887
0.05870699882507324
0.06272268295288086
0.056488752365112305
0.056072235107421875
0.06461143493652344
0.06166362762451172
0.06560802459716797
0.05532956123352051
0.05837273597717285
0.058332204818725586
0.05849480628967285
0.06409001350402832
0.05794525146484375
0.05743908882141113
0.06407356262207031
0.06568765640258789
0.05802011489868164
0.05507636070251465
0.05478644371032715
0.05831623077392578
0.05777573585510254
0.058382272720336914
0.0593264102935791
0.05831170082092285
0.07272458076477051
0.06386351585388184
0.05514025688171387
0.057407379150390625
0.05564737319946289
0.06110262870788574
0.05455732345581055
0.06311726570129395
0.05487537384033203
0.06171822547912598
0.05457115173339844
0.05447959899902344
0.05748629570007324
0.06401681900024414
0.0571286678314209
0.05573296546936035
0.05572056770324707
0.05510902404785156
0.06182527542114258
0.05499267578125
0.05597233772277832
0.05636191368103027
0.05615568161010742
0.0563204288482666
