              precision    recall  f1-score   support

           0       1.00      0.90      0.95       237
           1       0.94      1.00      0.97       596
           2       1.00      0.93      0.96       294
           3       0.92      0.98      0.95       311
           4       1.00      1.00      1.00       466
           5       0.90      0.96      0.93       618
           6       0.97      0.98      0.97       242
           7       0.99      0.90      0.94       655

    accuracy                           0.96      3419
   macro avg       0.96      0.96      0.96      3419
weighted avg       0.96      0.96      0.96      3419

