0.34726405143737793
0.06665372848510742
0.05739164352416992
0.048932790756225586
0.04475283622741699
0.04401969909667969
0.04447770118713379
0.04427671432495117
0.05234980583190918
0.04460453987121582
0.04410505294799805
0.044432878494262695
0.0486750602722168
0.04452681541442871
0.04428505897521973
0.04385876655578613
0.044417381286621094
0.04388713836669922
0.043593645095825195
0.05125737190246582
0.04902291297912598
0.048709869384765625
0.04454660415649414
0.04476499557495117
0.043795108795166016
0.04380655288696289
0.04378819465637207
0.04418778419494629
0.04433083534240723
0.044049739837646484
0.0517580509185791
0.04460954666137695
0.04454660415649414
0.043814659118652344
0.04460024833679199
0.04366350173950195
0.04393172264099121
0.04393649101257324
0.04407644271850586
0.04896116256713867
0.04481315612792969
0.04434657096862793
0.044466257095336914
0.044094085693359375
0.04400897026062012
0.04386758804321289
0.04398226737976074
0.04393267631530762
0.048778533935546875
0.04459190368652344
0.044020652770996094
0.04411673545837402
0.04421114921569824
0.043518781661987305
0.044210195541381836
0.04381251335144043
0.044722557067871094
0.04871630668640137
0.0442507266998291
0.04375886917114258
0.04422140121459961
0.043836116790771484
0.04366350173950195
0.04334425926208496
0.04373955726623535
0.04429268836975098
0.04884743690490723
0.04462885856628418
0.044129371643066406
0.04404020309448242
0.04388833045959473
0.04310870170593262
0.04352307319641113
0.043213605880737305
0.043759822845458984
0.04816389083862305
0.04449796676635742
0.0437014102935791
0.05175352096557617
0.043324947357177734
0.04366755485534668
0.04700422286987305
0.0438687801361084
0.04491233825683594
0.04914402961730957
0.04504203796386719
0.04352998733520508
0.044049978256225586
0.04418826103210449
0.043965816497802734
0.04371285438537598
0.04386019706726074
0.04361248016357422
0.04842114448547363
0.04443693161010742
0.05617070198059082
0.04394125938415527
0.04415559768676758
0.043439388275146484
0.04314827919006348
0.05116677284240723
0.04416799545288086
0.05221295356750488
0.04471921920776367
0.043970584869384766
0.04400515556335449
0.04393124580383301
0.04383540153503418
0.04395580291748047
0.043668270111083984
0.04336905479431152
0.04892778396606445
0.044541358947753906
0.04400920867919922
0.04358959197998047
0.043820858001708984
0.04323554039001465
0.04342150688171387
0.04343295097351074
0.04402446746826172
0.048590898513793945
0.05199909210205078
0.04534792900085449
0.04355430603027344
0.04366159439086914
0.04303789138793945
0.04323935508728027
0.04373884201049805
0.04415607452392578
0.0487825870513916
0.04523658752441406
0.0444340705871582
0.04360175132751465
0.043760061264038086
0.04393291473388672
0.0433506965637207
0.04591083526611328
0.04480719566345215
0.04995226860046387
0.04466724395751953
0.044142961502075195
0.04445838928222656
0.04411792755126953
0.04422783851623535
0.0438838005065918
0.04401087760925293
0.044306278228759766
0.04913687705993652
0.044536590576171875
0.04387164115905762
0.043663978576660156
0.04379463195800781
0.043558359146118164
0.04383134841918945
0.0440518856048584
0.043785810470581055
0.04906654357910156
0.0525205135345459
0.04464125633239746
0.04374074935913086
0.043486833572387695
0.04362916946411133
0.04329824447631836
0.05084037780761719
0.04375576972961426
0.048363685607910156
0.043872833251953125
0.04383206367492676
0.04388737678527832
0.04346060752868652
0.04315948486328125
0.04326939582824707
0.04302859306335449
0.043465614318847656
0.048322200775146484
0.04392814636230469
0.04315328598022461
0.04362154006958008
0.04376959800720215
0.043305397033691406
0.0435795783996582
0.051193952560424805
0.05169868469238281
0.05259847640991211
0.0440526008605957
0.04397845268249512
0.0440976619720459
0.04386496543884277
0.04414939880371094
0.04419684410095215
0.0441739559173584
0.044461965560913086
0.0491328239440918
0.051656484603881836
0.04655027389526367
0.044202566146850586
0.04410743713378906
0.04332733154296875
0.04423832893371582
0.043579816818237305
0.04390072822570801
0.0485382080078125
0.04456043243408203
0.05160856246948242
0.05128598213195801
0.05154585838317871
0.04912209510803223
0.043218135833740234
0.044008493423461914
0.04969620704650879
0.048545122146606445
0.04431509971618652
0.04389810562133789
0.04379749298095703
0.05074024200439453
0.0435333251953125
0.043839454650878906
0.05188584327697754
0.04433941841125488
0.05206036567687988
0.04455900192260742
0.04406261444091797
0.04375863075256348
0.043793678283691406
0.043335676193237305
0.04339408874511719
0.04343867301940918
0.0437319278717041
0.04842638969421387
0.04455280303955078
0.04421114921569824
0.04384660720825195
0.05109834671020508
0.043402671813964844
0.04349064826965332
0.04418635368347168
0.04384660720825195
0.04903459548950195
0.05186796188354492
0.04971742630004883
0.043387413024902344
0.05355048179626465
0.0488429069519043
0.04544496536254883
0.04540085792541504
0.045404911041259766
0.05675148963928223
0.04627680778503418
0.04354286193847656
0.04346418380737305
0.04311633110046387
0.042888641357421875
0.04309225082397461
0.04332923889160156
0.043616533279418945
0.04799056053161621
0.0440676212310791
0.04358410835266113
0.04385066032409668
0.04377317428588867
0.04345417022705078
0.04373598098754883
0.043729543685913086
0.0514678955078125
0.04833483695983887
0.045882225036621094
0.04595637321472168
0.04620766639709473
0.05088305473327637
0.04604196548461914
0.04587244987487793
0.04633688926696777
0.04572319984436035
0.051485538482666016
0.04657435417175293
0.043703556060791016
0.04328322410583496
0.04366278648376465
0.043184757232666016
0.04531979560852051
0.04327702522277832
0.04390311241149902
0.048300981521606445
0.04688668251037598
0.04609107971191406
0.04610800743103027
0.04598355293273926
0.04295969009399414
0.043393611907958984
0.04385495185852051
0.046094417572021484
0.048345088958740234
0.046843767166137695
0.04617714881896973
0.04313373565673828
0.04427194595336914
0.04369783401489258
0.043764591217041016
0.043462514877319336
0.04384613037109375
0.04870939254760742
0.047156333923339844
0.0520021915435791
0.044159889221191406
0.04342246055603027
0.04349112510681152
0.04352569580078125
0.04339766502380371
0.043964385986328125
0.0485081672668457
0.046323299407958984
0.0460202693939209
0.04611539840698242
0.04380941390991211
0.04541301727294922
0.04560542106628418
0.04504275321960449
0.04396796226501465
0.05008959770202637
0.04645037651062012
0.04375004768371582
0.04576516151428223
0.04294943809509277
0.046094655990600586
0.05120444297790527
0.04543304443359375
0.045168161392211914
0.05040740966796875
0.04706168174743652
0.05160832405090332
0.04419136047363281
0.043990135192871094
0.04285860061645508
0.04385733604431152
0.0437932014465332
0.04396510124206543
0.04863286018371582
0.04406476020812988
0.044159650802612305
0.04400777816772461
0.04376578330993652
0.04352283477783203
0.043730974197387695
0.046207427978515625
0.046469688415527344
0.04880046844482422
0.04477047920227051
0.04644274711608887
0.04634904861450195
0.050436973571777344
0.04587674140930176
0.04264092445373535
0.043003082275390625
0.043192148208618164
0.04816102981567383
0.044257164001464844
0.04358220100402832
0.04350852966308594
0.04346060752868652
0.0428769588470459
0.04304027557373047
0.043100833892822266
0.04319024085998535
0.04801821708679199
0.04421257972717285
0.04348158836364746
0.043379783630371094
0.043669939041137695
0.043067216873168945
0.04365205764770508
0.04316520690917969
0.04386019706726074
0.04865074157714844
0.043979644775390625
0.043775081634521484
0.043302297592163086
0.04269862174987793
0.043305158615112305
0.04253244400024414
0.043045759201049805
0.043787240982055664
0.0484006404876709
0.04424238204956055
0.044184207916259766
0.04402279853820801
0.04385232925415039
0.043142080307006836
0.04366660118103027
0.04377174377441406
0.04284834861755371
0.04789590835571289
0.04398298263549805
0.04359555244445801
0.04387331008911133
0.043485164642333984
0.04335594177246094
0.04346346855163574
0.04311561584472656
0.04413652420043945
0.04835033416748047
0.04357504844665527
0.04381704330444336
0.04334664344787598
0.0432889461517334
0.04308629035949707
0.04366731643676758
0.04338502883911133
0.04442739486694336
0.048987388610839844
0.04438495635986328
0.04390859603881836
0.043663978576660156
0.04330253601074219
0.04360032081604004
0.04290175437927246
0.051178693771362305
0.049189090728759766
0.04925847053527832
0.044423580169677734
0.04442930221557617
0.04414534568786621
0.04390549659729004
0.0435333251953125
0.043880462646484375
0.04350638389587402
0.04563021659851074
0.04903817176818848
0.04421043395996094
0.04442477226257324
0.044167280197143555
0.04467630386352539
0.04372072219848633
0.05074620246887207
0.05093741416931152
0.044072866439819336
0.04781913757324219
0.04357314109802246
0.04364466667175293
0.04334139823913574
0.04341435432434082
0.04293656349182129
0.04394412040710449
0.04363846778869629
0.04367423057556152
0.049094438552856445
0.04436326026916504
0.0440518856048584
0.043567657470703125
0.043591976165771484
0.04338812828063965
0.051248788833618164
0.051692962646484375
0.048294782638549805
0.04848814010620117
0.04417538642883301
0.04392528533935547
0.043741464614868164
0.04376983642578125
0.043102264404296875
0.04307961463928223
0.044126272201538086
0.04375004768371582
0.048371315002441406
0.044699668884277344
0.04428458213806152
0.04398918151855469
0.043888092041015625
0.043433427810668945
0.04258847236633301
0.043335676193237305
0.043337106704711914
0.05681109428405762
0.050328731536865234
0.05198836326599121
0.04921674728393555
0.04419422149658203
0.04338264465332031
0.043874263763427734
0.043997764587402344
0.04469180107116699
0.04858255386352539
0.05217576026916504
0.043839454650878906
0.044422149658203125
0.04387211799621582
0.04294443130493164
0.04337906837463379
0.04286670684814453
0.044315338134765625
0.048599958419799805
0.04470252990722656
0.0438992977142334
0.04364132881164551
0.04333353042602539
0.0431675910949707
0.054223060607910156
0.05086970329284668
0.0519108772277832
0.05209159851074219
0.04437422752380371
0.044115304946899414
0.04392266273498535
0.04325103759765625
0.04639387130737305
0.04311251640319824
0.04353070259094238
0.04675173759460449
0.05088400840759277
0.0465550422668457
0.046292781829833984
0.04648995399475098
0.04366564750671387
0.0460507869720459
0.04572343826293945
0.045961856842041016
0.0472111701965332
0.0516057014465332
0.0470430850982666
0.044458627700805664
0.04633212089538574
0.04614710807800293
0.04947662353515625
0.04337739944458008
0.04328131675720215
0.04384016990661621
0.04780316352844238
0.04398536682128906
0.044428110122680664
0.04387187957763672
0.043639421463012695
0.04291105270385742
0.043732643127441406
0.04304838180541992
0.04406261444091797
0.04879403114318848
0.044687509536743164
0.0447542667388916
0.04377388954162598
0.043670654296875
0.04329204559326172
0.043448448181152344
0.043587446212768555
0.044718027114868164
0.04838228225708008
0.04424238204956055
0.043659210205078125
0.04332137107849121
0.043161630630493164
0.04308485984802246
0.05217123031616211
0.045191049575805664
0.0448002815246582
0.04919004440307617
0.04438948631286621
0.04465985298156738
0.04435229301452637
0.04338192939758301
0.04346323013305664
0.04359865188598633
0.04303407669067383
0.04469180107116699
0.05737447738647461
0.0528566837310791
0.04924178123474121
0.04367828369140625
0.04420042037963867
0.04992103576660156
0.04385781288146973
0.04425406455993652
0.04472613334655762
0.048981428146362305
0.04505276679992676
0.04434800148010254
0.0440974235534668
0.043964385986328125
0.043100833892822266
0.04393291473388672
0.04372668266296387
0.0446162223815918
0.048860788345336914
0.04436206817626953
0.04433870315551758
0.043894290924072266
0.043627262115478516
0.043060302734375
0.04399824142456055
0.044045209884643555
0.04448437690734863
0.05683779716491699
0.04516410827636719
0.044818878173828125
0.04456448554992676
0.04344534873962402
0.043697357177734375
0.04430675506591797
0.043259620666503906
0.04452204704284668
0.04794955253601074
0.044728994369506836
0.04489922523498535
0.04469799995422363
0.04485583305358887
0.04356646537780762
0.043142080307006836
0.04321789741516113
0.044907331466674805
0.049334049224853516
0.04532885551452637
0.04628443717956543
0.04357194900512695
0.04357337951660156
0.043750762939453125
0.04369020462036133
0.04399394989013672
0.044530391693115234
0.04939579963684082
0.044487714767456055
0.04430794715881348
0.04351234436035156
0.04426383972167969
0.051053524017333984
0.043421268463134766
0.04362130165100098
0.04466867446899414
0.04890561103820801
0.044913530349731445
0.05121803283691406
0.04374432563781738
0.04411458969116211
0.04493093490600586
0.04413795471191406
0.04448509216308594
0.04465436935424805
0.048883676528930664
0.04425644874572754
0.04408693313598633
0.043580055236816406
0.044251441955566406
0.0440824031829834
0.04422712326049805
0.043466806411743164
0.04454994201660156
0.04956626892089844
0.045104026794433594
0.04444599151611328
0.04376029968261719
0.04358220100402832
0.04402565956115723
0.0438382625579834
0.043767452239990234
0.044509172439575195
0.048276662826538086
0.04459857940673828
0.0441436767578125
0.04377412796020508
0.04414987564086914
0.044013023376464844
0.04398083686828613
0.04437398910522461
0.04483222961425781
0.04841804504394531
0.046959877014160156
0.044873714447021484
0.04413294792175293
0.043480873107910156
0.04317450523376465
0.043435096740722656
0.04402518272399902
0.04519319534301758
0.04928445816040039
0.04500627517700195
0.043358564376831055
0.04366183280944824
0.04343461990356445
0.04344367980957031
0.043103933334350586
0.04389071464538574
0.04482555389404297
0.05007624626159668
0.044416189193725586
0.0444645881652832
0.04369759559631348
0.044095754623413086
0.04419302940368652
0.050720930099487305
0.043465375900268555
0.043869733810424805
0.048543691635131836
0.04460620880126953
0.052368879318237305
0.049326181411743164
0.044129133224487305
0.04398298263549805
0.04399561882019043
0.04391288757324219
0.04491782188415527
0.056557655334472656
0.04424238204956055
0.04413437843322754
0.04404807090759277
0.04400324821472168
0.04370307922363281
0.04320716857910156
0.0433657169342041
0.045261383056640625
0.04898524284362793
0.05209469795227051
0.05098748207092285
0.0434260368347168
0.043425559997558594
0.04333329200744629
0.043290138244628906
0.044106483459472656
0.049390316009521484
0.05045604705810547
0.04442930221557617
0.04404401779174805
0.04387998580932617
0.04384016990661621
0.04425764083862305
0.04352927207946777
0.04387831687927246
0.04519510269165039
0.04921531677246094
0.04467201232910156
0.04367995262145996
0.04433083534240723
0.04355645179748535
0.04338502883911133
0.04320502281188965
0.04373788833618164
0.04337453842163086
0.048239946365356445
0.04381084442138672
0.044242143630981445
0.04370594024658203
0.043189287185668945
0.04434323310852051
0.04368162155151367
0.05124020576477051
0.048954010009765625
0.049059152603149414
0.0446774959564209
0.043798208236694336
0.0438995361328125
0.043212175369262695
0.04320883750915527
0.04351091384887695
0.04322195053100586
0.044745445251464844
0.04875993728637695
0.04417300224304199
0.04410195350646973
0.04406332969665527
0.043993473052978516
0.04295969009399414
0.04327559471130371
0.04375267028808594
0.04419422149658203
0.04875683784484863
0.0442655086517334
0.05147361755371094
0.05060529708862305
0.04372715950012207
0.04354047775268555
0.04330921173095703
0.04438638687133789
0.0447077751159668
0.04850459098815918
0.045006513595581055
0.052239179611206055
0.04369068145751953
0.043929100036621094
0.0434567928314209
0.052017927169799805
0.04319953918457031
0.043755292892456055
0.0498812198638916
0.044547080993652344
0.044005393981933594
0.04365229606628418
0.04352569580078125
0.043822526931762695
0.04478597640991211
0.04350018501281738
0.043365478515625
0.0488436222076416
0.04497528076171875
0.04385089874267578
0.04399991035461426
0.05133962631225586
0.05106854438781738
0.0547487735748291
0.050478219985961914
0.0462956428527832
0.0511631965637207
0.04669594764709473
0.046335458755493164
0.04610729217529297
0.0459446907043457
0.04567837715148926
0.04549455642700195
0.045853614807128906
0.04761457443237305
0.05162334442138672
0.04763674736022949
0.046613454818725586
0.04640364646911621
0.046013593673706055
0.045946359634399414
0.04614400863647461
0.04554915428161621
0.04925084114074707
0.05772209167480469
0.04715466499328613
0.046424150466918945
0.049542903900146484
0.043431997299194336
0.0430760383605957
0.04360795021057129
0.05186343193054199
0.043976783752441406
0.04934382438659668
0.044472455978393555
0.04390835762023926
0.044306278228759766
0.043959617614746094
0.043433427810668945
0.04311990737915039
0.043502092361450195
0.04431724548339844
0.049226999282836914
0.04511737823486328
0.04426932334899902
0.04395627975463867
0.05101370811462402
0.04799509048461914
0.04477739334106445
0.052491188049316406
0.04475712776184082
0.04981493949890137
0.04503679275512695
0.044602155685424805
0.04431462287902832
0.04349875450134277
0.04423356056213379
0.04404950141906738
0.04424262046813965
0.04481983184814453
0.04900622367858887
0.04424715042114258
0.04388999938964844
0.043569326400756836
0.043956756591796875
0.04388070106506348
0.04376220703125
0.04346752166748047
0.04497098922729492
0.048822879791259766
0.04445314407348633
0.04428696632385254
0.05152106285095215
0.052054405212402344
0.047463178634643555
0.044094085693359375
0.043312788009643555
0.04397892951965332
0.04854607582092285
0.04382205009460449
0.04352879524230957
0.043482065200805664
0.043909549713134766
0.04328608512878418
0.04272127151489258
0.043207406997680664
0.04449892044067383
0.04798078536987305
0.04412984848022461
0.04381585121154785
0.04353737831115723
0.04354739189147949
0.04331636428833008
0.0437769889831543
0.04341745376586914
0.044474124908447266
0.056844472885131836
0.044476985931396484
0.04427838325500488
0.05032491683959961
0.04376506805419922
0.04340338706970215
0.04397082328796387
0.043471574783325195
0.04403519630432129
0.04850411415100098
0.04426121711730957
0.043790578842163086
0.05258965492248535
0.04383134841918945
0.0437166690826416
0.0440824031829834
0.04760313034057617
0.04517936706542969
0.04964113235473633
0.04496026039123535
0.04449915885925293
0.04476428031921387
0.04361724853515625
0.04373526573181152
0.04324150085449219
0.04336810111999512
0.0439455509185791
0.049433231353759766
0.04476761817932129
0.044676780700683594
0.05201554298400879
0.043544769287109375
0.044518232345581055
0.04387331008911133
0.04482722282409668
0.04479265213012695
0.04933333396911621
0.04489731788635254
0.04488420486450195
0.04360198974609375
0.04344296455383301
0.05088543891906738
0.043731689453125
0.043863773345947266
0.04470419883728027
0.05386638641357422
0.044328927993774414
0.04405951499938965
0.04408383369445801
0.04328441619873047
0.04353475570678711
0.04360771179199219
0.04366731643676758
0.052490234375
0.04853367805480957
0.04439902305603027
0.04335141181945801
0.043399810791015625
0.05199265480041504
0.04455375671386719
0.04437994956970215
0.04437708854675293
0.04449963569641113
0.0496368408203125
0.044498443603515625
0.05499672889709473
0.04406476020812988
0.04310178756713867
0.04333853721618652
0.05072927474975586
0.05113959312438965
0.044077157974243164
0.04882979393005371
0.044641733169555664
0.04618215560913086
0.044066667556762695
0.04361295700073242
0.043961286544799805
0.04375910758972168
0.04475760459899902
0.04496169090270996
0.05079936981201172
0.045046091079711914
0.044795989990234375
0.051671504974365234
0.04492044448852539
0.043364763259887695
0.04315614700317383
0.044127702713012695
0.05322146415710449
0.05730271339416504
0.04504060745239258
0.04462170600891113
0.043961524963378906
0.04378771781921387
0.04443526268005371
0.04442167282104492
0.04442119598388672
0.044948577880859375
0.04878997802734375
0.0448765754699707
0.044438838958740234
0.04416966438293457
0.044470787048339844
0.04374337196350098
0.04372119903564453
0.05446791648864746
0.045068979263305664
0.04948925971984863
0.04471611976623535
0.043978214263916016
0.04663395881652832
0.046354055404663086
0.0464019775390625
0.04666757583618164
0.04625821113586426
0.04474902153015137
0.04935002326965332
0.04535651206970215
0.046657562255859375
0.04451107978820801
0.04462909698486328
0.0465543270111084
0.04448390007019043
0.04412102699279785
0.04507088661193848
0.0496068000793457
0.045461416244506836
0.0467376708984375
0.0458369255065918
0.04582929611206055
0.04598808288574219
0.04583573341369629
0.04415273666381836
0.0531008243560791
0.04946398735046387
0.04506087303161621
0.04462146759033203
0.04440903663635254
0.04428672790527344
0.04472804069519043
0.0440216064453125
0.04447340965270996
0.05244922637939453
0.05733799934387207
0.04542064666748047
0.04438495635986328
0.04380035400390625
0.04413461685180664
0.04407501220703125
0.0435490608215332
0.044280052185058594
0.04472684860229492
0.049192190170288086
0.044852256774902344
0.04442763328552246
0.04453015327453613
0.04429984092712402
0.04457807540893555
0.044205665588378906
0.04376578330993652
0.044568538665771484
0.04873490333557129
0.044464111328125
0.044611454010009766
0.0550227165222168
0.04488682746887207
0.053777456283569336
0.04574108123779297
0.04620838165283203
0.046849966049194336
0.051717281341552734
0.04476499557495117
0.04621171951293945
0.051622629165649414
0.04619956016540527
0.04577064514160156
0.045305728912353516
0.045508623123168945
0.04641866683959961
0.05385613441467285
0.04468655586242676
0.04377579689025879
0.04603838920593262
0.04645395278930664
0.04555177688598633
0.04545116424560547
0.05098271369934082
0.04417777061462402
0.049031972885131836
0.04408097267150879
0.043775081634521484
0.04379773139953613
0.043343544006347656
0.044008493423461914
0.04375457763671875
0.04406452178955078
0.0443875789642334
0.04816102981567383
0.04363298416137695
0.04423379898071289
0.04405379295349121
0.044077396392822266
0.043418169021606445
0.04368758201599121
0.043384552001953125
0.04399847984313965
0.048291921615600586
0.04405355453491211
0.04359745979309082
0.0429079532623291
0.0435948371887207
0.04360342025756836
0.05130815505981445
0.0439608097076416
0.043969154357910156
0.048128366470336914
0.04378151893615723
0.04362130165100098
0.04864215850830078
0.04430270195007324
0.051712989807128906
0.05173087120056152
0.04807591438293457
0.04427385330200195
0.04895758628845215
0.044374942779541016
0.04418540000915527
0.04389810562133789
0.04389762878417969
0.043039798736572266
0.04386496543884277
0.04325699806213379
0.04516410827636719
0.057595014572143555
0.055573463439941406
0.055481672286987305
0.046417236328125
0.04590201377868652
0.04582667350769043
0.04585075378417969
0.05018472671508789
0.044934988021850586
0.049031734466552734
0.044873952865600586
0.04460310935974121
0.04441213607788086
0.04417276382446289
0.043959856033325195
0.04453778266906738
0.05078887939453125
0.04810476303100586
0.048825740814208984
0.04411745071411133
0.04415702819824219
0.043639183044433594
0.04435992240905762
0.05150890350341797
0.0438230037689209
0.04375863075256348
0.04440140724182129
0.049134016036987305
0.04479026794433594
0.044095516204833984
0.044500112533569336
0.04395437240600586
0.04464459419250488
0.04393458366394043
0.043906450271606445
0.04526925086975098
0.049050092697143555
0.04558849334716797
0.05487871170043945
0.044884681701660156
0.04422116279602051
0.04377317428588867
0.044095516204833984
0.04413342475891113
0.0450284481048584
0.048961639404296875
0.0449070930480957
0.04463791847229004
0.044841766357421875
0.04404902458190918
0.04447031021118164
0.05211901664733887
0.04527735710144043
0.04469180107116699
0.04932975769042969
0.054772377014160156
0.04393625259399414
0.04421114921569824
0.0479886531829834
0.04340195655822754
0.04364442825317383
0.04592561721801758
0.04728436470031738
0.05113840103149414
0.044359445571899414
0.046439170837402344
0.0440065860748291
0.04420924186706543
0.04391765594482422
0.04362750053405762
0.043404579162597656
0.04454231262207031
0.04931783676147461
0.04674220085144043
0.046167850494384766
0.045241594314575195
0.04327678680419922
0.044473886489868164
0.05167889595031738
0.0436556339263916
0.04366445541381836
0.05038857460021973
0.35262179374694824
0.04984307289123535
0.050136566162109375
0.049546241760253906
0.04985690116882324
0.04982137680053711
0.04977750778198242
0.049660444259643555
0.05742359161376953
0.06281256675720215
0.049460411071777344
0.04921460151672363
0.04970550537109375
0.0491487979888916
0.04988527297973633
0.049665212631225586
0.05704164505004883
0.04959392547607422
0.05577230453491211
0.049506187438964844
0.058388710021972656
0.05356788635253906
0.049932241439819336
0.04979681968688965
0.04910755157470703
0.04906320571899414
0.05019354820251465
0.05562877655029297
0.0496823787689209
0.0495142936706543
0.04984474182128906
0.049266815185546875
0.049303293228149414
0.04978442192077637
0.050180673599243164
0.050928592681884766
0.05695819854736328
0.05023312568664551
0.05842900276184082
0.05216073989868164
0.05023360252380371
0.056964874267578125
0.04932069778442383
0.049546241760253906
0.04984641075134277
0.05536031723022461
0.05015754699707031
0.0487213134765625
0.04879140853881836
0.04908156394958496
0.0492100715637207
0.04968070983886719
0.0501248836517334
0.05849313735961914
0.05607438087463379
0.05046725273132324
0.05811882019042969
0.050650835037231445
0.05021357536315918
0.050864219665527344
0.05145573616027832
0.050812721252441406
0.050267934799194336
0.05626320838928223
0.05045580863952637
0.04970598220825195
0.05006814002990723
0.04996538162231445
0.049459218978881836
0.04968070983886719
0.04896903038024902
0.0580136775970459
0.05575442314147949
0.049384355545043945
0.05778980255126953
0.04999804496765137
0.0491032600402832
0.04919123649597168
0.04903864860534668
0.04830765724182129
0.0482330322265625
0.05425763130187988
0.04893612861633301
0.04820895195007324
0.04834794998168945
0.04812335968017578
0.05669140815734863
0.05125570297241211
0.04979872703552246
0.04944801330566406
0.05381178855895996
0.04846453666687012
0.04979586601257324
0.04946088790893555
0.0485844612121582
0.04853510856628418
0.056298017501831055
0.050305843353271484
0.04796910285949707
0.05420422554016113
0.04807305335998535
0.04776453971862793
0.04726004600524902
0.047165870666503906
0.046803951263427734
0.046137094497680664
0.046707868576049805
0.0462801456451416
0.05262327194213867
0.04655265808105469
0.04609203338623047
0.04673004150390625
0.04625105857849121
0.04582858085632324
0.04575991630554199
0.0452730655670166
0.04550647735595703
0.053070783615112305
0.046164512634277344
0.04572868347167969
0.04521584510803223
0.045510292053222656
0.05287885665893555
0.04555678367614746
0.04505324363708496
0.045351505279541016
0.05105113983154297
0.04542207717895508
0.04517626762390137
0.05293679237365723
0.04789090156555176
0.048662424087524414
0.05132699012756348
0.04456019401550293
0.04443001747131348
0.050199031829833984
0.04528212547302246
0.04426383972167969
0.04425215721130371
0.04389643669128418
0.044039011001586914
0.04333806037902832
0.04419589042663574
0.04419088363647461
0.050339698791503906
0.04459214210510254
0.04406595230102539
0.0442047119140625
0.0441594123840332
0.04328417778015137
0.043454885482788086
0.043813467025756836
0.04292416572570801
0.049234867095947266
0.04463624954223633
0.04419255256652832
0.043691158294677734
0.04333090782165527
0.04365706443786621
0.043740034103393555
0.04343414306640625
0.043565988540649414
0.04900336265563965
0.04381394386291504
0.0436551570892334
0.04288673400878906
0.04314446449279785
0.04359865188598633
0.04251837730407715
0.0433957576751709
0.04421734809875488
0.048809051513671875
0.04391288757324219
0.043804168701171875
0.043349504470825195
0.04309201240539551
0.04333233833312988
0.04271531105041504
0.04389643669128418
0.042882680892944336
0.04889655113220215
0.043898582458496094
0.043365478515625
0.04372715950012207
0.04337120056152344
0.04302382469177246
0.04317331314086914
0.043274641036987305
0.04381990432739258
0.04950380325317383
0.044484853744506836
0.04403257369995117
0.04409384727478027
0.04365873336791992
0.04372215270996094
0.04388928413391113
0.043326377868652344
0.044217586517333984
0.04888653755187988
0.044092655181884766
0.0438084602355957
0.04405713081359863
0.05126643180847168
0.04354524612426758
0.04346799850463867
0.04328417778015137
0.043631553649902344
0.048048973083496094
0.044132232666015625
0.05174756050109863
0.046044349670410156
0.04344296455383301
0.05109691619873047
0.04369163513183594
0.04314398765563965
0.04362630844116211
0.04918026924133301
0.04409193992614746
0.04371142387390137
0.04384493827819824
0.043518781661987305
0.04299521446228027
0.043367862701416016
0.04377555847167969
0.04384636878967285
0.04858064651489258
0.05208873748779297
0.05242013931274414
0.0467534065246582
0.04365205764770508
0.04345345497131348
0.04344820976257324
0.042836904525756836
0.0440828800201416
0.04892110824584961
0.05171775817871094
0.043776512145996094
0.04390454292297363
0.05073666572570801
0.04345369338989258
0.044104576110839844
0.043486595153808594
0.043503761291503906
0.049085378646850586
0.049709320068359375
0.044498443603515625
0.05205392837524414
0.05054187774658203
0.05090498924255371
0.04885077476501465
0.043229103088378906
0.04349040985107422
0.04822945594787598
0.044026851654052734
0.044106483459472656
0.043416738510131836
0.04308652877807617
0.0438079833984375
0.04326629638671875
0.04331064224243164
0.043534278869628906
0.04924798011779785
0.052136898040771484
0.04616141319274902
0.04405474662780762
0.044066667556762695
0.04330110549926758
0.04377889633178711
0.04358983039855957
0.04370713233947754
0.04870247840881348
0.0448756217956543
0.04334425926208496
0.0439605712890625
0.043555259704589844
0.043328046798706055
0.05144214630126953
0.044797658920288086
0.044567108154296875
0.04900240898132324
0.04452013969421387
0.045091867446899414
0.04399752616882324
0.044064998626708984
0.044046640396118164
0.044219017028808594
0.043883562088012695
0.04409313201904297
0.04871535301208496
0.04471874237060547
0.04412055015563965
0.04428744316101074
0.04366922378540039
0.044389963150024414
0.04379987716674805
0.04405546188354492
0.04416704177856445
0.04844999313354492
0.0449519157409668
0.0440363883972168
0.04433131217956543
0.04424405097961426
0.0436251163482666
0.043401479721069336
0.04405379295349121
0.04471945762634277
0.04876112937927246
0.04929542541503906
0.044292449951171875
0.043883562088012695
0.043518781661987305
0.04351496696472168
0.043582916259765625
0.04433917999267578
0.05123543739318848
0.048548221588134766
0.044486284255981445
0.04414844512939453
0.04371142387390137
0.04365849494934082
0.043121337890625
0.043976783752441406
0.04329729080200195
0.043845415115356445
0.049085378646850586
0.04401135444641113
0.044014692306518555
0.04408717155456543
0.04413414001464844
0.04340982437133789
0.04340052604675293
0.04395461082458496
0.0434422492980957
0.04825472831726074
0.043883323669433594
0.04404568672180176
0.04437971115112305
0.04365277290344238
0.04332709312438965
0.04342389106750488
0.044620513916015625
0.04384326934814453
0.04854393005371094
0.044382572174072266
0.04370260238647461
0.04392743110656738
0.043811798095703125
0.04326820373535156
0.043660640716552734
0.043668508529663086
0.043580055236816406
0.04823946952819824
0.044121503829956055
0.04385066032409668
0.04381203651428223
0.043514251708984375
0.04388856887817383
0.0446314811706543
0.04385113716125488
0.0440826416015625
0.049047231674194336
0.04455423355102539
0.044286251068115234
0.04400014877319336
0.04421520233154297
0.04309201240539551
0.04293370246887207
0.04337024688720703
0.04338550567626953
0.048642635345458984
0.04406452178955078
0.0437166690826416
0.043769121170043945
0.04284071922302246
0.043057918548583984
0.04328656196594238
0.043122053146362305
0.0437924861907959
0.04828619956970215
0.04446220397949219
0.04425406455993652
0.043592214584350586
0.043682098388671875
0.053049325942993164
0.04773449897766113
0.04354047775268555
0.043564796447753906
0.048188209533691406
0.04410862922668457
0.044196128845214844
0.04370236396789551
0.04315662384033203
0.043804168701171875
0.043251752853393555
0.04324007034301758
0.04450392723083496
0.0490572452545166
0.045076608657836914
0.0443882942199707
0.043940067291259766
0.04359579086303711
0.04348111152648926
0.04346656799316406
0.04386401176452637
0.044786691665649414
0.0482480525970459
0.0444180965423584
0.044019460678100586
0.04410886764526367
0.04374980926513672
0.04307365417480469
0.04369354248046875
0.04370474815368652
0.04400968551635742
0.049127817153930664
0.04431962966918945
0.043822526931762695
0.043707847595214844
0.04363441467285156
0.04310417175292969
0.04365873336791992
0.043866872787475586
0.04380464553833008
0.04814720153808594
0.04404902458190918
0.04374980926513672
0.043244123458862305
0.043288230895996094
0.044269561767578125
0.04444289207458496
0.04351949691772461
0.043764591217041016
0.05672740936279297
0.05008435249328613
0.044121742248535156
0.04328608512878418
0.04391956329345703
0.0428769588470459
0.04412412643432617
0.051499366760253906
0.0491480827331543
0.04898381233215332
0.0447087287902832
0.044100046157836914
0.04388093948364258
0.043640851974487305
0.04381728172302246
0.045197248458862305
0.04337453842163086
0.04409003257751465
0.04797029495239258
0.04397249221801758
0.04416823387145996
0.044031381607055664
0.044074058532714844
0.044037580490112305
0.04381275177001953
0.043718576431274414
0.04341483116149902
0.048073768615722656
0.04522371292114258
0.04471945762634277
0.04443526268005371
0.043216705322265625
0.04447650909423828
0.04340481758117676
0.04327893257141113
0.04447603225708008
0.04863715171813965
0.04428601264953613
0.04422950744628906
0.04453587532043457
0.043929338455200195
0.043460845947265625
0.044595956802368164
0.04411745071411133
0.044316768646240234
0.0489809513092041
0.0453953742980957
0.04445004463195801
0.044759511947631836
0.04394245147705078
0.04343771934509277
0.04402613639831543
0.04375004768371582
0.05171036720275879
0.04950308799743652
0.047363996505737305
0.04390263557434082
0.04355812072753906
0.04361462593078613
0.043062448501586914
0.04349517822265625
0.04322314262390137
0.04350423812866211
0.04854941368103027
0.04472637176513672
0.04424595832824707
0.04409170150756836
0.04260087013244629
0.04396319389343262
0.043164730072021484
0.043102264404296875
0.0437474250793457
0.04840350151062012
0.044707298278808594
0.044136762619018555
0.04346776008605957
0.04315948486328125
0.04326891899108887
0.043306827545166016
0.0441889762878418
0.043541908264160156
0.04785633087158203
0.04416942596435547
0.04444146156311035
0.04418468475341797
0.04335165023803711
0.04365396499633789
0.043178558349609375
0.0441129207611084
0.043923139572143555
0.05646634101867676
0.044895172119140625
0.04416847229003906
0.050951480865478516
0.044989585876464844
0.04372429847717285
0.04378080368041992
0.044363975524902344
0.04323077201843262
0.048253536224365234
0.043883323669433594
0.043898820877075195
0.043684959411621094
0.04302239418029785
0.04315829277038574
0.046268463134765625
0.0435795783996582
0.05492234230041504
0.04928994178771973
0.044599294662475586
0.04379749298095703
0.04410696029663086
0.043700456619262695
0.043692827224731445
0.05431175231933594
0.04272198677062988
0.043350934982299805
0.04816317558288574
0.04382896423339844
0.05150771141052246
0.04647493362426758
0.04327392578125
0.043485164642333984
0.04379916191101074
0.04295992851257324
0.043898820877075195
0.04808855056762695
0.04463982582092285
0.04335784912109375
0.04993033409118652
0.04314684867858887
0.04331612586975098
0.04322171211242676
0.043778419494628906
0.04456353187561035
0.04851841926574707
0.04413270950317383
0.043794870376586914
0.04376721382141113
0.04372715950012207
0.043813228607177734
0.04417681694030762
0.04290366172790527
0.0440976619720459
0.04876255989074707
0.044362545013427734
0.0517115592956543
0.05127692222595215
0.05015277862548828
0.04340624809265137
0.05155038833618164
0.04339265823364258
0.04417014122009277
0.048671722412109375
0.044402360916137695
0.04587268829345703
0.04452061653137207
0.043680667877197266
0.043146371841430664
0.0431671142578125
0.04389166831970215
0.04345297813415527
0.04810190200805664
0.04467654228210449
0.04400634765625
0.04401445388793945
0.043602943420410156
0.043927669525146484
0.04340195655822754
0.04357552528381348
0.04433465003967285
0.05726432800292969
0.045038461685180664
0.04711127281188965
0.044464826583862305
0.04367208480834961
0.04449772834777832
0.04385852813720703
0.044286489486694336
0.044137001037597656
0.05543351173400879
0.05412697792053223
0.04932689666748047
0.04443168640136719
0.044374704360961914
0.04399824142456055
0.04424262046813965
0.0435338020324707
0.04480290412902832
0.04933047294616699
0.04507875442504883
0.0446467399597168
0.04424786567687988
0.04369926452636719
0.04420828819274902
0.043866634368896484
0.04385113716125488
0.04427313804626465
0.04888463020324707
0.044168949127197266
0.044657230377197266
0.04410505294799805
0.04382133483886719
0.043350934982299805
0.04421186447143555
0.05146217346191406
0.04899716377258301
0.04891848564147949
0.044666290283203125
0.044164180755615234
0.043872833251953125
0.043306589126586914
0.04340243339538574
0.043608665466308594
0.0512843132019043
0.0522005558013916
0.04900717735290527
0.04471755027770996
0.04429507255554199
0.05052828788757324
0.04395890235900879
0.043920040130615234
0.04453396797180176
0.04392552375793457
0.05169391632080078
0.04992318153381348
0.04437971115112305
0.044661521911621094
0.044171810150146484
0.05186176300048828
0.047705888748168945
0.044072866439819336
0.043466806411743164
0.052497148513793945
0.0578160285949707
0.0488126277923584
0.04591107368469238
0.043915510177612305
0.0512089729309082
0.04567980766296387
0.04398703575134277
0.0436704158782959
0.043378591537475586
0.04855489730834961
0.04376077651977539
0.04370856285095215
0.04353809356689453
0.04389810562133789
0.04363298416137695
0.043771982192993164
0.05374908447265625
0.052030324935913086
0.051099538803100586
0.046959877014160156
0.04660344123840332
0.04410672187805176
0.04316592216491699
0.05352354049682617
0.04412436485290527
0.043512582778930664
0.05122065544128418
0.057517051696777344
0.046085357666015625
0.04452848434448242
0.05217885971069336
0.04341769218444824
0.04375600814819336
0.04414939880371094
0.043692827224731445
0.04372739791870117
0.04978799819946289
0.04461359977722168
0.04393267631530762
0.05213737487792969
0.045676231384277344
0.04329419136047363
0.043465614318847656
0.044725894927978516
0.04435157775878906
0.049160003662109375
0.044740915298461914
0.05170488357543945
0.04713273048400879
0.04393720626831055
0.04398036003112793
0.043839216232299805
0.043938398361206055
0.04369521141052246
0.04933667182922363
0.04441547393798828
0.04414510726928711
0.04421377182006836
0.04365110397338867
0.0435178279876709
0.04468488693237305
0.04442763328552246
0.043894052505493164
0.04909372329711914
0.04516124725341797
0.04404449462890625
0.044504642486572266
0.04376816749572754
0.043674468994140625
0.043631553649902344
0.044339895248413086
0.044670820236206055
0.049001455307006836
0.044801950454711914
0.04442238807678223
0.04419350624084473
0.043939828872680664
0.04421210289001465
0.05145764350891113
0.04429030418395996
0.049723148345947266
0.05510282516479492
0.04410958290100098
0.044028282165527344
0.04397726058959961
0.043174028396606445
0.04334712028503418
0.04407644271850586
0.043909311294555664
0.043633460998535156
0.048708438873291016
0.04413008689880371
0.044272661209106445
0.043951988220214844
0.043616294860839844
0.04344773292541504
0.04384422302246094
0.043451786041259766
0.04377174377441406
0.04965400695800781
0.04516458511352539
0.044519662857055664
0.0440676212310791
0.04360222816467285
0.04365849494934082
0.04394388198852539
0.04316854476928711
0.04474020004272461
0.04884767532348633
0.04433751106262207
0.04420733451843262
0.05154252052307129
0.048349618911743164
0.043623924255371094
0.04396986961364746
0.04354596138000488
0.04419422149658203
0.04849958419799805
0.0445103645324707
0.04452943801879883
0.04407358169555664
0.051802873611450195
0.05152559280395508
0.04404306411743164
0.044296979904174805
0.051561594009399414
0.04869532585144043
0.044780731201171875
0.044358015060424805
0.043892860412597656
0.04389667510986328
0.04372882843017578
0.04368281364440918
0.04365110397338867
0.044233083724975586
0.048477888107299805
0.04373502731323242
0.051698923110961914
0.04394936561584473
0.04612612724304199
0.043520450592041016
0.04394865036010742
0.04346323013305664
0.043498992919921875
0.04863548278808594
0.04489636421203613
0.043898820877075195
0.04408860206604004
0.04381823539733887
0.04344511032104492
0.043431997299194336
0.04482626914978027
0.04408097267150879
0.04876565933227539
0.04428720474243164
0.04444241523742676
0.04375314712524414
0.051769256591796875
0.05150651931762695
0.04775667190551758
0.043643951416015625
0.0444643497467041
0.05714702606201172
0.0449979305267334
0.04430079460144043
0.04360175132751465
0.04276442527770996
0.04291033744812012
0.04401350021362305
0.04360079765319824
0.043581247329711914
0.04840731620788574
0.0444941520690918
0.04435610771179199
0.04351210594177246
0.043036460876464844
0.04336380958557129
0.04309558868408203
0.04343581199645996
0.044615745544433594
0.05648016929626465
0.04667997360229492
0.043373823165893555
0.05138969421386719
0.04870772361755371
0.04335904121398926
0.04354739189147949
0.04438138008117676
0.04385733604431152
0.04912281036376953
0.04391932487487793
0.043493032455444336
0.04360508918762207
0.042888641357421875
0.043699026107788086
0.043366432189941406
0.0433039665222168
0.04360818862915039
0.04955410957336426
0.04483294486999512
0.04484272003173828
0.04444456100463867
0.04393506050109863
0.04294538497924805
0.043921470642089844
0.04337787628173828
0.04421520233154297
0.04862189292907715
0.044381141662597656
0.0442500114440918
0.043726205825805664
0.04334878921508789
0.04321575164794922
0.04333138465881348
0.04353022575378418
0.05269575119018555
0.05772066116333008
0.04577183723449707
0.04315924644470215
0.04398298263549805
0.04391789436340332
0.04283714294433594
0.042963504791259766
0.0433201789855957
0.04363131523132324
0.0481114387512207
0.04428291320800781
0.0432591438293457
0.04301309585571289
0.043103694915771484
0.04303765296936035
0.043740272521972656
0.0437314510345459
0.043647050857543945
0.04849386215209961
0.053070783615112305
0.05150485038757324
0.04885506629943848
0.05203366279602051
0.051763296127319336
0.044409751892089844
0.044202327728271484
0.04426431655883789
0.04953289031982422
0.045000553131103516
0.044320106506347656
0.043967485427856445
0.04358506202697754
0.044141292572021484
0.04372239112854004
0.04362940788269043
0.04409003257751465
0.048491477966308594
0.044698238372802734
0.04360508918762207
0.051634788513183594
0.0435481071472168
0.04431962966918945
0.0438992977142334
0.04387784004211426
0.04397463798522949
0.04944252967834473
0.045012712478637695
0.04457879066467285
0.04440665245056152
0.044089317321777344
0.04416656494140625
0.04375910758972168
0.04353952407836914
0.04456901550292969
0.05718803405761719
0.044189453125
0.04561972618103027
0.044164419174194336
0.04428601264953613
0.04342818260192871
0.043906211853027344
0.043663978576660156
0.04384350776672363
0.049021005630493164
0.04494428634643555
0.04448246955871582
0.04447031021118164
0.04339337348937988
0.04327130317687988
0.04347968101501465
0.04390120506286621
0.044062137603759766
0.04926443099975586
0.04436182975769043
0.04424238204956055
0.04429268836975098
0.04354429244995117
0.04460334777832031
0.04379534721374512
0.044171810150146484
0.0440521240234375
0.04955720901489258
0.044785261154174805
0.044597625732421875
0.04369401931762695
0.0439295768737793
0.04335594177246094
0.043726205825805664
0.044036149978637695
0.04512929916381836
0.0493474006652832
0.05208325386047363
0.048665523529052734
0.04375433921813965
0.04359841346740723
0.04344320297241211
0.04384779930114746
0.043808698654174805
0.04391598701477051
0.049181461334228516
0.04485893249511719
0.04397416114807129
0.0441136360168457
0.04367518424987793
0.043439388275146484
0.043805837631225586
0.043824195861816406
0.043874263763427734
0.05680251121520996
0.04776453971862793
0.043886423110961914
0.04423975944519043
0.043254852294921875
0.04354405403137207
0.04357123374938965
0.043315887451171875
0.05150914192199707
0.05719304084777832
0.05273914337158203
0.04463696479797363
0.04420304298400879
0.051500797271728516
0.043930768966674805
0.04313230514526367
0.04342842102050781
0.051528215408325195
0.048647165298461914
0.04461860656738281
0.044214487075805664
0.04356575012207031
0.043126583099365234
0.044411659240722656
0.04353523254394531
0.04392433166503906
0.04398488998413086
0.04937148094177246
0.04469442367553711
0.044210195541381836
0.044153690338134766
0.043380022048950195
0.04333996772766113
0.04387354850769043
0.043709516525268555
0.04309535026550293
0.04901456832885742
0.044458866119384766
0.044291019439697266
0.04444479942321777
0.04327583312988281
0.0432589054107666
0.043163299560546875
0.04251360893249512
0.04450798034667969
0.04893016815185547
0.04430651664733887
0.043897151947021484
0.04341530799865723
0.043730974197387695
0.04343533515930176
0.043714046478271484
0.04296994209289551
0.04404807090759277
0.04866790771484375
0.04454183578491211
0.04419445991516113
0.04396843910217285
0.04378080368041992
0.04355740547180176
0.043633460998535156
0.04414033889770508
0.04438328742980957
0.04911231994628906
0.04472637176513672
0.04444265365600586
0.044725656509399414
0.04407835006713867
0.04335665702819824
0.04322028160095215
0.04398298263549805
0.05173802375793457
0.05848574638366699
0.04539895057678223
0.05203580856323242
0.05214953422546387
0.04382014274597168
0.04391980171203613
0.04404640197753906
0.044623613357543945
0.04426169395446777
0.048577308654785156
0.044077157974243164
0.043639421463012695
0.04304647445678711
0.0434725284576416
0.0433351993560791
0.04342079162597656
0.04358506202697754
0.04392051696777344
0.04996848106384277
0.044643402099609375
0.0444796085357666
0.044191598892211914
0.04421281814575195
0.05201292037963867
0.044345855712890625
0.05037188529968262
0.051432132720947266
0.049802303314208984
0.04458189010620117
0.04455757141113281
0.04407906532287598
0.04402494430541992
0.044310569763183594
0.044150352478027344
0.04370880126953125
0.044417381286621094
0.049137115478515625
0.04527401924133301
0.0542757511138916
0.05188345909118652
0.047801971435546875
0.04407930374145508
0.04377937316894531
0.04355478286743164
0.053069353103637695
0.048450469970703125
0.046863555908203125
0.04386496543884277
0.04590559005737305
0.04356193542480469
0.045501708984375
0.04609203338623047
0.043521881103515625
0.044133663177490234
0.04877305030822754
0.04437851905822754
0.04431796073913574
0.04413127899169922
0.04367208480834961
0.0438840389251709
0.04413175582885742
0.044027090072631836
0.04613471031188965
0.05057263374328613
0.047060489654541016
0.046422481536865234
0.04368853569030762
0.04321455955505371
0.044339895248413086
0.04608964920043945
0.045836448669433594
0.04603695869445801
0.056964874267578125
0.0456697940826416
0.044344425201416016
0.04411506652832031
0.04565858840942383
0.04340410232543945
0.05115795135498047
0.051956892013549805
0.04750657081604004
0.04831290245056152
0.0447697639465332
0.04405522346496582
0.0513153076171875
0.043906211853027344
0.043906450271606445
0.04379105567932129
0.0433659553527832
0.043877601623535156
0.04859328269958496
0.044007062911987305
0.04359793663024902
0.04328417778015137
0.04378175735473633
0.051642417907714844
0.05116391181945801
0.043699026107788086
0.043810129165649414
0.04887795448303223
0.04422163963317871
0.0445094108581543
0.043736934661865234
0.04356837272644043
0.04362130165100098
0.04388093948364258
0.04335141181945801
0.043909311294555664
0.04830503463745117
0.0450739860534668
0.04423356056213379
0.04421854019165039
0.04366278648376465
0.043829917907714844
0.043745994567871094
0.05180716514587402
0.05228996276855469
0.048964738845825195
0.04449582099914551
0.047698974609375
0.05130767822265625
0.044168710708618164
0.043892621994018555
0.043291330337524414
0.04326939582824707
0.04472947120666504
0.048598289489746094
0.04478764533996582
0.04434347152709961
0.04401803016662598
0.04348325729370117
0.04359292984008789
0.04381895065307617
0.043920040130615234
0.04387164115905762
0.04865384101867676
0.05251288414001465
0.045266151428222656
0.05246376991271973
0.04648232460021973
0.0435786247253418
0.043775081634521484
0.0433506965637207
0.04441952705383301
0.048966169357299805
0.35543274879455566
0.05081677436828613
0.050905704498291016
0.050830841064453125
0.05061531066894531
0.05039167404174805
0.05076336860656738
0.05090188980102539
0.05607461929321289
0.050512075424194336
0.05010581016540527
0.05036425590515137
0.05085468292236328
0.05100655555725098
0.05023527145385742
0.05081629753112793
0.05833697319030762
0.0577847957611084
0.05113577842712402
0.05031585693359375
0.05004262924194336
0.049761295318603516
0.05025434494018555
0.05105924606323242
0.05083799362182617
0.050528764724731445
0.05696678161621094
0.05097341537475586
0.05052971839904785
0.05112433433532715
0.05071449279785156
0.05336642265319824
0.05089235305786133
0.05802655220031738
0.0529627799987793
0.05720019340515137
0.05021524429321289
0.05037999153137207
0.050177812576293945
0.050699472427368164
0.04967951774597168
0.05013728141784668
0.04955649375915527
0.05063319206237793
0.056032657623291016
0.04991865158081055
0.049276113510131836
0.050203561782836914
0.0498194694519043
0.04982113838195801
0.04962301254272461
0.04952740669250488
0.04961562156677246
0.05597114562988281
0.04959392547607422
0.04938864707946777
0.05029630661010742
0.05018281936645508
0.050518035888671875
0.050589561462402344
0.05909419059753418
0.05366349220275879
0.0574951171875
0.051375627517700195
0.05145406723022461
0.05160641670227051
0.05072426795959473
0.05086064338684082
0.05145978927612305
0.05936312675476074
0.05328106880187988
0.06145811080932617
0.05320310592651367
0.05795550346374512
0.05447864532470703
0.0504302978515625
0.05022287368774414
0.0529172420501709
0.05277442932128906
0.04972362518310547
0.05625629425048828
0.050061941146850586
0.04974102973937988
0.053064584732055664
0.05219578742980957
0.04925847053527832
0.04906487464904785
0.048699378967285156
0.04840898513793945
0.05508255958557129
0.04911446571350098
0.05136394500732422
0.0512690544128418
0.0504305362701416
0.047844886779785156
0.05008554458618164
0.05096626281738281
0.051206111907958984
0.0571141242980957
0.04992938041687012
0.04994034767150879
0.05629682540893555
0.05164647102355957
0.05293154716491699
0.05260634422302246
0.052123069763183594
0.04977011680603027
0.0639047622680664
0.049651384353637695
0.05014801025390625
0.05672717094421387
0.04925656318664551
0.0494227409362793
0.049201011657714844
0.04817986488342285
0.04813551902770996
0.054840087890625
0.055646657943725586
0.051444292068481445
0.05600857734680176
0.047170162200927734
0.046906471252441406
0.04669761657714844
0.04636788368225098
0.04560565948486328
0.05328178405761719
0.04653120040893555
0.04543733596801758
0.04539608955383301
0.04538226127624512
0.045076847076416016
0.044852495193481445
0.05250263214111328
0.05024242401123047
0.05188488960266113
0.04599142074584961
0.04546785354614258
0.0448458194732666
0.0494542121887207
0.04513740539550781
0.04416227340698242
0.04455995559692383
0.04500746726989746
0.0513153076171875
0.045851945877075195
0.04441356658935547
0.04478025436401367
0.04501152038574219
0.044162750244140625
0.04484367370605469
0.04445290565490723
0.04429125785827637
0.05014371871948242
0.04487204551696777
0.04438209533691406
0.05216479301452637
0.04419279098510742
0.044927120208740234
0.04344010353088379
0.04365801811218262
0.04447770118713379
0.055573463439941406
0.04518270492553711
0.04453754425048828
0.04405522346496582
0.04385685920715332
0.043753862380981445
0.04388570785522461
0.04362058639526367
0.04408669471740723
0.04973006248474121
0.04505419731140137
0.044646501541137695
0.05210566520690918
0.0479276180267334
0.044036149978637695
0.04412555694580078
0.043723344802856445
0.04414844512939453
0.049527883529663086
0.04471850395202637
0.04415154457092285
0.043973445892333984
0.04375028610229492
0.04447674751281738
0.0539851188659668
0.05479693412780762
0.04918694496154785
0.05150103569030762
0.04436326026916504
0.04645180702209473
0.04649209976196289
0.04362034797668457
0.04399561882019043
0.04353022575378418
0.04368090629577637
0.0461878776550293
0.04866909980773926
0.04440951347351074
0.05228757858276367
0.04732036590576172
0.04366636276245117
0.04390072822570801
0.043581247329711914
0.04368305206298828
0.05259561538696289
0.050315141677856445
0.04500889778137207
0.04412555694580078
0.04557967185974121
0.045252323150634766
0.043612003326416016
0.04438471794128418
0.04369926452636719
0.04407954216003418
0.04921889305114746
0.04503798484802246
0.04488515853881836
0.04416990280151367
0.04365110397338867
0.04325366020202637
0.043866872787475586
0.043271780014038086
0.044751882553100586
0.04954648017883301
0.04518294334411621
0.04459524154663086
0.044127464294433594
0.044359683990478516
0.04445338249206543
0.04366159439086914
0.0433199405670166
0.04404091835021973
0.04906463623046875
0.04469490051269531
0.0447540283203125
0.04420828819274902
0.04383206367492676
0.04395580291748047
0.04443979263305664
0.04378032684326172
0.04406285285949707
0.049031972885131836
0.04493093490600586
0.04442453384399414
0.0439605712890625
0.043389081954956055
0.05091381072998047
0.04791975021362305
0.04317212104797363
0.04404878616333008
0.049298763275146484
0.04448509216308594
0.04460644721984863
0.04486513137817383
0.04440474510192871
0.0442805290222168
0.04440045356750488
0.044347524642944336
0.04430580139160156
0.04988241195678711
0.04508066177368164
0.04461860656738281
0.04475736618041992
0.0441281795501709
0.051937103271484375
0.04345130920410156
0.043444156646728516
0.04378628730773926
0.05702066421508789
0.04460859298706055
0.04463601112365723
0.044080495834350586
0.0433199405670166
0.044216156005859375
0.04423952102661133
0.04405832290649414
0.043609619140625
0.04933357238769531
0.04468131065368652
0.0443723201751709
0.043692588806152344
0.04389595985412598
0.04409503936767578
0.043709516525268555
0.043671369552612305
0.04367828369140625
0.05826234817504883
0.04767799377441406
0.04504108428955078
0.04489493370056152
0.04473733901977539
0.044129133224487305
0.0433809757232666
0.04387974739074707
0.04458141326904297
0.04945993423461914
0.05267620086669922
0.04446268081665039
0.04452633857727051
0.04413199424743652
0.04391002655029297
0.04421877861022949
0.04417538642883301
0.04392123222351074
0.04913592338562012
0.04455232620239258
0.04406857490539551
0.04404902458190918
0.04379987716674805
0.04421401023864746
0.04351019859313965
0.04353737831115723
0.04381585121154785
0.04895377159118652
0.04509282112121582
0.044753074645996094
0.0443880558013916
0.04301023483276367
0.04334855079650879
0.043913841247558594
0.044162750244140625
0.04365968704223633
0.057352542877197266
0.04485654830932617
0.05343937873840332
0.04602956771850586
0.044040679931640625
0.044402122497558594
0.043840646743774414
0.04326653480529785
0.044208526611328125
0.049829721450805664
0.044823408126831055
0.0445864200592041
0.04419898986816406
0.044298410415649414
0.04315304756164551
0.04442334175109863
0.04398059844970703
0.044632673263549805
0.050147056579589844
0.04511904716491699
0.04457736015319824
0.04405069351196289
0.043439388275146484
0.04340171813964844
0.043450355529785156
0.04328298568725586
0.044130802154541016
0.04896116256713867
0.04461264610290527
0.044930458068847656
0.04467296600341797
0.04439711570739746
0.04656028747558594
0.04508376121520996
0.05102062225341797
0.044400930404663086
0.058553218841552734
0.0514066219329834
0.044907569885253906
0.04464268684387207
0.0440981388092041
0.04486227035522461
0.04469871520996094
0.04413604736328125
0.051702260971069336
0.05132484436035156
0.04476284980773926
0.04422712326049805
0.044859886169433594
0.04442191123962402
0.043793678283691406
0.044442176818847656
0.05160117149353027
0.051400184631347656
0.048645973205566406
0.044658660888671875
0.04380464553833008
0.04382514953613281
0.04427504539489746
0.04360151290893555
0.04370713233947754
0.044053077697753906
0.044350624084472656
0.04937148094177246
0.04469442367553711
0.04418182373046875
0.04407644271850586
0.044180870056152344
0.04568624496459961
0.04451251029968262
0.04321575164794922
0.044077396392822266
0.04983258247375488
0.044438838958740234
0.04446744918823242
0.04404282569885254
0.043190717697143555
0.043615102767944336
0.044020652770996094
0.04303932189941406
0.04418778419494629
0.0488889217376709
0.04503774642944336
0.04476213455200195
0.0522465705871582
0.043958425521850586
0.04393649101257324
0.043770551681518555
0.043227195739746094
0.04336237907409668
0.05991625785827637
0.04517102241516113
0.044309139251708984
0.051943063735961914
0.0436246395111084
0.04330158233642578
0.04360556602478027
0.04401540756225586
0.05148434638977051
0.05396747589111328
0.05226707458496094
0.046395301818847656
0.04414820671081543
0.043401241302490234
0.04791402816772461
0.04289412498474121
0.04350852966308594
0.043282508850097656
0.04910016059875488
0.044164180755615234
0.04460263252258301
0.05189228057861328
0.0444185733795166
0.04374408721923828
0.044789791107177734
0.04376935958862305
0.043764352798461914
0.049458980560302734
0.04508852958679199
0.04462265968322754
0.04366803169250488
0.04360198974609375
0.04352426528930664
0.043523311614990234
0.04299616813659668
0.04404902458190918
0.048967599868774414
0.04412198066711426
0.043927907943725586
0.043886661529541016
0.043666839599609375
0.043276309967041016
0.04405474662780762
0.043608665466308594
0.05102801322937012
0.04902815818786621
0.044672250747680664
0.044023752212524414
0.044115304946899414
0.04407763481140137
0.043717384338378906
0.05444073677062988
0.05309891700744629
0.05307292938232422
0.05052614212036133
0.04507160186767578
0.045220375061035156
0.04477500915527344
0.04445314407348633
0.04518556594848633
0.04438495635986328
0.04432559013366699
0.0517575740814209
0.053125619888305664
0.04537487030029297
0.04511237144470215
0.044518232345581055
0.04392814636230469
0.04367780685424805
0.04371953010559082
0.04486227035522461
0.04451179504394531
0.049896240234375
0.04528188705444336
0.0442965030670166
0.044020891189575195
0.04424858093261719
0.0447535514831543
0.044103145599365234
0.04416489601135254
0.0438077449798584
0.05717658996582031
0.05069756507873535
0.04451441764831543
0.04406261444091797
0.05158424377441406
0.04980731010437012
0.04393482208251953
0.04338788986206055
0.04385733604431152
0.050054073333740234
0.044632911682128906
0.04431319236755371
0.04411792755126953
0.0435636043548584
0.0435938835144043
0.043648481369018555
0.04394888877868652
0.04395771026611328
0.04940962791442871
0.044074296951293945
0.04433560371398926
0.04424428939819336
0.04361224174499512
0.043773651123046875
0.0433812141418457
0.044121742248535156
0.044063568115234375
0.04957437515258789
0.04490041732788086
0.04466366767883301
0.04366731643676758
0.043909311294555664
0.0438990592956543
0.044404029846191406
0.043179988861083984
0.043988704681396484
0.05023694038391113
0.044693946838378906
0.04485011100769043
0.044573307037353516
0.044538021087646484
0.04432797431945801
0.04414868354797363
0.04302859306335449
0.04443860054016113
0.049259185791015625
0.044461727142333984
0.04419970512390137
0.05186104774475098
0.043941497802734375
0.043492794036865234
0.043701171875
0.04944300651550293
0.04432106018066406
0.048926591873168945
0.04474973678588867
0.04440140724182129
0.043998003005981445
0.043550729751586914
0.04451775550842285
0.04418134689331055
0.043678998947143555
0.044542789459228516
0.05292987823486328
0.044463157653808594
0.04434347152709961
0.04408717155456543
0.04387307167053223
0.0440371036529541
0.043967247009277344
0.04350566864013672
0.04420924186706543
0.04991292953491211
0.0450441837310791
0.04469776153564453
0.044123172760009766
0.04385209083557129
0.04461550712585449
0.044179439544677734
0.044213294982910156
0.04475808143615723
0.05210757255554199
0.04537010192871094
0.04483485221862793
0.05191326141357422
0.051314592361450195
0.04472613334655762
0.04367566108703613
0.0439295768737793
0.04387354850769043
0.04966378211975098
0.045159101486206055
0.04451799392700195
0.04447531700134277
0.043885231018066406
0.0440213680267334
0.04484105110168457
0.04402923583984375
0.04439878463745117
0.057875633239746094
0.04536914825439453
0.044673919677734375
0.044776201248168945
0.04420757293701172
0.04406094551086426
0.0443568229675293
0.044095754623413086
0.044562339782714844
0.04972577095031738
0.044976234436035156
0.04463529586791992
0.05203986167907715
0.04861569404602051
0.04427027702331543
0.043967485427856445
0.04379129409790039
0.04382967948913574
0.04911494255065918
0.04411125183105469
0.04394412040710449
0.04380393028259277
0.04380440711975098
0.04413032531738281
0.04485964775085449
0.04347562789916992
0.044803619384765625
0.04953908920288086
0.04477357864379883
0.04471468925476074
0.04428911209106445
0.043973445892333984
0.04396367073059082
0.04311728477478027
0.04417252540588379
0.05118536949157715
0.049315452575683594
0.045290231704711914
0.044895172119140625
0.0447995662689209
0.04395747184753418
0.04416966438293457
0.043634891510009766
0.04403877258300781
0.04457402229309082
0.04892134666442871
0.04485344886779785
0.04418587684631348
0.043953657150268555
0.04387831687927246
0.04408669471740723
0.04355931282043457
0.04466533660888672
0.044687509536743164
0.050058603286743164
0.04451942443847656
0.04480695724487305
0.044084787368774414
0.044074058532714844
0.043702125549316406
0.04389381408691406
0.044039249420166016
0.04378962516784668
0.04937386512756348
0.04497528076171875
0.04410076141357422
0.044408559799194336
0.0436248779296875
0.043683528900146484
0.04382491111755371
0.04446578025817871
0.04461669921875
0.049826860427856445
0.04477977752685547
0.04440593719482422
0.0444943904876709
0.0442204475402832
0.04396986961364746
0.04387021064758301
0.05211377143859863
0.05309176445007324
0.050305843353271484
0.04493522644042969
0.04397749900817871
0.04413485527038574
0.04430747032165527
0.052156925201416016
0.04682207107543945
0.04332256317138672
0.04526567459106445
0.04986572265625
0.04523158073425293
0.044671058654785156
0.0439302921295166
0.04389357566833496
0.04397439956665039
0.044568538665771484
0.0442957878112793
0.04408836364746094
0.04932522773742676
0.04479098320007324
0.04404950141906738
0.04411602020263672
0.044280052185058594
0.043706655502319336
0.04432964324951172
0.04431509971618652
0.04425787925720215
0.049445390701293945
0.04488682746887207
0.05269217491149902
0.0448911190032959
0.043770790100097656
0.04463648796081543
0.04426264762878418
0.04333662986755371
0.04438161849975586
0.0496675968170166
0.04509472846984863
0.044655561447143555
0.04438662528991699
0.044347286224365234
0.04390549659729004
0.0442962646484375
0.04473114013671875
0.04529738426208496
0.05001664161682129
0.0448300838470459
0.04457998275756836
0.04439115524291992
0.04457402229309082
0.05203509330749512
0.04419422149658203
0.044359683990478516
0.044164180755615234
0.04963326454162598
0.04516911506652832
0.044501304626464844
0.044321298599243164
0.0437161922454834
0.04421353340148926
0.044037580490112305
0.043845176696777344
0.04478120803833008
0.05731773376464844
0.046193599700927734
0.05240511894226074
0.04530477523803711
0.043871402740478516
0.04387664794921875
0.044725894927978516
0.04395246505737305
0.051924943923950195
0.04947638511657715
0.04517483711242676
0.04481315612792969
0.044881582260131836
0.0510859489440918
0.04460453987121582
0.04435586929321289
0.045034170150756836
0.05143380165100098
0.05029726028442383
0.045815467834472656
0.044641733169555664
0.05283021926879883
0.04506635665893555
0.043424129486083984
0.04418540000915527
0.043450355529785156
0.043974876403808594
0.04950404167175293
0.04466509819030762
0.04462265968322754
0.04390382766723633
0.0439300537109375
0.044744014739990234
0.0440211296081543
0.04345226287841797
0.043795108795166016
0.04923272132873535
0.04471302032470703
0.044014692306518555
0.044007062911987305
0.043282508850097656
0.04271531105041504
0.04291415214538574
0.04391312599182129
0.0435786247253418
0.04912829399108887
0.044827938079833984
0.04378938674926758
0.043607234954833984
0.04358935356140137
0.05191946029663086
0.052199602127075195
0.04599905014038086
0.04386496543884277
0.04909324645996094
0.045317888259887695
0.04414200782775879
0.044602394104003906
0.043236494064331055
0.04415583610534668
0.04350423812866211
0.04274868965148926
0.05119013786315918
0.04995369911193848
0.05600619316101074
0.05179929733276367
0.04580855369567871
0.0438694953918457
0.04383587837219238
0.04631161689758301
0.046321868896484375
0.04634499549865723
0.05185842514038086
0.046961069107055664
0.04411721229553223
0.043871164321899414
0.0437924861907959
0.043367862701416016
0.04577231407165527
0.04554462432861328
0.04390978813171387
0.04912233352661133
0.044611454010009766
0.04644417762756348
0.04620671272277832
0.0458521842956543
0.045873403549194336
0.045897722244262695
0.04591202735900879
0.04621434211730957
0.051644086837768555
0.04415130615234375
0.044656991958618164
0.043874263763427734
0.04374361038208008
0.05268216133117676
0.0438995361328125
0.04326605796813965
0.04394650459289551
0.049268484115600586
0.044304609298706055
0.04445385932922363
0.04375767707824707
0.04368400573730469
0.0437166690826416
0.04413032531738281
0.04371309280395508
0.04443502426147461
0.05044078826904297
0.04469442367553711
0.04433417320251465
0.04445385932922363
0.04399251937866211
0.04383230209350586
0.043560028076171875
0.04364299774169922
0.04391360282897949
0.0499110221862793
0.04487895965576172
0.0439600944519043
0.05142569541931152
0.05145382881164551
0.04508805274963379
0.04382967948913574
0.043158531188964844
0.04782867431640625
0.05884289741516113
0.04547715187072754
0.044515371322631836
0.044126033782958984
0.04376387596130371
0.04343128204345703
0.043741464614868164
0.04344439506530762
0.04452157020568848
0.04944610595703125
0.0445401668548584
0.043999433517456055
0.044196128845214844
0.04420614242553711
0.04371523857116699
0.04441118240356445
0.043332815170288086
0.044188499450683594
0.04945969581604004
0.04506540298461914
0.044489383697509766
0.04369473457336426
0.04356980323791504
0.05161118507385254
0.04503917694091797
0.04446697235107422
0.04496192932128906
0.049674272537231445
0.04460287094116211
0.044239044189453125
0.0443873405456543
0.04445481300354004
0.04376363754272461
0.04386639595031738
0.04374384880065918
0.0446629524230957
0.04973602294921875
0.04507875442504883
0.04493117332458496
0.04380679130554199
0.044531822204589844
0.05153346061706543
0.045148611068725586
0.050527334213256836
0.04427742958068848
0.05002880096435547
0.044329166412353516
0.04410243034362793
0.04387068748474121
0.04315829277038574
0.04345583915710449
0.04369997978210449
0.04346585273742676
0.04420876502990723
0.04890584945678711
0.04503655433654785
0.04396939277648926
0.044075727462768555
0.04339909553527832
0.043205976486206055
0.04367566108703613
0.05176067352294922
0.049146413803100586
0.04939460754394531
0.04469108581542969
0.043978214263916016
0.04416847229003906
0.04362368583679199
0.0441279411315918
0.044342994689941406
0.044467926025390625
0.04481959342956543
0.05785250663757324
0.05040097236633301
0.04428720474243164
0.043758392333984375
0.04389452934265137
0.04471540451049805
0.043328046798706055
0.0437166690826416
0.04409933090209961
0.04983639717102051
0.04459357261657715
0.04491376876831055
0.04442334175109863
0.044085025787353516
0.04940509796142578
0.044716835021972656
0.04407167434692383
0.043962955474853516
0.049635887145996094
0.0544896125793457
0.05227375030517578
0.04449653625488281
0.04414105415344238
0.044350624084472656
0.044152259826660156
0.044013023376464844
0.045096635818481445
0.04949307441711426
0.045198678970336914
0.044966697692871094
0.04456496238708496
0.04412722587585449
0.044605255126953125
0.044432640075683594
0.044065237045288086
0.044162750244140625
0.049901485443115234
0.045159101486206055
0.044899702072143555
0.0444025993347168
0.04381108283996582
0.043502092361450195
0.04364967346191406
0.04346442222595215
0.04492616653442383
0.049175262451171875
0.05277705192565918
0.04844498634338379
0.0447688102722168
0.04358410835266113
0.044480085372924805
0.05317831039428711
0.04403257369995117
0.04412984848022461
0.04944252967834473
0.044646263122558594
0.04433941841125488
0.044568538665771484
0.044089317321777344
0.044200897216796875
0.044126033782958984
0.04392647743225098
0.04436683654785156
0.04925656318664551
0.04539370536804199
0.052017927169799805
0.0446782112121582
0.043996572494506836
0.044510841369628906
0.05195879936218262
0.051515817642211914
0.044610023498535156
0.04927659034729004
0.04451584815979004
0.044203758239746094
0.04415297508239746
