              precision    recall  f1-score   support

           0       0.94      0.96      0.95       237
           1       0.99      0.95      0.97       596
           2       0.96      0.93      0.94       294
           3       0.96      0.92      0.94       311
           4       0.99      1.00      1.00       466
           5       0.88      0.93      0.91       618
           6       0.97      0.91      0.94       242
           7       0.94      0.96      0.95       655

    accuracy                           0.95      3419
   macro avg       0.95      0.95      0.95      3419
weighted avg       0.95      0.95      0.95      3419

