              precision    recall  f1-score   support

           0       0.89      0.87      0.88       237
           1       0.98      0.98      0.98       596
           2       0.94      0.91      0.93       294
           3       0.88      0.82      0.85       311
           4       0.98      1.00      0.99       466
           5       0.85      0.88      0.86       618
           6       0.91      0.91      0.91       242
           7       0.94      0.94      0.94       655

    accuracy                           0.92      3419
   macro avg       0.92      0.91      0.92      3419
weighted avg       0.92      0.92      0.92      3419

