              precision    recall  f1-score   support

           0       0.96      0.98      0.97       253
           1       0.91      0.94      0.93       279
           2       0.78      0.65      0.71       240
           3       0.96      0.98      0.97       703
           4       0.64      0.85      0.73       128
           5       0.82      0.66      0.73       202
           6       0.97      0.98      0.98       249
           7       1.00      1.00      1.00       662

    accuracy                           0.92      2716
   macro avg       0.88      0.88      0.88      2716
weighted avg       0.92      0.92      0.92      2716

