              precision    recall  f1-score   support

           0       0.00      0.00      0.00        14
           1       0.00      0.00      0.00        13
           2       0.00      0.00      0.00        18
           3       0.48      0.53      0.50        19
           4       0.00      0.00      0.00        32
           5       0.00      0.00      0.00        11
           6       0.00      0.00      0.00        12
           7       0.05      1.00      0.10         7
           8       0.00      0.00      0.00         7
           9       0.00      0.00      0.00        18

    accuracy                           0.11       151
   macro avg       0.05      0.15      0.06       151
weighted avg       0.06      0.11      0.07       151

