              precision    recall  f1-score   support

           0       0.81      0.07      0.13       239
           1       0.00      0.00      0.00       265
           2       0.20      0.27      0.23       239
           3       0.00      0.00      0.00       656
           4       0.03      0.58      0.07       129
           5       0.00      0.00      0.00       198
           6       0.00      0.00      0.00       239
           7       0.61      0.11      0.18       644

    accuracy                           0.09      2609
   macro avg       0.21      0.13      0.08      2609
weighted avg       0.25      0.09      0.08      2609
