0.3340742588043213
0.06689620018005371
0.05623126029968262
0.05511188507080078
0.05835080146789551
0.05541205406188965
0.054701805114746094
0.055253028869628906
0.055329322814941406
0.051999807357788086
0.04608631134033203
0.05183887481689453
0.05186104774475098
0.048505544662475586
0.04363656044006348
0.04379081726074219
0.04355597496032715
0.0468592643737793
0.04327821731567383
0.04326272010803223
0.04322195053100586
0.04436206817626953
0.047739505767822266
0.04404282569885254
0.04327702522277832
0.05085492134094238
0.04331684112548828
0.04643821716308594
0.05077767372131348
0.043645620346069336
0.043854713439941406
0.05575990676879883
0.051506757736206055
0.05125737190246582
0.04433894157409668
0.04347515106201172
0.04363536834716797
0.043242454528808594
0.04353928565979004
0.05086493492126465
0.04803872108459473
0.05100584030151367
0.044420480728149414
0.050864219665527344
0.04610586166381836
0.043341875076293945
0.050958871841430664
0.04270505905151367
0.04319572448730469
0.04768013954162598
0.04356646537780762
0.04344892501831055
0.0459141731262207
0.04296278953552246
0.04267287254333496
0.04302263259887695
0.043300628662109375
0.04388093948364258
0.04743838310241699
0.04367232322692871
0.04348158836364746
0.04299449920654297
0.04363203048706055
0.04347872734069824
0.0433809757232666
0.04307222366333008
0.043961286544799805
0.04799222946166992
0.04375910758972168
0.043552398681640625
0.04352140426635742
0.042675018310546875
0.04355812072753906
0.04298043251037598
0.043119192123413086
0.05196261405944824
0.05397772789001465
0.2309424877166748
0.04543948173522949
0.04501461982727051
0.04540753364562988
0.053170204162597656
0.05264711380004883
0.04449892044067383
0.04458022117614746
0.04949212074279785
0.04528689384460449
0.045259714126586914
0.04523754119873047
0.05197739601135254
0.05123591423034668
0.06601643562316895
0.04444694519042969
0.04413270950317383
0.05040335655212402
0.04491543769836426
0.0442659854888916
0.04436540603637695
0.043859004974365234
0.04389381408691406
0.04390382766723633
0.04427361488342285
0.04387021064758301
0.04956960678100586
0.044716835021972656
0.05468344688415527
0.054169416427612305
0.0443720817565918
0.04377341270446777
0.04431962966918945
0.04380631446838379
0.05239582061767578
0.05144524574279785
0.046608686447143555
0.04601168632507324
0.04598426818847656
0.0458376407623291
0.0455479621887207
0.04630017280578613
0.04557442665100098
0.04560971260070801
0.05110740661621094
0.04651379585266113
0.04457426071166992
0.04431724548339844
0.04401254653930664
0.04382634162902832
0.04431867599487305
0.04330801963806152
0.04389357566833496
0.049173831939697266
0.046369075775146484
0.04592585563659668
0.05169034004211426
0.043550968170166016
0.04384303092956543
0.045894622802734375
0.04354453086853027
0.04567885398864746
0.05067157745361328
0.04639267921447754
0.04395341873168945
0.04554104804992676
0.04411625862121582
0.04377484321594238
0.04364442825317383
0.05095410346984863
0.050966501235961914
0.048934221267700195
0.04454946517944336
0.0523829460144043
0.052092790603637695
0.04583406448364258
0.043630123138427734
0.043991804122924805
0.0433964729309082
0.04324626922607422
0.04913663864135742
0.044060707092285156
0.04398655891418457
0.04400348663330078
0.04340100288391113
0.0438227653503418
0.043659210205078125
0.04351210594177246
0.04360151290893555
0.048253774642944336
0.04387402534484863
0.0508725643157959
0.04809093475341797
0.04333162307739258
0.043267011642456055
0.0437624454498291
0.04307198524475098
0.04349398612976074
0.04840421676635742
0.04446291923522949
0.04427528381347656
0.04347705841064453
0.04358673095703125
0.04343771934509277
0.0430455207824707
0.04383373260498047
0.04381084442138672
0.04879879951477051
0.0446171760559082
0.04446220397949219
0.04368877410888672
0.04323458671569824
0.04355478286743164
0.04323005676269531
0.04377579689025879
0.051210641860961914
0.048892974853515625
0.04485177993774414
0.04409170150756836
0.04409480094909668
0.04372048377990723
0.04382038116455078
0.04372549057006836
0.043302297592163086
0.04357767105102539
0.04915308952331543
0.04471111297607422
0.0437009334564209
0.04390692710876465
0.04350709915161133
0.043010711669921875
0.043871164321899414
0.04319596290588379
0.043564796447753906
0.0490419864654541
0.04399919509887695
0.043909311294555664
0.043951988220214844
0.04377436637878418
0.0430300235748291
0.043549537658691406
0.05110430717468262
0.05132150650024414
0.04918932914733887
0.044535160064697266
0.04410958290100098
0.044136762619018555
0.044190406799316406
0.04385781288146973
0.04437875747680664
0.05412864685058594
0.04417872428894043
0.055373430252075195
0.04668927192687988
0.04622006416320801
0.04390072822570801
0.043608903884887695
0.0455625057220459
0.04570317268371582
0.0450596809387207
0.0442349910736084
0.04904985427856445
0.046827077865600586
0.04606175422668457
0.04647541046142578
0.04336285591125488
0.043697357177734375
0.043001413345336914
0.0433650016784668
0.043702125549316406
0.049344539642333984
0.04701852798461914
0.044506072998046875
0.043877363204956055
0.045966148376464844
0.04488515853881836
0.04364442825317383
0.04333329200744629
0.044150590896606445
0.05149698257446289
0.04692220687866211
0.04649043083190918
0.0461270809173584
0.05045938491821289
0.045864105224609375
0.04580521583557129
0.04553699493408203
0.04598259925842285
0.05131173133850098
0.046645402908325195
0.05209636688232422
0.05197310447692871
0.04548168182373047
0.04409003257751465
0.051496267318725586
0.04385495185852051
0.044339895248413086
0.04915571212768555
0.04443359375
0.04409003257751465
0.0511322021484375
0.0509486198425293
0.043581247329711914
0.04334259033203125
0.04378104209899902
0.04302668571472168
0.04920315742492676
0.04453253746032715
0.044512271881103516
0.04413938522338867
0.050848960876464844
0.04379081726074219
0.0457000732421875
0.0437312126159668
0.04326653480529785
0.04869794845581055
0.04452371597290039
0.04397726058959961
0.04398965835571289
0.04435467720031738
0.043851613998413086
0.043120384216308594
0.04387021064758301
0.04424452781677246
0.04876852035522461
0.044417381286621094
0.04431486129760742
0.04424929618835449
0.04385876655578613
0.04320669174194336
0.04378485679626465
0.051664113998413086
0.04736900329589844
0.04877519607543945
0.04413104057312012
0.04367542266845703
0.0437624454498291
0.04427051544189453
0.04324054718017578
0.04371285438537598
0.043847084045410156
0.0439152717590332
0.04907417297363281
0.04457402229309082
0.04391169548034668
0.043764352798461914
0.043905019760131836
0.04368448257446289
0.0433502197265625
0.043482303619384766
0.05162239074707031
0.05133223533630371
0.04465174674987793
0.04439902305603027
0.04393410682678223
0.04408979415893555
0.04360651969909668
0.0440671443939209
0.04386019706726074
0.04388070106506348
0.05709218978881836
0.04659771919250488
0.04384565353393555
0.04432940483093262
0.04350876808166504
0.0436403751373291
0.04324007034301758
0.04400444030761719
0.04373884201049805
0.04873061180114746
0.04414701461791992
0.04445338249206543
0.044241905212402344
0.051787376403808594
0.04410886764526367
0.043613433837890625
0.051079750061035156
0.045716285705566406
0.04890918731689453
0.044654130935668945
0.04362630844116211
0.043721914291381836
0.043677568435668945
0.04398298263549805
0.04359769821166992
0.043747663497924805
0.04463076591491699
0.04930472373962402
0.05221271514892578
0.04452657699584961
0.044100284576416016
0.043456077575683594
0.04364180564880371
0.04317951202392578
0.0437006950378418
0.044122934341430664
0.04881572723388672
0.044220685958862305
0.044303178787231445
0.043880462646484375
0.043244123458862305
0.04311084747314453
0.04348278045654297
0.04326272010803223
0.04370236396789551
0.0488581657409668
0.04407143592834473
0.044194698333740234
0.04403328895568848
0.05480003356933594
0.047205209732055664
0.045780181884765625
0.0516812801361084
0.05006098747253418
0.057949066162109375
0.048920392990112305
0.04445028305053711
0.04433798789978027
0.04401040077209473
0.04439353942871094
0.04396176338195801
0.044014930725097656
0.04367518424987793
0.048879384994506836
0.04495573043823242
0.04472470283508301
0.04454660415649414
0.04419136047363281
0.05193376541137695
0.05145978927612305
0.04331636428833008
0.04410672187805176
0.04990816116333008
0.04501962661743164
0.04459571838378906
0.04386019706726074
0.04361104965209961
0.04393601417541504
0.04354548454284668
0.04285550117492676
0.044220924377441406
0.04940342903137207
0.04476737976074219
0.044222116470336914
0.043891191482543945
0.04344940185546875
0.043015480041503906
0.04361462593078613
0.043430328369140625
0.05166053771972656
0.04925417900085449
0.04469728469848633
0.04351329803466797
0.04413104057312012
0.043598175048828125
0.04356789588928223
0.04347705841064453
0.04311800003051758
0.054601192474365234
0.06075906753540039
0.0480191707611084
0.046885013580322266
0.04411125183105469
0.04393744468688965
0.045244455337524414
0.044356346130371094
0.046167850494384766
0.05227327346801758
0.053231239318847656
0.04416799545288086
0.04663681983947754
0.046568870544433594
0.04623079299926758
0.043889522552490234
0.04404401779174805
0.043847084045410156
0.04506635665893555
0.05150175094604492
0.047044992446899414
0.045094966888427734
0.05204582214355469
0.04802346229553223
0.04331612586975098
0.04422569274902344
0.05155324935913086
0.0525820255279541
0.050817251205444336
0.0445561408996582
0.043979644775390625
0.04378914833068848
0.04391336441040039
0.049338579177856445
0.043221235275268555
0.04320168495178223
0.04419970512390137
0.04937005043029785
0.04488778114318848
0.04438066482543945
0.04418778419494629
0.043914079666137695
0.0442500114440918
0.043352603912353516
0.04337453842163086
0.043766021728515625
0.05648350715637207
0.04935264587402344
0.0437619686126709
0.04389333724975586
0.042818546295166016
0.0433201789855957
0.05122208595275879
0.04893922805786133
0.04435276985168457
0.04846453666687012
0.04487180709838867
0.04485964775085449
0.043710947036743164
0.043819427490234375
0.04354262351989746
0.051441192626953125
0.04379868507385254
0.04375886917114258
0.04832959175109863
0.044677019119262695
0.04391288757324219
0.04372215270996094
0.043666839599609375
0.04396796226501465
0.04383087158203125
0.05127143859863281
0.04393601417541504
0.04854750633239746
0.043760061264038086
0.04394340515136719
0.04345440864562988
0.04685401916503906
0.04700946807861328
0.05218768119812012
0.04756045341491699
0.04447793960571289
0.04960060119628906
0.04514813423156738
0.04469609260559082
0.04418635368347168
0.04442191123962402
0.04422760009765625
0.04427051544189453
0.04368996620178223
0.04413151741027832
0.04892873764038086
0.045130014419555664
0.044243812561035156
0.04432988166809082
0.043958425521850586
0.04394721984863281
0.04349541664123535
0.04353499412536621
0.04421710968017578
0.04944157600402832
0.04486584663391113
0.04392504692077637
0.04418230056762695
0.04404425621032715
0.04388761520385742
0.04364824295043945
0.04332780838012695
0.0437624454498291
0.04884648323059082
0.04484248161315918
0.04444718360900879
0.04430675506591797
0.043839216232299805
0.044245243072509766
0.044138193130493164
0.04362940788269043
0.04392528533935547
0.04895949363708496
0.044791460037231445
0.044661521911621094
0.044284820556640625
0.04363250732421875
0.05187058448791504
0.05086851119995117
0.043768882751464844
0.04467511177062988
0.04869651794433594
0.04475712776184082
0.04446244239807129
0.04410052299499512
0.04407835006713867
0.04376649856567383
0.04464101791381836
0.04417586326599121
0.04429793357849121
0.049013614654541016
0.04473590850830078
0.0443272590637207
0.04413914680480957
0.043894290924072266
0.04369473457336426
0.044042110443115234
0.04396533966064453
0.044103384017944336
0.049057722091674805
0.04464292526245117
0.04391980171203613
0.0512080192565918
0.04396700859069824
0.044173479080200195
0.04409384727478027
0.04379773139953613
0.052140235900878906
0.0494534969329834
0.04490089416503906
0.05245208740234375
0.04858660697937012
0.044057369232177734
0.0439143180847168
0.04409313201904297
0.044394493103027344
0.043444156646728516
0.05772995948791504
0.04600858688354492
0.052513837814331055
0.0445094108581543
0.043984174728393555
0.043920278549194336
0.04394936561584473
0.04369759559631348
0.044014930725097656
0.05005908012390137
0.05219674110412598
0.044927120208740234
0.044750213623046875
0.0439000129699707
0.04368019104003906
0.0438079833984375
0.050797224044799805
0.04465341567993164
0.04959297180175781
0.04527616500854492
0.04882621765136719
0.04381847381591797
0.0437314510345459
0.0435793399810791
0.043457746505737305
0.04335808753967285
0.04416227340698242
0.04961228370666504
0.04513692855834961
0.043992042541503906
0.04390239715576172
0.043991804122924805
0.04307889938354492
0.043657779693603516
0.04346156120300293
0.04362344741821289
0.0498812198638916
0.04536032676696777
0.04405999183654785
0.0440824031829834
0.043370723724365234
0.044037818908691406
0.043303728103637695
0.043723106384277344
0.043572425842285156
0.04868483543395996
0.04388141632080078
0.04351353645324707
0.04361224174499512
0.05159115791320801
0.04842114448547363
0.0446171760559082
0.0438690185546875
0.04373502731323242
0.05011582374572754
0.04496622085571289
0.04512214660644531
0.04487347602844238
0.04402804374694824
0.04483461380004883
0.04465484619140625
0.04377436637878418
0.0466465950012207
0.05034327507019043
0.04549360275268555
0.0453035831451416
0.044492244720458984
0.04427814483642578
0.04422712326049805
0.04368305206298828
0.043941497802734375
0.0439145565032959
0.05065298080444336
0.045366764068603516
0.04493904113769531
0.04475116729736328
0.044110774993896484
0.04397082328796387
0.044092416763305664
0.04439568519592285
0.05232954025268555
0.05937957763671875
0.04578256607055664
0.04493522644042969
0.044510841369628906
0.044033050537109375
0.044550180435180664
0.04485940933227539
0.04416203498840332
0.04427337646484375
0.04979515075683594
0.04523491859436035
0.044350624084472656
0.04472947120666504
0.05113720893859863
0.04406428337097168
0.043656349182128906
0.04323148727416992
0.05242514610290527
0.04942798614501953
0.04430198669433594
0.04389548301696777
0.04396224021911621
0.043782949447631836
0.04334664344787598
0.04409503936767578
0.04341435432434082
0.05261659622192383
0.05318045616149902
0.04537844657897949
0.0440371036529541
0.044168710708618164
0.04425048828125
0.04419374465942383
0.044341087341308594
0.04314875602722168
0.044610023498535156
0.04904317855834961
0.04433441162109375
0.044356584548950195
0.04441523551940918
0.0438992977142334
0.04375290870666504
0.043413400650024414
0.043312788009643555
0.043999671936035156
0.04986262321472168
0.04447293281555176
0.044054508209228516
0.04364299774169922
0.043570518493652344
0.05053591728210449
0.0447237491607666
0.043364763259887695
0.044016122817993164
0.04958987236022949
0.04397320747375488
0.04416537284851074
0.05282402038574219
0.04443478584289551
0.044137001037597656
0.05145907402038574
0.05097532272338867
0.044656991958618164
0.04988288879394531
0.04504799842834473
0.04475140571594238
0.044416189193725586
0.043860435485839844
0.04390072822570801
0.04372811317443848
0.050657033920288086
0.04503440856933594
0.057755470275878906
0.04741668701171875
0.04401230812072754
0.04439592361450195
0.043802738189697266
0.044182777404785156
0.04358649253845215
0.0431978702545166
0.04358625411987305
0.0491185188293457
0.044912099838256836
0.044843196868896484
0.04404258728027344
0.04367351531982422
0.04382967948913574
0.04407453536987305
0.043643951416015625
0.044293880462646484
0.04904294013977051
0.0444948673248291
0.04412555694580078
0.04483532905578613
0.04429507255554199
0.04367208480834961
0.04410219192504883
0.05089235305786133
0.05163407325744629
0.050597429275512695
0.04446578025817871
0.04426145553588867
0.0439143180847168
0.043933868408203125
0.04550981521606445
0.043645381927490234
0.04349708557128906
0.04416179656982422
0.04926323890686035
0.04494905471801758
0.044644832611083984
0.05228543281555176
0.05223393440246582
0.04501748085021973
0.04379081726074219
0.04351663589477539
0.05136299133300781
0.04983091354370117
0.044248104095458984
0.044124603271484375
0.043969154357910156
0.043764591217041016
0.04356050491333008
0.04286074638366699
0.04399847984313965
0.047229766845703125
0.05000782012939453
0.04541921615600586
0.04425811767578125
0.044883012771606445
0.04398012161254883
0.04425859451293945
0.04366302490234375
0.04343080520629883
0.044141530990600586
0.04945683479309082
0.044793128967285156
0.04433894157409668
0.04402422904968262
0.043701887130737305
0.05134701728820801
0.047301530838012695
0.04373741149902344
0.04359936714172363
0.04970216751098633
0.04523277282714844
0.04486870765686035
0.044031381607055664
0.0433657169342041
0.04414939880371094
0.043846845626831055
0.04342770576477051
0.04388928413391113
0.048835039138793945
0.044499874114990234
0.04396963119506836
0.044564247131347656
0.044023752212524414
0.04435920715332031
0.04351067543029785
0.04350996017456055
0.04456591606140137
0.04915452003479004
0.045230865478515625
0.044737815856933594
0.044500112533569336
0.044039011001586914
0.0435481071472168
0.0440974235534668
0.05114245414733887
0.04484128952026367
0.04967331886291504
0.044782161712646484
0.04380035400390625
0.04426741600036621
0.043946266174316406
0.04380321502685547
0.043883323669433594
0.05185556411743164
0.05139780044555664
0.05005383491516113
0.05276298522949219
0.045577049255371094
0.044170379638671875
0.04418635368347168
0.04393601417541504
0.04373955726623535
0.04401278495788574
0.044815778732299805
0.05885601043701172
0.044832468032836914
0.04468870162963867
0.0446164608001709
0.04358077049255371
0.0493466854095459
0.04444074630737305
0.04410529136657715
0.04780173301696777
0.052170515060424805
0.04552149772644043
0.04478120803833008
0.044287919998168945
0.0443270206451416
0.044631004333496094
0.044677734375
0.04426312446594238
0.04438972473144531
0.0501401424407959
0.0455324649810791
0.04491066932678223
0.045209407806396484
0.04398202896118164
0.04390692710876465
0.04433894157409668
0.04378676414489746
0.0443267822265625
0.04983234405517578
0.04585886001586914
0.04480576515197754
0.044815778732299805
0.05176520347595215
0.0453791618347168
0.04464888572692871
0.044298410415649414
0.04444694519042969
0.04997539520263672
0.04498767852783203
0.045049428939819336
0.04434847831726074
0.04404115676879883
0.04422354698181152
0.04464101791381836
0.044771671295166016
0.04456448554992676
0.050342559814453125
0.045706987380981445
0.04441571235656738
0.0444340705871582
0.04386615753173828
0.0441892147064209
0.044086456298828125
0.0520784854888916
0.04783368110656738
0.05003547668457031
0.04504227638244629
0.0519869327545166
0.04907679557800293
0.04389762878417969
0.043953657150268555
0.0436551570892334
0.044008493423461914
0.04415702819824219
0.04977107048034668
0.045308589935302734
0.04540562629699707
0.04471302032470703
0.04413318634033203
0.043912410736083984
0.044294118881225586
0.04344320297241211
0.04447340965270996
0.05783247947692871
0.04895186424255371
0.04407334327697754
0.04429960250854492
0.043659210205078125
0.04401874542236328
0.04374980926513672
0.0433964729309082
0.045154571533203125
0.049044132232666016
0.04518294334411621
0.044551849365234375
0.04413747787475586
0.04364442825317383
0.04381990432739258
0.04386138916015625
0.043548583984375
0.04492068290710449
0.05771374702453613
0.044577836990356445
0.044074058532714844
0.04375004768371582
0.04401516914367676
0.04334664344787598
0.04361701011657715
0.05054664611816406
0.04411959648132324
0.05620837211608887
0.044470787048339844
0.04359912872314453
0.04333996772766113
0.043375253677368164
0.043219804763793945
0.043448448181152344
0.04343771934509277
0.04488563537597656
0.048972368240356445
0.04454231262207031
0.04446816444396973
0.044089317321777344
0.044159889221191406
0.04365253448486328
0.04312276840209961
0.04361867904663086
0.04383707046508789
0.04948711395263672
0.04425215721130371
0.04457259178161621
0.043978214263916016
0.051683902740478516
0.04400920867919922
0.04446887969970703
0.04357767105102539
0.0441892147064209
0.049448490142822266
0.045079708099365234
0.052498817443847656
0.05214190483093262
0.045032501220703125
0.044168710708618164
0.04415750503540039
0.05162787437438965
0.04451704025268555
0.04956936836242676
0.0445554256439209
0.04439425468444824
0.05192208290100098
0.04697465896606445
0.043501853942871094
0.04357600212097168
0.04392361640930176
0.04447364807128906
0.04916882514953613
0.044603586196899414
0.044412851333618164
0.044260263442993164
0.04377412796020508
0.04410672187805176
0.051639556884765625
0.05092334747314453
0.04481339454650879
0.05009055137634277
0.044883012771606445
0.051773786544799805
0.048406362533569336
0.04355764389038086
0.044037580490112305
0.04400491714477539
0.04479622840881348
0.044057369232177734
0.04953575134277344
0.04461359977722168
0.04448366165161133
0.04364323616027832
0.04374885559082031
0.043309688568115234
0.04414772987365723
0.044004201889038086
0.04408121109008789
0.0495760440826416
0.04457855224609375
0.043965816497802734
0.04452252388000488
0.044132232666015625
0.04442548751831055
0.04489564895629883
0.04374265670776367
0.05188941955566406
0.04961585998535156
0.04450869560241699
0.04398536682128906
0.04387807846069336
0.04850411415100098
0.04345965385437012
0.04391956329345703
0.04342770576477051
0.044458627700805664
0.04912257194519043
0.04468798637390137
0.05258822441101074
0.04476571083068848
0.04610753059387207
0.04339146614074707
0.04343366622924805
0.043332815170288086
0.04455256462097168
0.04876518249511719
0.04404711723327637
0.04434537887573242
0.043947458267211914
0.04322624206542969
0.04352831840515137
0.04352116584777832
0.0435636043548584
0.04381155967712402
0.0486905574798584
0.04443955421447754
0.04387378692626953
0.0441436767578125
0.04308342933654785
0.05147838592529297
0.051706790924072266
0.049306631088256836
0.04338240623474121
0.052846670150756836
0.04439139366149902
0.0436551570892334
0.04371309280395508
0.04345440864562988
0.04372096061706543
0.04382038116455078
0.04392814636230469
0.0442965030670166
0.0493314266204834
0.04486536979675293
0.0447537899017334
0.04454970359802246
0.043967247009277344
0.0514528751373291
0.0492100715637207
0.05145692825317383
0.045252084732055664
0.050365447998046875
0.04527473449707031
0.04485583305358887
0.0443720817565918
0.043808937072753906
0.0443575382232666
0.043974876403808594
0.04361748695373535
0.05166482925415039
0.05423307418823242
0.04489922523498535
0.04501771926879883
0.04465675354003906
0.043381452560424805
0.04408979415893555
0.04375743865966797
0.04411172866821289
0.04533243179321289
0.04989147186279297
0.04493308067321777
0.044715166091918945
0.04432988166809082
0.0442805290222168
0.04432988166809082
0.04469895362854004
0.04364275932312012
0.044557809829711914
0.04971003532409668
0.044905900955200195
0.051931142807006836
0.04428887367248535
0.04413604736328125
0.043981075286865234
0.043701171875
0.04396939277648926
0.04381895065307617
0.049793243408203125
0.04520869255065918
0.04407453536987305
0.04373908042907715
0.04360151290893555
0.043932437896728516
0.04339241981506348
0.0433652400970459
0.044359683990478516
0.04956221580505371
0.04464530944824219
0.05199265480041504
0.04445171356201172
0.04403877258300781
0.04367232322692871
0.04387235641479492
0.048384904861450195
0.044547080993652344
0.049223899841308594
0.052138328552246094
0.04382729530334473
0.04448246955871582
0.04395580291748047
0.04422879219055176
0.04324746131896973
0.04329037666320801
0.0440220832824707
0.049044132232666016
0.0442349910736084
0.04394841194152832
0.043970584869384766
0.043709754943847656
0.04400944709777832
0.04319405555725098
0.04315066337585449
0.044435739517211914
0.04959273338317871
0.04505515098571777
0.044526100158691406
0.0441288948059082
0.04323148727416992
0.04360222816467285
0.04376387596130371
0.043406009674072266
0.05242347717285156
0.04929208755493164
0.30895185470581055
0.049746036529541016
0.04897880554199219
0.049393415451049805
0.04942202568054199
0.049584388732910156
0.0487825870513916
0.049540042877197266
0.04840254783630371
0.05455732345581055
0.04940605163574219
0.04878997802734375
0.04859352111816406
0.04890632629394531
0.048801422119140625
0.04825401306152344
0.04842090606689453
0.056790828704833984
0.05489158630371094
0.0487060546875
0.04875516891479492
0.04832100868225098
0.04757571220397949
0.04767799377441406
0.04702425003051758
0.05509781837463379
0.055051565170288086
0.05416584014892578
0.04770946502685547
0.0465850830078125
0.047770023345947266
0.04783964157104492
0.04670143127441406
0.046358346939086914
0.04685568809509277
0.046033382415771484
0.052573442459106445
0.047593116760253906
0.04622626304626465
0.04586148262023926
0.04616808891296387
0.045464277267456055
0.04537510871887207
0.04597663879394531
0.04536557197570801
0.05211138725280762
0.045975685119628906
0.04490184783935547
0.04498291015625
0.04512667655944824
0.044592857360839844
0.0446932315826416
0.044602394104003906
0.04493856430053711
0.05159616470336914
0.05346560478210449
0.04925680160522461
0.04541182518005371
0.04522395133972168
0.04414796829223633
0.04431581497192383
0.04516339302062988
0.05296206474304199
0.05131888389587402
0.052994489669799805
0.05221724510192871
0.045298099517822266
0.04530215263366699
0.04485940933227539
0.04477715492248535
0.04414772987365723
0.044078826904296875
0.04970836639404297
0.04467415809631348
0.04497504234313965
0.04466843605041504
0.04476356506347656
0.044524431228637695
0.043727874755859375
0.04412674903869629
0.04435420036315918
0.049864768981933594
0.04483842849731445
0.04461216926574707
0.04427766799926758
0.04399275779724121
0.043852806091308594
0.0433499813079834
0.04354381561279297
0.043740272521972656
0.04895353317260742
0.04459786415100098
0.044692039489746094
0.044214487075805664
0.043840885162353516
0.043190717697143555
0.0440363883972168
0.04434609413146973
0.04343223571777344
0.048851728439331055
0.0439143180847168
0.043736934661865234
0.04366564750671387
0.04369664192199707
0.043729543685913086
0.043569087982177734
0.04329943656921387
0.04439091682434082
0.05797863006591797
0.04512596130371094
0.05225324630737305
0.044324398040771484
0.04452157020568848
0.04372763633728027
0.04310345649719238
0.044368743896484375
0.05182695388793945
0.049706220626831055
0.04453635215759277
0.04416990280151367
0.044332265853881836
0.04678773880004883
0.04355120658874512
0.04350018501281738
0.04395747184753418
0.043824195861816406
0.05819821357727051
0.04982471466064453
0.04480600357055664
0.04376029968261719
0.05131268501281738
0.04342198371887207
0.0429995059967041
0.04501628875732422
0.04409456253051758
0.049192190170288086
0.04466104507446289
0.04404473304748535
0.0438539981842041
0.043622493743896484
0.043529510498046875
0.043619632720947266
0.04313492774963379
0.04355645179748535
0.049324989318847656
0.04473614692687988
0.04478645324707031
0.043454647064208984
0.04425787925720215
0.043580055236816406
0.04337906837463379
0.04365277290344238
0.04399585723876953
0.05711698532104492
0.043975114822387695
0.050179481506347656
0.043544769287109375
0.04381251335144043
0.04375410079956055
0.04432106018066406
0.04352521896362305
0.04339265823364258
0.04904770851135254
0.0446009635925293
0.04425048828125
0.04439592361450195
0.04380941390991211
0.043607473373413086
0.04424262046813965
0.04451346397399902
0.04366254806518555
0.0488736629486084
0.044539451599121094
0.04411506652832031
0.043534040451049805
0.043614864349365234
0.043814897537231445
0.04342961311340332
0.04394173622131348
0.04402446746826172
0.04874396324157715
0.04472184181213379
0.044190406799316406
0.04396677017211914
0.043366432189941406
0.04275107383728027
0.04350924491882324
0.04280376434326172
0.04434537887573242
0.04936099052429199
0.04485440254211426
0.04468846321105957
0.04423165321350098
0.04420161247253418
0.05164742469787598
0.04552316665649414
0.04363584518432617
0.04365944862365723
0.04837465286254883
0.044347524642944336
0.05160999298095703
0.0438690185546875
0.04318642616271973
0.043399810791015625
0.04780101776123047
0.04320025444030762
0.04421234130859375
0.048603057861328125
0.04446744918823242
0.044075965881347656
0.043250083923339844
0.04357719421386719
0.04378628730773926
0.04265904426574707
0.04273867607116699
0.04355216026306152
0.0491335391998291
0.044199466705322266
0.043398380279541016
0.043288469314575195
0.04270052909851074
0.04276084899902344
0.043556928634643555
0.043709754943847656
0.04401087760925293
0.04848766326904297
0.044388532638549805
0.04346632957458496
0.05037522315979004
0.0439906120300293
0.04313087463378906
0.043440818786621094
0.04412221908569336
0.043868064880371094
0.05659198760986328
0.05211997032165527
0.044352054595947266
0.04384875297546387
0.05101490020751953
0.04377007484436035
0.04809308052062988
0.04353761672973633
0.043288469314575195
0.048532724380493164
0.04480910301208496
0.04372143745422363
0.05185055732727051
0.044292449951171875
0.04368472099304199
0.043335914611816406
0.04363894462585449
0.043677568435668945
0.04823899269104004
0.04403567314147949
0.04402732849121094
0.04385805130004883
0.04352235794067383
0.04462170600891113
0.043776512145996094
0.04446673393249512
0.04449033737182617
0.04949045181274414
0.04481387138366699
0.044190168380737305
0.043955087661743164
0.0440831184387207
0.04359149932861328
0.043863773345947266
0.04355907440185547
0.04447603225708008
0.04850125312805176
0.04489469528198242
0.04432034492492676
0.044257164001464844
0.043700218200683594
0.04312252998352051
0.04322671890258789
0.044113874435424805
0.0438380241394043
0.047983407974243164
0.044321537017822266
0.04382467269897461
0.04396653175354004
0.04431271553039551
0.04384326934814453
0.04316902160644531
0.04314255714416504
0.04423856735229492
0.04937577247619629
0.04416656494140625
0.04403328895568848
0.04382443428039551
0.04431629180908203
0.04333090782165527
0.04380440711975098
0.044713497161865234
0.04411172866821289
0.05713295936584473
0.044910430908203125
0.044409990310668945
0.0442202091217041
0.04396224021911621
0.04335212707519531
0.043561458587646484
0.04318499565124512
0.043300628662109375
0.05002427101135254
0.044960975646972656
0.044779062271118164
0.044278860092163086
0.043169260025024414
0.04350781440734863
0.043854713439941406
0.04395318031311035
0.043619394302368164
0.049340248107910156
0.04492926597595215
0.04484438896179199
0.04354548454284668
0.04337453842163086
0.04357099533081055
0.04318594932556152
0.04308795928955078
0.04490971565246582
0.049082279205322266
0.04437661170959473
0.04392814636230469
0.04351329803466797
0.043578386306762695
0.04344964027404785
0.04328584671020508
0.04329991340637207
0.0435786247253418
0.048482656478881836
0.05185341835021973
0.04450631141662598
0.04366493225097656
0.043627262115478516
0.04405927658081055
0.04382801055908203
0.04380941390991211
0.0440828800201416
0.048265695571899414
0.044008731842041016
0.04454946517944336
0.04395604133605957
0.043725013732910156
0.044054269790649414
0.04300665855407715
0.04290938377380371
0.044248104095458984
0.04924345016479492
0.04468727111816406
0.04456472396850586
0.04378843307495117
0.04338836669921875
0.04453849792480469
0.044914960861206055
0.04396653175354004
0.0438075065612793
0.049536943435668945
0.04469919204711914
0.04405522346496582
0.04445219039916992
0.04400014877319336
0.04342293739318848
0.04364943504333496
0.04357194900512695
0.043813467025756836
0.048839569091796875
0.04441237449645996
0.04447817802429199
0.04340195655822754
0.043515920639038086
0.04390144348144531
0.04340863227844238
0.04319000244140625
0.04444527626037598
0.048644065856933594
0.044252634048461914
0.044030189514160156
0.04392504692077637
0.043972015380859375
0.043573856353759766
0.04328417778015137
0.043604373931884766
0.04482889175415039
0.04878830909729004
0.04441237449645996
0.0436704158782959
0.04292798042297363
0.04294562339782715
0.04319572448730469
0.04306602478027344
0.0436246395111084
0.0442044734954834
0.04930567741394043
0.043660879135131836
0.0438995361328125
0.04388785362243652
0.04351544380187988
0.04342508316040039
0.050884246826171875
0.04377889633178711
0.04377102851867676
0.04947686195373535
0.04437541961669922
0.04393291473388672
0.04380941390991211
0.043582916259765625
0.04331684112548828
0.04337787628173828
0.04345560073852539
0.051326751708984375
0.04922366142272949
0.04480791091918945
0.04471898078918457
0.052355051040649414
0.04447603225708008
0.04344367980957031
0.043518781661987305
0.043865203857421875
0.04371905326843262
0.04878687858581543
0.04408907890319824
0.04428696632385254
0.04345893859863281
0.043828725814819336
0.04404568672180176
0.04349827766418457
0.04334568977355957
0.044118642807006836
0.04898810386657715
0.04463815689086914
0.04412436485290527
0.04385805130004883
0.043694257736206055
0.043558597564697266
0.043590545654296875
0.044269561767578125
0.043523311614990234
0.04874396324157715
0.04454493522644043
0.04388308525085449
0.044046640396118164
0.04500555992126465
0.04446053504943848
0.04338502883911133
0.043196678161621094
0.044469594955444336
0.05100655555725098
0.044132232666015625
0.04374384880065918
0.043598175048828125
0.04388308525085449
0.04359912872314453
0.043328046798706055
0.04350686073303223
0.04403114318847656
0.04876136779785156
0.043784141540527344
0.043314218521118164
0.043221473693847656
0.043573856353759766
0.045322418212890625
0.043871164321899414
0.0435945987701416
0.04365944862365723
0.049241065979003906
0.04461503028869629
0.04467439651489258
0.04371190071105957
0.04365849494934082
0.04331183433532715
0.04338431358337402
0.04402875900268555
0.043695688247680664
0.050492286682128906
0.04463315010070801
0.043958425521850586
0.04407382011413574
0.04470491409301758
0.043949127197265625
0.04356694221496582
0.04363822937011719
0.04469037055969238
0.049677371978759766
0.044702768325805664
0.05206465721130371
0.044364213943481445
0.044620513916015625
0.04314613342285156
0.04336810111999512
0.04353523254394531
0.049726009368896484
0.049292564392089844
0.04473590850830078
0.04407477378845215
0.043843984603881836
0.04414224624633789
0.04318428039550781
0.04340100288391113
0.04319024085998535
0.04386162757873535
0.04880475997924805
0.04399299621582031
0.043669939041137695
0.04390215873718262
0.043886661529541016
0.04385089874267578
0.05178260803222656
0.04387950897216797
0.04385662078857422
0.049178361892700195
0.04388737678527832
0.05062556266784668
0.04354214668273926
0.0431368350982666
0.051723480224609375
0.051131486892700195
0.046669960021972656
0.04418492317199707
0.04872012138366699
0.044275522232055664
0.044001102447509766
0.04364323616027832
0.05213522911071777
0.04396414756774902
0.04377150535583496
0.045892953872680664
0.04391884803771973
0.0489959716796875
0.04474663734436035
0.0440065860748291
0.044457197189331055
0.04384946823120117
0.043558359146118164
0.04421353340148926
0.043970584869384766
0.04481673240661621
0.049054622650146484
0.04446911811828613
0.04432940483093262
0.04378008842468262
0.043366432189941406
0.04469609260559082
0.050261735916137695
0.043500423431396484
0.044327735900878906
0.04942893981933594
0.0445399284362793
0.05240297317504883
0.052167654037475586
0.044194936752319336
0.04392719268798828
0.04352116584777832
0.04400014877319336
0.052133798599243164
0.052985429763793945
0.04444003105163574
0.044202566146850586
0.04420638084411621
0.04377245903015137
0.05099225044250488
0.04449129104614258
0.04291224479675293
0.043904781341552734
0.048268795013427734
0.04494810104370117
0.044219017028808594
0.044249773025512695
0.043744802474975586
0.044039249420166016
0.043244123458862305
0.04233384132385254
0.04350590705871582
0.05754733085632324
0.045137643814086914
0.04408073425292969
0.04385852813720703
0.043634891510009766
0.04338812828063965
0.04352927207946777
0.04294562339782715
0.04426002502441406
0.04877758026123047
0.044625043869018555
0.04380917549133301
0.044259071350097656
0.04330945014953613
0.04333782196044922
0.04349040985107422
0.043563127517700195
0.04421257972717285
0.04856586456298828
0.04422140121459961
0.04424786567687988
0.05196356773376465
0.04503965377807617
0.04363059997558594
0.0437617301940918
0.042710065841674805
0.04408431053161621
0.04886960983276367
0.043949127197265625
0.044074296951293945
0.04375600814819336
0.04385828971862793
0.044350385665893555
0.04389071464538574
0.04298973083496094
0.04380512237548828
0.04931974411010742
0.04410076141357422
0.0462188720703125
0.04370903968811035
0.043730974197387695
0.04389238357543945
0.051434993743896484
0.0449068546295166
0.05433011054992676
0.05794024467468262
0.04877758026123047
0.04379129409790039
0.04381155967712402
0.04392409324645996
0.05120992660522461
0.051448822021484375
0.043839216232299805
0.04349875450134277
0.049143075942993164
0.0442352294921875
0.04385733604431152
0.04369783401489258
0.04418039321899414
0.04350614547729492
0.043875694274902344
0.04399728775024414
0.04357314109802246
0.048722028732299805
0.04445767402648926
0.044403076171875
0.043825626373291016
0.043470144271850586
0.04364371299743652
0.043982744216918945
0.0434720516204834
0.04357647895812988
0.04855608940124512
0.043793439865112305
0.043947458267211914
0.04359126091003418
0.04379558563232422
0.043251991271972656
0.04326581954956055
0.043796539306640625
0.04330873489379883
0.0484311580657959
0.0447392463684082
0.04448103904724121
0.054444313049316406
0.04641437530517578
0.04543423652648926
0.04551243782043457
0.04566311836242676
0.043560028076171875
0.04851675033569336
0.04434919357299805
0.04406237602233887
0.043814659118652344
0.0436854362487793
0.04578256607055664
0.04558086395263672
0.046090126037597656
0.04456591606140137
0.04878091812133789
0.045233964920043945
0.046735286712646484
0.04377555847167969
0.043976545333862305
0.043477773666381836
0.04369997978210449
0.049211740493774414
0.04425859451293945
0.051897287368774414
0.0441279411315918
0.044098615646362305
0.043924808502197266
0.043851375579833984
0.043695688247680664
0.04372572898864746
0.04347801208496094
0.04372119903564453
0.048102617263793945
0.04402732849121094
0.04362964630126953
0.04343461990356445
0.042937517166137695
0.04285931587219238
0.05090618133544922
0.04357600212097168
0.04424595832824707
0.048743486404418945
0.04451751708984375
0.05158066749572754
0.043721914291381836
0.043427467346191406
0.04371285438537598
0.043607473373413086
0.042878150939941406
0.04413318634033203
0.04859042167663574
0.04456162452697754
0.044254302978515625
0.05158376693725586
0.04383492469787598
0.05126023292541504
0.04853987693786621
0.043540239334106445
0.04387974739074707
0.04865622520446777
0.04546689987182617
0.044373512268066406
0.0442500114440918
0.043897151947021484
0.04365873336791992
0.04415178298950195
0.04408454895019531
0.04408574104309082
0.049584150314331055
0.04483675956726074
0.04453921318054199
0.044515132904052734
0.044794321060180664
0.044003963470458984
0.043602705001831055
0.04404854774475098
0.04452228546142578
0.04893898963928223
0.04471874237060547
0.04423713684082031
0.0518336296081543
0.052343130111694336
0.05294466018676758
0.05114936828613281
0.0434114933013916
0.04331350326538086
0.04827380180358887
0.04392814636230469
0.04402875900268555
0.04393410682678223
0.04422163963317871
0.04400062561035156
0.043949127197265625
0.04858827590942383
0.04444527626037598
0.05063176155090332
0.044985055923461914
0.04458951950073242
0.04518866539001465
0.04433012008666992
0.0432429313659668
0.04357576370239258
0.043593645095825195
0.044097185134887695
0.048250436782836914
0.04473996162414551
0.04377889633178711
0.0439150333404541
0.04322934150695801
0.043243408203125
0.043071746826171875
0.043582916259765625
0.04357266426086426
0.04788064956665039
0.04401826858520508
0.04359698295593262
0.04332566261291504
0.04430651664733887
0.05205106735229492
0.05242419242858887
0.0483095645904541
0.04406261444091797
0.04909157752990723
0.044768571853637695
0.04456138610839844
0.04406929016113281
0.04400491714477539
0.0437006950378418
0.04324460029602051
0.04484415054321289
0.044363975524902344
0.04929971694946289
0.04473066329956055
0.04452085494995117
0.043828487396240234
0.044577836990356445
0.043939828872680664
0.0437929630279541
0.04414057731628418
0.051526784896850586
0.048742055892944336
0.04462432861328125
0.04408001899719238
0.044197797775268555
0.04490470886230469
0.04379892349243164
0.044359445571899414
0.04410672187805176
0.044785499572753906
0.048702239990234375
0.04515409469604492
0.04468894004821777
0.04447793960571289
0.04397773742675781
0.04459333419799805
0.04337644577026367
0.0441737174987793
0.044913530349731445
0.04946780204772949
0.04477977752685547
0.04423880577087402
0.044137001037597656
0.04456591606140137
0.0441739559173584
0.04382944107055664
0.04448962211608887
0.04413342475891113
0.04884672164916992
0.04404592514038086
0.044229745864868164
0.043883562088012695
0.043657541275024414
0.04368472099304199
0.043392181396484375
0.04372978210449219
0.04436492919921875
0.04909038543701172
0.04430103302001953
0.04360032081604004
0.04400444030761719
0.04359579086303711
0.05167698860168457
0.050559282302856445
0.04347801208496094
0.04353690147399902
0.05256032943725586
0.05203723907470703
0.044745683670043945
0.043921470642089844
0.04372382164001465
0.0432438850402832
0.04717087745666504
0.04387211799621582
0.04372978210449219
0.0491483211517334
0.04452633857727051
0.04389190673828125
0.04426860809326172
0.043961286544799805
0.04418015480041504
0.04334402084350586
0.043134212493896484
0.04350614547729492
0.04913759231567383
0.04457855224609375
0.04386091232299805
0.04351043701171875
0.04358983039855957
0.043962717056274414
0.04375934600830078
0.04364609718322754
0.0438539981842041
0.04861855506896973
0.04418230056762695
0.05195164680480957
0.04411935806274414
0.04564857482910156
0.04364013671875
0.05126333236694336
0.047550201416015625
0.04448890686035156
0.04805922508239746
0.04377627372741699
0.044378042221069336
0.043111324310302734
0.04362130165100098
0.043836355209350586
0.04358792304992676
0.04331159591674805
0.04394888877868652
0.04848790168762207
0.044417619705200195
0.04433774948120117
0.04340386390686035
0.0437014102935791
0.043107032775878906
0.04324841499328613
0.04378819465637207
0.04391598701477051
0.04928946495056152
0.04433155059814453
0.0442960262298584
0.043173789978027344
0.04322314262390137
0.043746232986450195
0.04383516311645508
0.043022871017456055
0.04385995864868164
0.04863119125366211
0.04453682899475098
0.04417991638183594
0.04372739791870117
0.04381608963012695
0.04407668113708496
0.043042898178100586
0.05122065544128418
0.04409360885620117
0.05788278579711914
0.0520784854888916
0.04367637634277344
0.04344367980957031
0.04304838180541992
0.043187618255615234
0.043914794921875
0.043523550033569336
0.04486370086669922
0.04891657829284668
0.044121742248535156
0.043885231018066406
0.043673038482666016
0.0437467098236084
0.0438838005065918
0.043732404708862305
0.043061017990112305
0.043318748474121094
0.048449039459228516
0.04417133331298828
0.04399561882019043
0.044020891189575195
0.04355764389038086
0.04345822334289551
0.044251441955566406
0.04317760467529297
0.04332423210144043
0.04881906509399414
0.04390668869018555
0.04417872428894043
0.0438237190246582
0.04407811164855957
0.04378938674926758
0.04379916191101074
0.04362750053405762
0.04393815994262695
0.049002885818481445
0.05282950401306152
0.053064584732055664
0.051299333572387695
0.04644417762756348
0.05289125442504883
0.05539822578430176
0.04817342758178711
0.045867919921875
0.05222892761230469
0.05164074897766113
0.043905019760131836
0.043631553649902344
0.0459446907043457
0.046964406967163086
0.04598808288574219
0.04737091064453125
0.049485206604003906
0.05226492881774902
0.04728102684020996
0.043814659118652344
0.0437312126159668
0.044415950775146484
0.04560256004333496
0.045363426208496094
0.044077157974243164
0.04642653465270996
0.050626516342163086
0.04685068130493164
0.04631161689758301
0.04591059684753418
0.04307842254638672
0.043459177017211914
0.04335975646972656
0.043016910552978516
0.04402613639831543
0.04932284355163574
0.044597625732421875
0.04422163963317871
0.043576955795288086
0.05120968818664551
0.0437779426574707
0.04330277442932129
0.04291939735412598
0.04353785514831543
0.051805734634399414
0.04511833190917969
0.04432320594787598
0.04603099822998047
0.04601693153381348
0.04534029960632324
0.043340206146240234
0.04403042793273926
0.04325127601623535
0.05733609199523926
0.04996895790100098
0.04436755180358887
0.043463945388793945
0.04365134239196777
0.04307985305786133
0.04281044006347656
0.043448686599731445
0.04505586624145508
0.048593997955322266
0.04493594169616699
0.04438161849975586
0.05205941200256348
0.04646587371826172
0.04342150688171387
0.04366469383239746
0.051749467849731445
0.04371166229248047
0.04895591735839844
0.04426312446594238
0.044072628021240234
0.051306962966918945
0.04323983192443848
0.0429377555847168
0.04468488693237305
0.04363703727722168
0.04379701614379883
0.04935336112976074
0.044626712799072266
0.04412341117858887
0.04383397102355957
0.043924570083618164
0.04372143745422363
0.04408884048461914
0.04308462142944336
0.043968915939331055
0.05657196044921875
0.0445561408996582
0.044554710388183594
0.043916940689086914
0.04379892349243164
0.043653249740600586
0.04352855682373047
0.0513153076171875
0.05152297019958496
0.048774003982543945
0.04427027702331543
0.0437014102935791
0.044074058532714844
0.04341411590576172
0.0433957576751709
0.04379868507385254
0.0434572696685791
0.04326677322387695
0.05493974685668945
0.043712615966796875
0.043326377868652344
0.04340529441833496
0.04344534873962402
0.043326377868652344
0.04411792755126953
0.043386220932006836
0.0437319278717041
0.04871726036071777
0.04398179054260254
0.04355740547180176
0.043030738830566406
0.043193817138671875
0.04332566261291504
0.044936180114746094
0.04402804374694824
0.04420328140258789
0.04955267906188965
0.04445600509643555
0.04387068748474121
0.0446782112121582
0.04384326934814453
0.04412198066711426
0.04380178451538086
0.044170379638671875
0.05206799507141113
0.05597710609436035
0.0458531379699707
0.04431486129760742
0.04546475410461426
0.04393720626831055
0.04393339157104492
0.04407548904418945
0.0436556339263916
0.04345870018005371
0.04985833168029785
0.04469704627990723
0.04441070556640625
0.04455709457397461
0.04387831687927246
0.04402780532836914
0.04401803016662598
0.04420137405395508
0.04375815391540527
0.04909348487854004
0.04409456253051758
0.04407453536987305
0.04551267623901367
0.044532060623168945
0.044231414794921875
0.05491971969604492
0.04663896560668945
0.04431915283203125
0.05054473876953125
0.044678449630737305
0.044492244720458984
0.04361081123352051
0.043425559997558594
0.04385185241699219
0.043543338775634766
0.04443240165710449
0.045107126235961914
0.048818349838256836
0.04488110542297363
0.044300079345703125
0.043992042541503906
0.04395103454589844
0.04372096061706543
0.0435941219329834
0.043357133865356445
0.04386568069458008
0.04949808120727539
0.044586181640625
0.04476571083068848
0.04436612129211426
0.04468345642089844
0.04427838325500488
0.04366326332092285
0.04389166831970215
0.04384660720825195
0.04965519905090332
0.044646263122558594
0.0441899299621582
0.04404020309448242
0.04385709762573242
0.043932437896728516
0.0437169075012207
0.04333925247192383
0.04483222961425781
0.048596858978271484
0.04465746879577637
0.04401659965515137
0.04342198371887207
0.043435096740722656
0.04344916343688965
0.044402360916137695
0.04362988471984863
0.044600725173950195
0.04861807823181152
0.04411625862121582
0.04442310333251953
0.044080257415771484
0.04377436637878418
0.043651580810546875
0.04358482360839844
0.0436244010925293
0.04479265213012695
0.048725128173828125
0.04424405097961426
0.04375910758972168
0.04362607002258301
0.04373502731323242
0.04344367980957031
0.04435300827026367
0.04408669471740723
0.04384756088256836
0.04847311973571777
0.04464387893676758
0.04422450065612793
0.04338812828063965
0.0440373420715332
0.04477286338806152
0.05205249786376953
0.04478859901428223
0.04484105110168457
0.05776357650756836
0.0521702766418457
0.043834686279296875
0.043804168701171875
0.04403400421142578
0.04358673095703125
0.0439753532409668
0.043588876724243164
0.04500889778137207
0.04851841926574707
0.04467177391052246
0.04402780532836914
0.04346728324890137
0.04361438751220703
0.042994022369384766
0.04404759407043457
0.04320979118347168
0.04422712326049805
0.04941987991333008
0.044937849044799805
0.044198036193847656
0.052147626876831055
0.05162167549133301
0.05161929130554199
0.043994903564453125
0.04415774345397949
0.045224905014038086
0.049072265625
0.05024576187133789
0.04430270195007324
0.04391002655029297
0.05218172073364258
0.051423072814941406
0.04410052299499512
0.04416847229003906
0.04556155204772949
0.04913139343261719
0.04396343231201172
0.044582366943359375
0.0435788631439209
0.04400324821472168
0.046475887298583984
0.04370570182800293
0.04338335990905762
0.0441584587097168
0.051667213439941406
0.044817447662353516
0.0442814826965332
0.044415950775146484
0.04419112205505371
0.04399991035461426
0.04364204406738281
0.04391908645629883
0.04444146156311035
0.04847383499145508
0.3821864128112793
0.04979228973388672
0.049507856369018555
0.05067038536071777
0.049851417541503906
0.049811363220214844
0.05160689353942871
0.050360679626464844
0.05818462371826172
0.0655820369720459
0.04964280128479004
0.05050945281982422
0.04968738555908203
0.049362897872924805
0.04934382438659668
0.0514371395111084
0.05010247230529785
0.05028390884399414
0.056345224380493164
0.058679819107055664
0.04963946342468262
0.05144357681274414
0.050104618072509766
0.05809736251831055
0.05201411247253418
0.05019068717956543
0.0509943962097168
0.05669903755187988
0.05019879341125488
0.05033588409423828
0.050742387771606445
0.050305843353271484
0.050261735916137695
0.04985642433166504
0.04998660087585449
0.05015301704406738
0.05723309516906738
0.04984140396118164
0.05450320243835449
0.05006051063537598
0.05016040802001953
0.04971504211425781
0.04943227767944336
0.05010271072387695
0.05044293403625488
0.05692124366760254
0.04998636245727539
0.049780845642089844
0.0498807430267334
0.049184560775756836
0.05614018440246582
0.05041790008544922
0.049976348876953125
0.05131363868713379
0.05560493469238281
0.05040597915649414
0.05058908462524414
0.049672842025756836
0.05049324035644531
0.050553321838378906
0.05062127113342285
0.05058646202087402
0.0504298210144043
0.05645275115966797
0.049956560134887695
0.050750017166137695
0.05036139488220215
0.04985189437866211
0.05033755302429199
0.0498347282409668
0.05047273635864258
0.05846714973449707
0.05807805061340332
0.05039405822753906
0.05864715576171875
0.05045914649963379
0.05048727989196777
0.05069112777709961
0.05024886131286621
0.05004286766052246
0.05800676345825195
0.05624866485595703
0.050582170486450195
0.04936981201171875
0.049185752868652344
0.048544883728027344
0.04886221885681152
0.04811239242553711
0.0483245849609375
0.04874777793884277
0.05427837371826172
0.04840803146362305
0.04819822311401367
0.04832601547241211
0.05032849311828613
0.049063682556152344
0.049719810485839844
0.04850196838378906
0.04925966262817383
0.05460715293884277
0.04872894287109375
0.04830765724182129
0.049697160720825195
0.048389434814453125
0.04960489273071289
0.04788923263549805
0.04709601402282715
0.047304391860961914
0.06304216384887695
0.04945039749145508
0.047814369201660156
0.05425071716308594
0.05160832405090332
0.04838919639587402
0.04900360107421875
0.04842114448547363
0.04771065711975098
0.054609060287475586
0.04712939262390137
0.047435760498046875
0.04689335823059082
0.04620933532714844
0.04593801498413086
0.04706692695617676
0.04619097709655762
0.04616665840148926
0.052556753158569336
0.04685544967651367
0.04651904106140137
0.04617118835449219
0.0450894832611084
0.054158926010131836
0.0455937385559082
0.045439720153808594
0.0532078742980957
0.06067323684692383
0.0527796745300293
0.046047210693359375
0.04636096954345703
0.0478816032409668
0.0448765754699707
0.04573488235473633
0.04496955871582031
0.04825878143310547
0.052820444107055664
0.04535269737243652
0.05312228202819824
0.045697927474975586
0.044425249099731445
0.04466390609741211
0.04466080665588379
0.05196690559387207
0.04464864730834961
0.05908846855163574
0.04718279838562012
0.044968366622924805
0.0440213680267334
0.04407000541687012
0.04294180870056152
0.04329824447631836
0.043453216552734375
0.04414844512939453
0.04948830604553223
0.0446469783782959
0.04406023025512695
0.04380059242248535
0.051195621490478516
0.050232648849487305
0.043726444244384766
0.04310274124145508
0.04362010955810547
0.04884147644042969
0.04412579536437988
0.043912649154663086
0.04300093650817871
0.04282855987548828
0.04306650161743164
0.04375934600830078
0.043132781982421875
0.05188250541687012
0.056730031967163086
0.0455327033996582
0.05168771743774414
0.04417085647583008
0.04372286796569824
0.04339289665222168
0.04330635070800781
0.051477909088134766
0.04390764236450195
0.048067331314086914
0.043931007385253906
0.04366135597229004
0.043721675872802734
0.043622732162475586
0.04477071762084961
0.04359579086303711
0.05175447463989258
0.044405460357666016
0.048689842224121094
0.044649362564086914
0.04422402381896973
0.04420137405395508
0.04402875900268555
0.051387786865234375
0.05418825149536133
0.04999518394470215
0.046898841857910156
0.05495810508728027
0.0472407341003418
0.04399371147155762
0.04392194747924805
0.044104576110839844
0.04363393783569336
0.04417061805725098
0.04397130012512207
0.044326066970825195
0.0489649772644043
0.04454207420349121
0.04421663284301758
0.04390144348144531
0.043361663818359375
0.043776750564575195
0.04396939277648926
0.05110907554626465
0.045111656188964844
0.048777103424072266
0.04440927505493164
0.04407334327697754
0.0440671443939209
0.04367828369140625
0.04334259033203125
0.04353189468383789
0.043471574783325195
0.04383707046508789
0.048690080642700195
0.04432964324951172
0.04383993148803711
0.043628692626953125
0.04332304000854492
0.05309462547302246
0.04787468910217285
0.04410982131958008
0.04530453681945801
0.04832029342651367
0.04558157920837402
0.044138431549072266
0.04567217826843262
0.04366326332092285
0.04323840141296387
0.04701042175292969
0.0434565544128418
0.04425501823425293
0.04972982406616211
0.04399561882019043
0.0442805290222168
0.04398226737976074
0.04415726661682129
0.04359316825866699
0.04441070556640625
0.04435849189758301
0.05212807655334473
0.04925227165222168
0.04482078552246094
0.05695199966430664
0.044832468032836914
0.04473733901977539
0.04596257209777832
0.04453253746032715
0.04647397994995117
0.045853376388549805
0.049834489822387695
0.05470681190490723
0.04383444786071777
0.04396939277648926
0.04362845420837402
0.043508052825927734
0.04410123825073242
0.04362034797668457
0.05207967758178711
0.0566098690032959
0.048407793045043945
0.04920554161071777
0.04384207725524902
0.043808698654174805
0.0511326789855957
0.04794478416442871
0.043038368225097656
0.044291019439697266
0.04864025115966797
0.04449748992919922
0.044103145599365234
0.044263601303100586
0.043680429458618164
0.043860435485839844
0.0428156852722168
0.04321789741516113
0.043200016021728516
0.047597408294677734
0.04410505294799805
0.044476985931396484
0.043212890625
0.043169498443603516
0.043798208236694336
0.04395318031311035
0.04366254806518555
0.043375492095947266
0.04872584342956543
0.04410529136657715
0.050899505615234375
0.04409909248352051
0.04329419136047363
0.04379606246948242
0.04334282875061035
0.04326033592224121
0.043543338775634766
0.04822349548339844
0.04418492317199707
0.04429936408996582
0.050778865814208984
0.04322481155395508
0.043692827224731445
0.04305386543273926
0.043758392333984375
0.04447579383850098
0.048589229583740234
0.04445457458496094
0.04419732093811035
0.05421710014343262
0.0437314510345459
0.04374957084655762
0.05490565299987793
0.04835987091064453
0.04404425621032715
0.04850602149963379
0.043517112731933594
0.044051408767700195
0.05100893974304199
0.05071425437927246
0.04314756393432617
0.04825115203857422
0.04563593864440918
0.04632449150085449
0.04814743995666504
0.04374432563781738
0.04568028450012207
0.04586362838745117
0.04552412033081055
0.04553389549255371
0.04626822471618652
0.04390287399291992
0.05205225944519043
0.04851794242858887
0.04362964630126953
0.043805837631225586
0.043875694274902344
0.04945230484008789
0.044653892517089844
0.04387164115905762
0.04356098175048828
0.04384255409240723
0.04835391044616699
0.04428744316101074
0.0440976619720459
0.04402589797973633
0.043704986572265625
0.04376983642578125
0.04350852966308594
0.043486833572387695
0.0510714054107666
0.04892301559448242
0.04439830780029297
0.05154228210449219
0.043546199798583984
0.04823160171508789
0.04314255714416504
0.04512476921081543
0.0436098575592041
0.043745994567871094
0.04928326606750488
0.04465937614440918
0.04474186897277832
0.044748783111572266
0.04392051696777344
0.043860435485839844
0.04427790641784668
0.04351806640625
0.04348874092102051
0.05252432823181152
0.04507803916931152
0.04409217834472656
0.0451047420501709
0.044219970703125
0.04409933090209961
0.044859886169433594
0.04445147514343262
0.043859004974365234
0.04892253875732422
0.044356584548950195
0.04403829574584961
0.04436135292053223
0.04385232925415039
0.044159650802612305
0.044098854064941406
0.04364371299743652
0.04351329803466797
0.04937386512756348
0.044287681579589844
0.05203509330749512
0.049054861068725586
0.043820858001708984
0.04671359062194824
0.046167612075805664
0.04440665245056152
0.04451560974121094
0.04921770095825195
0.04468178749084473
0.04443621635437012
0.04380154609680176
0.04400444030761719
0.04355502128601074
0.04354143142700195
0.04366707801818848
0.04436326026916504
0.0491032600402832
0.04419302940368652
0.04369091987609863
0.044081687927246094
0.043500423431396484
0.04395151138305664
0.04397153854370117
0.05127143859863281
0.05156064033508301
0.04900312423706055
0.052030324935913086
0.04453754425048828
0.0447847843170166
0.043684959411621094
0.043326616287231445
0.04321694374084473
0.043822526931762695
0.044718265533447266
0.04847598075866699
0.04460573196411133
0.043938636779785156
0.04400491714477539
0.04414248466491699
0.04419422149658203
0.04463481903076172
0.04351305961608887
0.043706417083740234
0.04824018478393555
0.04464077949523926
0.04420614242553711
0.04430031776428223
0.05168795585632324
0.04508566856384277
0.04390883445739746
0.05071425437927246
0.05186319351196289
0.05314755439758301
0.04605865478515625
0.04396677017211914
0.04365348815917969
0.04273581504821777
0.0524592399597168
0.04782295227050781
0.04373669624328613
0.04459047317504883
0.060520172119140625
0.05269217491149902
0.04950737953186035
0.044660329818725586
0.04330706596374512
0.054208993911743164
0.04616570472717285
0.04597616195678711
0.04562044143676758
0.0513455867767334
0.04635262489318848
0.04598641395568848
0.04562950134277344
0.045568227767944336
0.045845746994018555
0.04532933235168457
0.04496288299560547
0.046060800552368164
0.05071735382080078
0.04677152633666992
0.04452228546142578
0.04403376579284668
0.043283700942993164
0.04348254203796387
0.043599605560302734
0.04441714286804199
0.04382729530334473
0.04867744445800781
0.04448390007019043
0.04408717155456543
0.044007301330566406
0.043325185775756836
0.043975114822387695
0.04381537437438965
0.04420661926269531
0.04418206214904785
0.04845619201660156
0.04454493522644043
0.043966054916381836
0.044165611267089844
0.04341721534729004
0.04378199577331543
0.04399442672729492
0.04484915733337402
0.04381608963012695
0.04958319664001465
0.044722795486450195
0.04443526268005371
0.04416298866271973
0.04392361640930176
0.04411578178405762
0.04396843910217285
0.04376101493835449
0.04407238960266113
0.050222158432006836
0.04513120651245117
0.044982194900512695
0.04455971717834473
0.044899702072143555
0.044055938720703125
0.04440021514892578
0.05476236343383789
0.04496192932128906
0.049101829528808594
0.04578447341918945
0.04503178596496582
0.05411338806152344
0.046082496643066406
0.046364545822143555
0.04639768600463867
0.046034812927246094
0.04634976387023926
0.05077552795410156
0.0471956729888916
0.04738640785217285
0.047005414962768555
0.04639244079589844
0.04606342315673828
0.045804738998413086
0.045825958251953125
0.045068979263305664
0.05145883560180664
0.0469355583190918
0.04645681381225586
0.04644942283630371
0.05166435241699219
0.04886913299560547
0.04406476020812988
0.04631161689758301
0.04613804817199707
0.05092740058898926
0.044728755950927734
0.04456019401550293
0.052184343338012695
0.05273151397705078
0.044306278228759766
0.04413795471191406
0.04427361488342285
0.04945635795593262
0.05030393600463867
0.04511213302612305
0.04471111297607422
0.04630279541015625
0.04450535774230957
0.043808937072753906
0.04404306411743164
0.05109119415283203
0.050523996353149414
0.04849052429199219
0.04478192329406738
0.04442405700683594
0.05271029472351074
0.04410409927368164
0.04398965835571289
0.04375314712524414
0.0465397834777832
0.04350614547729492
0.04897809028625488
0.052503108978271484
0.0521397590637207
0.0448760986328125
0.04385972023010254
0.043627262115478516
0.04380059242248535
0.04421806335449219
0.04482722282409668
0.04873514175415039
0.04424548149108887
0.04415702819824219
0.044042348861694336
0.04367494583129883
0.043381690979003906
0.044516563415527344
0.04387187957763672
0.04419708251953125
0.04924631118774414
0.04434013366699219
0.04479217529296875
0.05173540115356445
0.044181108474731445
0.04403328895568848
0.04383039474487305
0.0440065860748291
0.044039011001586914
0.04913949966430664
0.04462623596191406
0.04472780227661133
0.04461526870727539
0.04410529136657715
0.04405808448791504
0.04367351531982422
0.042899131774902344
0.04429769515991211
0.04845786094665527
0.04437685012817383
0.044367313385009766
0.04440665245056152
0.0439603328704834
0.044205665588378906
0.044173240661621094
0.04393410682678223
0.04481196403503418
0.048961639404296875
0.044344425201416016
0.04386615753173828
0.04380035400390625
0.051422119140625
0.051661014556884766
0.043555259704589844
0.043276071548461914
0.05159950256347656
0.054540157318115234
0.044619083404541016
0.04413104057312012
0.044148921966552734
0.04356527328491211
0.04439067840576172
0.044297218322753906
0.044019460678100586
0.044266700744628906
0.049440622329711914
0.0444493293762207
0.04404640197753906
0.04385566711425781
0.04383587837219238
0.04347515106201172
0.04381990432739258
0.04362034797668457
0.04330611228942871
0.04906272888183594
0.0441131591796875
0.04433917999267578
0.04409360885620117
0.043557167053222656
0.043801307678222656
0.04432845115661621
0.04415082931518555
0.043950796127319336
0.04918646812438965
0.04475569725036621
0.04401421546936035
0.04400324821472168
0.04377126693725586
0.04370713233947754
0.04337167739868164
0.043229103088378906
0.04377579689025879
0.04970717430114746
0.0444943904876709
0.051773786544799805
0.04621601104736328
0.04381251335144043
0.04401111602783203
0.04361844062805176
0.04408693313598633
0.044469356536865234
0.04895281791687012
0.0491480827331543
0.052808284759521484
0.05090808868408203
0.044222116470336914
0.05071854591369629
0.04408526420593262
0.04414534568786621
0.04399561882019043
0.04888725280761719
0.04490017890930176
0.043776750564575195
0.043981313705444336
0.04368901252746582
0.04432511329650879
0.043901920318603516
0.04393458366394043
0.04385876655578613
0.05250716209411621
0.04509329795837402
0.04445672035217285
0.04475712776184082
0.043956756591796875
0.04390668869018555
0.04420948028564453
0.04412555694580078
0.04376673698425293
0.04953289031982422
0.0444643497467041
0.044283151626586914
0.04359793663024902
0.04375648498535156
0.04304981231689453
0.043573617935180664
0.04328012466430664
0.04462766647338867
0.04895663261413574
0.044284820556640625
0.04406547546386719
0.04407835006713867
0.044278621673583984
0.043776750564575195
0.04339098930358887
0.0443422794342041
0.04468345642089844
0.056397438049316406
0.04413604736328125
0.04387021064758301
0.05337190628051758
0.04347395896911621
0.04352116584777832
0.04410099983215332
0.04593348503112793
0.05382871627807617
0.05859994888305664
0.04875802993774414
0.044007062911987305
0.04402875900268555
0.04377889633178711
0.04896044731140137
0.044252634048461914
0.04403805732727051
0.04395937919616699
0.048935651779174805
0.0442960262298584
0.04372048377990723
0.043965816497802734
0.044568777084350586
0.04393267631530762
0.04325056076049805
0.051404714584350586
0.04888105392456055
0.05676531791687012
0.04448843002319336
0.0441441535949707
0.04413557052612305
0.04408693313598633
0.05112457275390625
0.04666423797607422
0.04410243034362793
0.043984413146972656
0.04808306694030762
0.044266700744628906
0.043889760971069336
0.05223512649536133
0.04325127601623535
0.04366731643676758
0.04618215560913086
0.04326796531677246
0.043478965759277344
0.048432350158691406
0.05262875556945801
0.051377058029174805
0.04558515548706055
0.04545140266418457
0.04320168495178223
0.043710947036743164
0.043425559997558594
0.04374408721923828
0.04828953742980957
0.04415297508239746
0.04404330253601074
0.043595314025878906
0.04360461235046387
0.04425644874572754
0.04361772537231445
0.044100284576416016
0.043825626373291016
0.049173593521118164
0.04452347755432129
0.04402637481689453
0.043981075286865234
0.04393935203552246
0.044013023376464844
0.04337191581726074
0.04442238807678223
0.044561147689819336
0.04917788505554199
0.04456186294555664
0.04791998863220215
0.04978060722351074
0.043996572494506836
0.04380154609680176
0.051195383071899414
0.05149269104003906
0.0441136360168457
0.05701637268066406
0.05153846740722656
0.04450535774230957
0.04450511932373047
0.043684959411621094
0.04356193542480469
0.051831722259521484
0.04683685302734375
0.04411005973815918
0.04838156700134277
0.04477238655090332
0.04378461837768555
0.044007301330566406
0.043773651123046875
0.04369831085205078
0.04368710517883301
0.04343724250793457
0.04437518119812012
0.05745053291320801
0.052932024002075195
0.04483628273010254
0.04412484169006348
0.04388618469238281
0.04389142990112305
0.04392647743225098
0.043558597564697266
0.04427051544189453
0.04908466339111328
0.04455280303955078
0.04461860656738281
0.0437006950378418
0.04332375526428223
0.05294942855834961
0.0446629524230957
0.04366445541381836
0.04475116729736328
0.05764460563659668
0.04503011703491211
0.04489541053771973
0.0450739860534668
0.04434657096862793
0.044356346130371094
0.04411768913269043
0.04448342323303223
0.04372763633728027
0.05081367492675781
0.045044898986816406
0.04463338851928711
0.04424405097961426
0.04399991035461426
0.04424762725830078
0.04394388198852539
0.04335927963256836
0.04430699348449707
0.048685550689697266
0.04546332359313965
0.04445695877075195
0.044747352600097656
0.044097185134887695
0.04409456253051758
0.04456162452697754
0.04486584663391113
0.04414677619934082
0.04887866973876953
0.04454612731933594
0.0454096794128418
0.044877052307128906
0.04749345779418945
0.051690101623535156
0.044406890869140625
0.04715609550476074
0.05202221870422363
0.0505223274230957
0.044706106185913086
0.044335126876831055
0.045091867446899414
0.04380154609680176
0.04408669471740723
0.04400205612182617
0.04475092887878418
0.04416704177856445
0.0484929084777832
0.044826507568359375
0.04434394836425781
0.044446468353271484
0.04437828063964844
0.04327750205993652
0.04397749900817871
0.04401254653930664
0.043990373611450195
0.04995107650756836
0.04423356056213379
0.043821096420288086
0.044368743896484375
0.04383397102355957
0.04542970657348633
0.04422187805175781
0.04395127296447754
0.04483604431152344
0.049226999282836914
0.04535937309265137
0.044678449630737305
0.045008182525634766
0.043564558029174805
0.0439305305480957
0.044182777404785156
0.0509638786315918
0.04426145553588867
0.05024981498718262
0.04480409622192383
0.04471611976623535
0.0445101261138916
0.04458355903625488
0.0442965030670166
0.051374197006225586
0.052835702896118164
0.051444292068481445
0.04939413070678711
0.04452848434448242
0.044065237045288086
0.05521035194396973
0.044196128845214844
0.050978660583496094
0.04390144348144531
0.04387259483337402
0.05849623680114746
0.057402849197387695
0.05249333381652832
0.05161166191101074
0.04613447189331055
0.04480552673339844
0.04335355758666992
0.042902231216430664
0.043166160583496094
0.04470467567443848
0.04839944839477539
0.04458880424499512
0.04424405097961426
0.04372596740722656
0.051527976989746094
0.04394221305847168
0.042810916900634766
0.05144500732421875
0.044290781021118164
0.04823946952819824
0.04422879219055176
0.04436135292053223
0.044043779373168945
0.043779850006103516
0.04297590255737305
0.044187068939208984
0.04352760314941406
0.043931007385253906
0.04975104331970215
0.04459261894226074
0.044304847717285156
0.04324626922607422
0.05579972267150879
0.043395042419433594
0.043020009994506836
0.04319596290588379
0.044324398040771484
0.048055410385131836
0.04396533966064453
0.04418039321899414
0.04361844062805176
0.04311871528625488
0.04398655891418457
0.0435943603515625
0.043541669845581055
0.043317317962646484
0.04874777793884277
0.044135332107543945
0.044178009033203125
0.04396629333496094
0.04321932792663574
0.043900251388549805
0.04330086708068848
0.043120384216308594
0.043567657470703125
0.04801535606384277
0.04384803771972656
