0.9292759895324707
0.0582432746887207
0.046579599380493164
0.05272650718688965
0.046012163162231445
0.047380924224853516
0.045105695724487305
0.04492807388305664
0.04930448532104492
0.04536747932434082
0.04703807830810547
0.04672813415527344
0.0451045036315918
0.04477715492248535
0.04457235336303711
0.0457911491394043
0.044759273529052734
0.049698591232299805
0.04569721221923828
0.04485487937927246
0.04504108428955078
0.04504990577697754
0.044425249099731445
0.04444146156311035
0.04457354545593262
0.04535937309265137
0.04966139793395996
0.0470433235168457
0.049813270568847656
0.04509425163269043
0.04505634307861328
0.04515838623046875
0.05269885063171387
0.046802520751953125
0.04528021812438965
0.04990339279174805
0.04700875282287598
0.044954538345336914
0.04492068290710449
0.044864654541015625
0.0460658073425293
0.04481244087219238
0.044679880142211914
0.044606685638427734
0.04968571662902832
0.0453495979309082
0.04441261291503906
0.04507637023925781
0.04534792900085449
0.04456973075866699
0.04480385780334473
0.0463252067565918
0.04524636268615723
0.05139470100402832
0.04565119743347168
0.04523897171020508
0.04529094696044922
0.04658079147338867
0.0544586181640625
0.05385160446166992
0.04561662673950195
0.044912099838256836
0.05021262168884277
0.05310344696044922
0.047180891036987305
0.05093264579772949
0.045058250427246094
0.04470419883728027
0.04503679275512695
0.044557809829711914
0.045284271240234375
0.05095958709716797
0.046999454498291016
0.04582548141479492
0.04487276077270508
0.04509925842285156
0.04455208778381348
0.04483842849731445
0.0446774959564209
0.04570293426513672
0.05010652542114258
0.046753883361816406
0.04581093788146973
0.046034812927246094
0.04488635063171387
0.0447993278503418
0.0577852725982666
0.04506659507751465
0.049034833908081055
0.050551414489746094
0.04622459411621094
0.04566693305969238
0.04558300971984863
0.04548478126525879
0.04748344421386719
0.04585456848144531
0.04542207717895508
0.04528546333312988
0.05000424385070801
0.04569196701049805
0.04510378837585449
0.045409202575683594
0.05634284019470215
0.05544304847717285
0.045302629470825195
0.04544186592102051
0.0458226203918457
0.06031942367553711
0.04835939407348633
0.04690074920654297
0.045287132263183594
0.04643511772155762
0.04843902587890625
0.0467987060546875
0.04884505271911621
0.04848217964172363
0.052468299865722656
0.049430131912231445
0.04907941818237305
0.04697108268737793
0.047109365463256836
0.04693937301635742
0.04508018493652344
0.046344757080078125
0.047827959060668945
0.0521087646484375
0.04767942428588867
0.047389984130859375
0.04739499092102051
0.04680037498474121
0.04711103439331055
0.04712414741516113
0.04646611213684082
0.04715228080749512
0.05029916763305664
0.04558730125427246
0.04497098922729492
0.04528212547302246
0.04484701156616211
0.04465627670288086
0.04504728317260742
0.044931888580322266
0.044937849044799805
0.0501556396484375
0.04577803611755371
0.04752659797668457
0.04686570167541504
0.04534339904785156
0.04693484306335449
0.04690265655517578
0.046607017517089844
0.044896841049194336
0.05016899108886719
0.04573798179626465
0.045232295989990234
0.04547619819641113
0.044812917709350586
0.044692039489746094
0.04506421089172363
0.0447392463684082
0.045450687408447266
0.058344125747680664
0.04845786094665527
0.04542231559753418
0.04556751251220703
0.04562735557556152
0.04575347900390625
0.04529404640197754
0.0445866584777832
0.044773101806640625
0.049750328063964844
0.04566621780395508
0.0452275276184082
0.045645713806152344
0.045554161071777344
0.052869558334350586
0.04615306854248047
0.044344186782836914
0.044503211975097656
0.05025172233581543
0.05309009552001953
0.044951438903808594
0.044510602951049805
0.04422140121459961
0.04451179504394531
0.05338287353515625
0.05339503288269043
0.05220150947570801
0.049880027770996094
0.04505729675292969
0.044943809509277344
0.052921295166015625
0.046984195709228516
0.04515528678894043
0.044829368591308594
0.04486846923828125
0.045278310775756836
0.049405574798583984
0.0456538200378418
0.04840707778930664
0.044786930084228516
0.04486870765686035
0.044744253158569336
0.044713735580444336
0.045020341873168945
0.04537224769592285
0.05019116401672363
0.04539084434509277
0.04531526565551758
0.044599056243896484
0.04566597938537598
0.0448458194732666
0.04460597038269043
0.04483342170715332
0.04523277282714844
0.0505213737487793
0.04530024528503418
0.0453031063079834
0.045348167419433594
0.04499936103820801
0.04467415809631348
0.04440593719482422
0.04490327835083008
0.053858041763305664
0.05220222473144531
0.04580211639404297
0.045139312744140625
0.04545950889587402
0.055759429931640625
0.04659390449523926
0.04679298400878906
0.047029972076416016
0.04742574691772461
0.05401968955993652
0.0493776798248291
0.04506993293762207
0.04550743103027344
0.04528450965881348
0.04501938819885254
0.04465293884277344
0.045213937759399414
0.05277371406555176
0.05870819091796875
0.047127723693847656
0.04514360427856445
0.04485368728637695
0.044470787048339844
0.04453778266906738
0.05244588851928711
0.04834890365600586
0.04523038864135742
0.05020022392272949
0.045392751693725586
0.0454559326171875
0.04485201835632324
0.04512476921081543
0.04477190971374512
0.04472494125366211
0.04455304145812988
0.04493379592895508
0.049913883209228516
0.045252323150634766
0.04547452926635742
0.04498720169067383
0.0447695255279541
0.04482007026672363
0.04430270195007324
0.04444384574890137
0.04500913619995117
0.0505833625793457
0.045768022537231445
0.04523801803588867
0.04501080513000488
0.04512810707092285
0.044699668884277344
0.04430222511291504
0.044710397720336914
0.04550361633300781
0.05045890808105469
0.045877933502197266
0.04515194892883301
0.04476046562194824
0.04445219039916992
0.05298161506652832
0.04488825798034668
0.05286884307861328
0.04606008529663086
0.04950904846191406
0.04562687873840332
0.04762887954711914
0.04501223564147949
0.04444289207458496
0.044280052185058594
0.04482078552246094
0.04453420639038086
0.045653343200683594
0.050660133361816406
0.04573345184326172
0.0456690788269043
0.0454556941986084
0.045456886291503906
0.04542708396911621
0.044585227966308594
0.045163869857788086
0.0472867488861084
0.04937171936035156
0.04489755630493164
0.04453921318054199
0.04393339157104492
0.04487895965576172
0.04471158981323242
0.04565739631652832
0.04475569725036621
0.04512429237365723
0.049384355545043945
0.04580497741699219
0.04550361633300781
0.05320930480957031
0.0499730110168457
0.04442310333251953
0.0455477237701416
0.04487299919128418
0.04488086700439453
0.04944276809692383
0.045865535736083984
0.04539775848388672
0.04513692855834961
0.044393301010131836
0.045035362243652344
0.04479789733886719
0.046106815338134766
0.04477071762084961
0.04981255531311035
0.04682040214538574
0.04453015327453613
0.044562578201293945
0.04479408264160156
0.04703164100646973
0.04415273666381836
0.044521331787109375
0.04696798324584961
0.050225019454956055
0.04523587226867676
0.04525017738342285
0.04514312744140625
0.05743598937988281
0.04697704315185547
0.04462027549743652
0.04470539093017578
0.04493093490600586
0.051718711853027344
0.046096086502075195
0.045410871505737305
0.04515194892883301
0.04506707191467285
0.051386356353759766
0.04773068428039551
0.05297398567199707
0.04515838623046875
0.054962873458862305
0.047393083572387695
0.04567861557006836
0.04512834548950195
0.04520368576049805
0.04727005958557129
0.04706716537475586
0.04723644256591797
0.04722404479980469
0.052782535552978516
0.04757213592529297
0.048787832260131836
0.048792123794555664
0.0483701229095459
0.047377586364746094
0.04691505432128906
0.04768204689025879
0.04781699180603027
0.05910849571228027
0.055901288986206055
0.0535433292388916
0.04518246650695801
0.05640697479248047
0.04801464080810547
0.04443049430847168
0.045363426208496094
0.05456852912902832
0.05093193054199219
0.04919552803039551
0.04525876045227051
0.04495501518249512
0.045142412185668945
0.04506826400756836
0.04586505889892578
0.04481101036071777
0.04531669616699219
0.049985647201538086
0.04557490348815918
0.04789090156555176
0.05284380912780762
0.05109882354736328
0.04564213752746582
0.04478883743286133
0.044692039489746094
0.04747796058654785
0.050230979919433594
0.04598259925842285
0.04506850242614746
0.04447674751281738
0.04469037055969238
0.04485678672790527
0.04422330856323242
0.04769587516784668
0.04664492607116699
0.050679922103881836
0.04591012001037598
0.048613786697387695
0.04872870445251465
0.04498720169067383
0.04463458061218262
0.048433542251586914
0.0448451042175293
0.04621410369873047
0.053249359130859375
0.04677987098693848
0.04821491241455078
0.05324745178222656
0.046701908111572266
0.0440516471862793
0.044380903244018555
0.04419875144958496
0.045395851135253906
0.050280094146728516
0.04749155044555664
0.044977664947509766
0.04548001289367676
0.05280590057373047
0.044672489166259766
0.04482007026672363
0.04520821571350098
0.04463934898376465
0.05001044273376465
0.04518556594848633
0.044957876205444336
0.04462742805480957
0.045104026794433594
0.04465913772583008
0.04403090476989746
0.044464826583862305
0.04518246650695801
0.05035734176635742
0.045798301696777344
0.04515790939331055
0.04492831230163574
0.04508209228515625
0.04996538162231445
0.04472756385803223
0.048890113830566406
0.04641890525817871
0.04996657371520996
0.04514765739440918
0.04509735107421875
0.04463481903076172
0.044953107833862305
0.044439077377319336
0.04356956481933594
0.043962955474853516
0.04708743095397949
0.050040245056152344
0.04565000534057617
0.04512739181518555
0.0447232723236084
0.04411578178405762
0.04450058937072754
0.04455375671386719
0.04451251029968262
0.045044660568237305
0.04996085166931152
0.0466923713684082
0.04470086097717285
0.04464149475097656
0.045046091079711914
0.04409503936767578
0.0443270206451416
0.04526257514953613
0.04460740089416504
0.04994940757751465
0.045675039291381836
0.044733285903930664
0.044852256774902344
0.0439608097076416
0.04450106620788574
0.04436969757080078
0.044727325439453125
0.044074296951293945
0.05030345916748047
0.045537710189819336
0.044473886489868164
0.04477190971374512
0.044745683670043945
0.05298590660095215
0.046268463134765625
0.04406094551086426
0.04448866844177246
0.05003643035888672
0.04560971260070801
0.04505205154418945
0.044808387756347656
0.04386544227600098
0.04453587532043457
0.04561257362365723
0.044199466705322266
0.045105695724487305
0.05027413368225098
0.04570770263671875
0.04520535469055176
0.053041934967041016
0.04468059539794922
0.04393815994262695
0.044495344161987305
0.044569969177246094
0.04542732238769531
0.04991626739501953
0.05509495735168457
0.045352935791015625
0.04675793647766113
0.053286075592041016
0.04453015327453613
0.04442238807678223
0.044754743576049805
0.04429221153259277
0.050408124923706055
0.04582548141479492
0.04503464698791504
0.044586181640625
0.04447054862976074
0.04530215263366699
0.044728994369506836
0.04454827308654785
0.04531121253967285
0.05069398880004883
0.045584917068481445
0.04547905921936035
0.045108795166015625
0.044673919677734375
0.044924020767211914
0.04619622230529785
0.04457259178161621
0.04561924934387207
0.0502324104309082
0.04588890075683594
0.04510664939880371
0.04502272605895996
0.045592546463012695
0.044261932373046875
0.04435324668884277
0.04475522041320801
0.044765472412109375
0.05151534080505371
0.047252655029296875
0.04501175880432129
0.04687309265136719
0.045773983001708984
0.04538702964782715
0.04489922523498535
0.04542827606201172
0.04539990425109863
0.05225777626037598
0.04712963104248047
0.045519113540649414
0.04572439193725586
0.045941829681396484
0.04516315460205078
0.0453188419342041
0.04505443572998047
0.04714679718017578
0.05062055587768555
0.04571223258972168
0.046671390533447266
0.04689359664916992
0.04647111892700195
0.046143531799316406
0.044721126556396484
0.045235633850097656
0.04525589942932129
0.050562381744384766
0.047250986099243164
0.045487403869628906
0.04556870460510254
0.04579281806945801
0.04485130310058594
0.04529690742492676
0.04814720153808594
0.04592728614807129
0.05940532684326172
0.05397486686706543
0.05369448661804199
0.05440711975097656
0.05299854278564453
0.04522228240966797
0.05215883255004883
0.04493880271911621
0.044966697692871094
0.05292153358459473
0.04547119140625
0.04506325721740723
0.04490542411804199
0.048254966735839844
0.044275760650634766
0.04424428939819336
0.044441938400268555
0.04448723793029785
0.0501248836517334
0.048856496810913086
0.05208230018615723
0.044858455657958984
0.04433798789978027
0.044080257415771484
0.04410982131958008
0.04417920112609863
0.04465937614440918
0.05009126663208008
0.045413970947265625
0.045174360275268555
0.044707298278808594
0.04425621032714844
0.04460406303405762
0.04444718360900879
0.04605674743652344
0.04523968696594238
0.05021858215332031
0.05307412147521973
0.04921531677246094
0.04862618446350098
0.04511833190917969
0.044309377670288086
0.04423403739929199
0.05292701721191406
0.05299973487854004
0.05041790008544922
0.0457305908203125
0.04501032829284668
0.056207895278930664
0.045538902282714844
0.04400157928466797
0.0446019172668457
0.04386568069458008
0.05530953407287598
0.05779719352722168
0.047916412353515625
0.047627925872802734
0.04698586463928223
0.046905517578125
0.0466310977935791
0.04427361488342285
0.044091224670410156
0.04677605628967285
0.04955649375915527
0.04776263236999512
0.04735422134399414
0.048177242279052734
0.054850101470947266
0.04701948165893555
0.046436309814453125
0.046672821044921875
0.04564332962036133
0.04917192459106445
0.04516482353210449
0.04735994338989258
0.05304527282714844
0.04720807075500488
0.04472780227661133
0.05055379867553711
0.04461860656738281
0.04512619972229004
0.05061650276184082
0.054276466369628906
0.05283808708190918
0.04471921920776367
0.045760393142700195
0.043892860412597656
0.04426980018615723
0.04430055618286133
0.043627262115478516
0.049241065979003906
0.04570627212524414
0.04482698440551758
0.04498481750488281
0.04476046562194824
0.04366636276245117
0.04420733451843262
0.04411578178405762
0.0446324348449707
0.04916715621948242
0.04494166374206543
0.04502701759338379
0.044916391372680664
0.04417920112609863
0.04386568069458008
0.04402923583984375
0.04395246505737305
0.04493570327758789
0.04875636100769043
0.04467129707336426
0.04519963264465332
0.045151710510253906
0.044564247131347656
0.04465746879577637
0.043792009353637695
0.04434394836425781
0.0447542667388916
0.05121564865112305
0.046910762786865234
0.05283236503601074
0.05460071563720703
0.04508256912231445
0.04426169395446777
0.04647469520568848
0.04440784454345703
0.04401087760925293
0.04912924766540527
0.04722738265991211
0.04519510269165039
0.045026302337646484
0.044409751892089844
0.044712066650390625
0.04460310935974121
0.0459291934967041
0.044487714767456055
0.04936027526855469
0.045566558837890625
0.04689908027648926
0.04457449913024902
0.0445561408996582
0.04467201232910156
0.04626917839050293
0.04451394081115723
0.046228885650634766
0.04910612106323242
0.044896841049194336
0.044412851333618164
0.04649543762207031
0.04562258720397949
0.04579448699951172
0.04404854774475098
0.05290651321411133
0.04477834701538086
0.04900026321411133
0.04490470886230469
0.05271291732788086
0.04488062858581543
0.04497671127319336
0.044469356536865234
0.04408740997314453
0.044358015060424805
0.04434013366699219
0.05725836753845215
0.0493931770324707
0.04417848587036133
0.044411420822143555
0.046945810317993164
0.044327735900878906
0.04392695426940918
0.04582667350769043
0.04624366760253906
0.048861026763916016
0.04486513137817383
0.04483294486999512
0.044692039489746094
0.05268406867980957
0.04654955863952637
0.04405021667480469
0.04427313804626465
0.045187950134277344
0.04987311363220215
0.045296430587768555
0.04574942588806152
0.04502058029174805
0.04438304901123047
0.045200347900390625
0.04595828056335449
0.04575061798095703
0.045540809631347656
0.05058646202087402
0.044759273529052734
0.044565677642822266
0.04613494873046875
0.046166419982910156
0.05284380912780762
0.04427003860473633
0.044287919998168945
0.046845436096191406
0.050226449966430664
0.04581427574157715
0.04508852958679199
0.04481363296508789
0.04439067840576172
0.05219411849975586
0.052086591720581055
0.044199228286743164
0.04528665542602539
0.05109143257141113
0.04658651351928711
0.04517674446105957
0.044708967208862305
0.044538021087646484
0.043879032135009766
0.04503679275512695
0.05434775352478027
0.04454183578491211
0.058718204498291016
0.04849720001220703
0.04592537879943848
0.04448747634887695
0.0457611083984375
0.052625179290771484
0.046152353286743164
0.04769539833068848
0.0449221134185791
0.04973888397216797
0.05445671081542969
0.04472613334655762
0.04447174072265625
0.046977996826171875
0.04409480094909668
0.04411196708679199
0.043862342834472656
0.044267892837524414
0.051001548767089844
0.04506564140319824
0.04497170448303223
0.044739484786987305
0.04398655891418457
0.045255184173583984
0.044378042221069336
0.04453635215759277
0.044644832611083984
0.051195383071899414
0.04549431800842285
0.04496312141418457
0.04429888725280762
0.044603824615478516
0.0451505184173584
0.04431033134460449
0.04477643966674805
0.044838666915893555
0.05104374885559082
0.045224905014038086
0.04499387741088867
0.04466056823730469
0.05436539649963379
0.0464015007019043
0.04494476318359375
0.05299520492553711
0.045293331146240234
0.05170941352844238
0.04551291465759277
0.045473575592041016
0.05506443977355957
0.04837155342102051
0.04419350624084473
0.04423666000366211
0.04443502426147461
0.04642128944396973
0.04948163032531738
0.04509997367858887
0.04496192932128906
0.0449213981628418
0.04601931571960449
0.04622602462768555
0.04413652420043945
0.04471278190612793
0.04497480392456055
0.050371646881103516
0.046303510665893555
0.04528403282165527
0.044600725173950195
0.045177459716796875
0.04473686218261719
0.04386019706726074
0.04441404342651367
0.04403114318847656
0.05018186569213867
0.04559183120727539
0.047884464263916016
0.04484724998474121
0.04435873031616211
0.04563617706298828
0.0449678897857666
0.04613494873046875
0.04537820816040039
0.05151653289794922
0.04516148567199707
0.044950008392333984
0.04600715637207031
0.04467916488647461
0.04498624801635742
0.04462885856628418
0.04433631896972656
0.045072317123413086
0.0495457649230957
0.04550981521606445
0.05435824394226074
0.04889941215515137
0.04473686218261719
0.04534482955932617
0.04445672035217285
0.04507255554199219
0.04485154151916504
0.050148963928222656
0.6918725967407227
0.05246329307556152
0.05094718933105469
0.05124473571777344
0.0510556697845459
0.050511837005615234
0.05106925964355469
0.05225419998168945
0.05011749267578125
0.05758213996887207
0.05229592323303223
0.049890995025634766
0.05087018013000488
0.051036834716796875
0.05213165283203125
0.05105161666870117
0.050047874450683594
0.05302572250366211
0.05876612663269043
0.050368309020996094
0.050245046615600586
0.05238461494445801
0.05199408531188965
0.05045461654663086
0.05081486701965332
0.05070066452026367
0.05233907699584961
0.057920217514038086
0.05108499526977539
0.050498008728027344
0.058969736099243164
0.056665897369384766
0.05020546913146973
0.05178093910217285
0.05008435249328613
0.04991030693054199
0.056851863861083984
0.05057239532470703
0.050325870513916016
0.052007198333740234
0.05159950256347656
0.0518951416015625
0.05034995079040527
0.049767494201660156
0.05018305778503418
0.05804586410522461
0.05815601348876953
0.051323652267456055
0.05445432662963867
0.0582730770111084
0.05013751983642578
0.050824642181396484
0.05129528045654297
0.05142092704772949
0.05623507499694824
0.050484657287597656
0.050896406173706055
0.052875518798828125
0.05057525634765625
0.05137443542480469
0.05857729911804199
0.05083823204040527
0.05033397674560547
0.06528472900390625
0.04986238479614258
0.04999828338623047
0.05048727989196777
0.05048537254333496
0.05153465270996094
0.052300214767456055
0.059972286224365234
0.05484414100646973
0.05651259422302246
0.050191402435302734
0.053475141525268555
0.060445308685302734
0.053789377212524414
0.0506901741027832
0.05074429512023926
0.0514826774597168
0.05225658416748047
0.059613943099975586
0.05093526840209961
0.05062079429626465
0.05007028579711914
0.04998421669006348
0.04898476600646973
0.05642294883728027
0.05415463447570801
0.04779481887817383
0.055039167404174805
0.05085039138793945
0.050328731536865234
0.0487675666809082
0.05813169479370117
0.05628228187561035
0.04780840873718262
0.04771757125854492
0.0475003719329834
0.05425548553466797
0.04835200309753418
0.04744315147399902
0.04904770851135254
0.04734301567077637
0.05516862869262695
0.04695439338684082
0.04904794692993164
0.04906272888183594
0.06204795837402344
0.05528616905212402
0.047000885009765625
0.047541141510009766
0.0501406192779541
0.04892277717590332
0.04636740684509277
0.04832720756530762
0.04884648323059082
0.05463409423828125
0.04672813415527344
0.04780864715576172
0.0475001335144043
0.050106048583984375
0.04835820198059082
0.05370807647705078
0.05089831352233887
0.0463414192199707
0.05266976356506348
0.04605889320373535
0.04986119270324707
0.048009634017944336
0.045452117919921875
0.04961228370666504
0.05013298988342285
0.049570322036743164
0.04837918281555176
0.05545353889465332
0.04720759391784668
0.048006296157836914
0.045476675033569336
0.045536041259765625
0.04960799217224121
0.05577516555786133
0.04757356643676758
0.04601335525512695
0.051299095153808594
0.04800915718078613
0.04534149169921875
0.0459132194519043
0.0478825569152832
0.04792952537536621
0.0540010929107666
0.05593609809875488
0.05584359169006348
0.05733466148376465
0.0534060001373291
0.04900026321411133
0.05135917663574219
0.04560041427612305
0.04480457305908203
0.046961069107055664
0.044374704360961914
0.04552578926086426
0.050045013427734375
0.04591965675354004
0.04584503173828125
0.04575848579406738
0.04680180549621582
0.04553794860839844
0.0455474853515625
0.04729294776916504
0.04607582092285156
0.05240607261657715
0.04539632797241211
0.0449681282043457
0.04551076889038086
0.044806718826293945
0.04561924934387207
0.04529929161071777
0.053228139877319336
0.053163766860961914
0.05034160614013672
0.045494794845581055
0.044918060302734375
0.04550504684448242
0.04504275321960449
0.044565439224243164
0.044657230377197266
0.0459904670715332
0.045572519302368164
0.05188107490539551
0.04577922821044922
0.04542207717895508
0.045514822006225586
0.04521584510803223
0.04654359817504883
0.04665517807006836
0.044614553451538086
0.047640323638916016
0.05590534210205078
0.05409979820251465
0.04576277732849121
0.04545426368713379
0.04622769355773926
0.046248674392700195
0.04546403884887695
0.04533576965332031
0.04508328437805176
0.05210304260253906
0.04818105697631836
0.04599714279174805
0.04530477523803711
0.04662036895751953
0.052732229232788086
0.0546724796295166
0.04541158676147461
0.04674649238586426
0.05929160118103027
0.04942727088928223
0.0459599494934082
0.04516744613647461
0.04636812210083008
0.04563570022583008
0.0453031063079834
0.04456210136413574
0.045476675033569336
0.05213356018066406
0.045929670333862305
0.04483652114868164
0.05164361000061035
0.04539823532104492
0.045603275299072266
0.04530525207519531
0.05607104301452637
0.04922962188720703
0.06028461456298828
0.04568028450012207
0.04874920845031738
0.04677844047546387
0.044980764389038086
0.04609870910644531
0.04500555992126465
0.045165061950683594
0.04516267776489258
0.05054473876953125
0.0465238094329834
0.04561424255371094
0.045464277267456055
0.04512953758239746
0.0451817512512207
0.04529833793640137
0.04473304748535156
0.045256614685058594
0.06061840057373047
0.04641103744506836
0.04525041580200195
0.045537471771240234
0.044977664947509766
0.04517483711242676
0.04479813575744629
0.04515671730041504
0.0454103946685791
0.05072498321533203
0.04547238349914551
0.045551300048828125
0.045282840728759766
0.04531145095825195
0.04506349563598633
0.04517984390258789
0.04506850242614746
0.04554247856140137
0.05056929588317871
0.045743703842163086
0.05297589302062988
0.045754432678222656
0.045419931411743164
0.04529881477355957
0.04467606544494629
0.04465317726135254
0.04523324966430664
0.05051708221435547
0.04586482048034668
0.044891357421875
0.04513120651245117
0.044954538345336914
0.04487490653991699
0.05316567420959473
0.04956173896789551
0.045794010162353516
0.049790143966674805
0.04561185836791992
0.04504561424255371
0.045324087142944336
0.04472994804382324
0.04485201835632324
0.04497385025024414
0.04504513740539551
0.04543590545654297
0.05861353874206543
0.04600691795349121
0.045235633850097656
0.05285358428955078
0.045124053955078125
0.0445551872253418
0.044736385345458984
0.0445709228515625
0.04488658905029297
0.04974055290222168
0.04559159278869629
0.04562830924987793
0.04508709907531738
0.0447545051574707
0.04473614692687988
0.04491114616394043
0.044458866119384766
0.04488420486450195
0.05033254623413086
0.045819759368896484
0.04496145248413086
0.045256853103637695
0.04495501518249512
0.045001983642578125
0.05348849296569824
0.045525550842285156
0.04612445831298828
0.0501406192779541
0.045594215393066406
0.045075416564941406
0.04519176483154297
0.04494762420654297
0.04475545883178711
0.05352354049682617
0.05230093002319336
0.04753875732421875
0.05250120162963867
0.04782414436340332
0.0473322868347168
0.04804229736328125
0.045770883560180664
0.045194149017333984
0.04500889778137207
0.044402360916137695
0.045514583587646484
0.0503079891204834
0.04555392265319824
0.045122623443603516
0.04570746421813965
0.047829389572143555
0.04510855674743652
0.044809818267822266
0.04533743858337402
0.044922828674316406
0.0499265193939209
0.045339107513427734
0.05349373817443848
0.04558277130126953
0.044933319091796875
0.05298447608947754
0.046781063079833984
0.04527640342712402
0.04560995101928711
0.04982566833496094
0.04897642135620117
0.04513382911682129
0.0492558479309082
0.04828524589538574
0.047124385833740234
0.04711651802062988
0.048934221267700195
0.0551753044128418
0.0581974983215332
0.05003190040588379
0.049333810806274414
0.04507875442504883
0.04706597328186035
0.04672718048095703
0.04686856269836426
0.04686379432678223
0.0450289249420166
0.05118870735168457
0.04514575004577637
0.045363664627075195
0.04872918128967285
0.047618865966796875
0.04731011390686035
0.04711437225341797
0.046939849853515625
0.04728889465332031
0.05472517013549805
0.04768824577331543
0.049370527267456055
0.04778909683227539
0.04752492904663086
0.04702019691467285
0.0471348762512207
0.046915292739868164
0.04768490791320801
0.05294394493103027
0.0483403205871582
0.047936439514160156
0.047751426696777344
0.04852175712585449
0.04763078689575195
0.04886984825134277
0.0470728874206543
0.04781913757324219
0.05467414855957031
0.045491695404052734
0.045505523681640625
0.05424928665161133
0.0460820198059082
0.045471906661987305
0.04537796974182129
0.04526400566101074
0.04597043991088867
0.052088260650634766
0.045998334884643555
0.04563283920288086
0.045604705810546875
0.045654296875
0.04571652412414551
0.0468752384185791
0.04562568664550781
0.04623556137084961
0.05117344856262207
0.0480194091796875
0.04539370536804199
0.04629158973693848
0.053697824478149414
0.046210527420043945
0.045168161392211914
0.04562640190124512
0.047272682189941406
0.05039501190185547
0.04738283157348633
0.046427011489868164
0.047891855239868164
0.04557323455810547
0.04573202133178711
0.05329251289367676
0.04515838623046875
0.0528559684753418
0.05911993980407715
0.045893192291259766
0.04579591751098633
0.04614830017089844
0.04526996612548828
0.04512834548950195
0.045110464096069336
0.04504680633544922
0.04521632194519043
0.050631046295166016
0.04612255096435547
0.054955482482910156
0.054045677185058594
0.0455780029296875
0.0453798770904541
0.04544687271118164
0.052271366119384766
0.04536151885986328
0.05011940002441406
0.046785593032836914
0.045755624771118164
0.04476428031921387
0.04471588134765625
0.044774532318115234
0.04529714584350586
0.05083274841308594
0.045023202896118164
0.05143857002258301
0.04581189155578613
0.04607200622558594
0.0457000732421875
0.04527163505554199
0.04461383819580078
0.0454714298248291
0.045131683349609375
0.04510974884033203
0.051059722900390625
0.047020912170410156
0.04546856880187988
0.04591846466064453
0.048680782318115234
0.04529452323913574
0.04883551597595215
0.048419952392578125
0.045561790466308594
0.05837297439575195
0.045693159103393555
0.04667043685913086
0.05315685272216797
0.045656681060791016
0.05399966239929199
0.045670509338378906
0.044809818267822266
0.046180009841918945
0.050199031829833984
0.05372309684753418
0.045470237731933594
0.04679107666015625
0.04514670372009277
0.04782438278198242
0.04564809799194336
0.04553675651550293
0.04558682441711426
0.05060696601867676
0.04542183876037598
0.04603409767150879
0.045870304107666016
0.045886993408203125
0.04565739631652832
0.04588127136230469
0.04670143127441406
0.04655957221984863
0.05231428146362305
0.046291351318359375
0.04552936553955078
0.047039031982421875
0.04536581039428711
0.04518461227416992
0.04596590995788574
0.047077178955078125
0.04539895057678223
0.05236005783081055
0.0457761287689209
0.045621395111083984
0.050865888595581055
0.046344757080078125
0.04565143585205078
0.04613757133483887
0.0453181266784668
0.04535937309265137
0.05093789100646973
0.046689510345458984
0.04506254196166992
0.047951698303222656
0.045683860778808594
0.04678750038146973
0.04538559913635254
0.04523777961730957
0.04547929763793945
0.059493064880371094
0.04882526397705078
0.04491925239562988
0.04499030113220215
0.04495096206665039
0.04623270034790039
0.045082807540893555
0.0449979305267334
0.04483842849731445
0.05002737045288086
0.04663276672363281
0.04515242576599121
0.045179128646850586
0.04518246650695801
0.044570207595825195
0.04519486427307129
0.05250668525695801
0.04929471015930176
0.0496828556060791
0.044836997985839844
0.04676461219787598
0.044452667236328125
0.044487953186035156
0.04541802406311035
0.04524731636047363
0.04462480545043945
0.04487919807434082
0.05047726631164551
0.04551863670349121
0.045197486877441406
0.044877052307128906
0.05289649963378906
0.04671502113342285
0.04521775245666504
0.044891357421875
0.04517054557800293
0.05885672569274902
0.0521697998046875
0.04501748085021973
0.04520702362060547
0.045169830322265625
0.044988393783569336
0.04479360580444336
0.04464983940124512
0.04464101791381836
0.05037069320678711
0.04522204399108887
0.046677589416503906
0.045403480529785156
0.04522132873535156
0.044927120208740234
0.04662513732910156
0.044797658920288086
0.046692848205566406
0.04936957359313965
0.04501056671142578
0.04484915733337402
0.044706106185913086
0.04483342170715332
0.04483175277709961
0.04589676856994629
0.046540021896362305
0.04514575004577637
0.05003929138183594
0.04635190963745117
0.045064449310302734
0.045121192932128906
0.04517221450805664
0.044684410095214844
0.04492545127868652
0.046076059341430664
0.05358433723449707
0.055206298828125
0.04552054405212402
0.04493403434753418
0.04432225227355957
0.044847965240478516
0.04476332664489746
0.04446840286254883
0.044295549392700195
0.0462040901184082
0.05125856399536133
0.045299530029296875
0.04511618614196777
0.04488110542297363
0.04477810859680176
0.044345855712890625
0.045091867446899414
0.04591798782348633
0.04494762420654297
0.050306081771850586
0.04516720771789551
0.045013427734375
0.04507923126220703
0.05564570426940918
0.05381584167480469
0.044568777084350586
0.04455232620239258
0.04509234428405762
0.04961133003234863
0.045213937759399414
0.04471468925476074
0.0447998046875
0.04439067840576172
0.04604005813598633
0.044522762298583984
0.046213388442993164
0.05545234680175781
0.053922176361083984
0.04615283012390137
0.044843435287475586
0.045137643814086914
0.0452885627746582
0.04526376724243164
0.04471564292907715
0.04419255256652832
0.0444943904876709
0.05899333953857422
0.04596138000488281
0.045330047607421875
0.045572519302368164
0.04526948928833008
0.045790672302246094
0.05276083946228027
0.04540872573852539
0.04829144477844238
0.05226898193359375
0.04623556137084961
0.04563403129577637
0.04537034034729004
0.04642963409423828
0.04507327079772949
0.04473590850830078
0.04502415657043457
0.045351266860961914
0.04995155334472656
0.04520153999328613
0.045246124267578125
0.04494524002075195
0.04503464698791504
0.04459071159362793
0.04520463943481445
0.04468512535095215
0.04509615898132324
0.05020332336425781
0.04543638229370117
0.04516482353210449
0.0462799072265625
0.04496884346008301
0.04480099678039551
0.04499316215515137
0.04501485824584961
0.045807838439941406
0.050492286682128906
0.045777320861816406
0.056826114654541016
0.04993891716003418
0.05279803276062012
0.04923105239868164
0.045043230056762695
0.044265031814575195
0.0511016845703125
0.05162477493286133
0.04478931427001953
0.044718265533447266
0.04697370529174805
0.04656815528869629
0.046189069747924805
0.04464316368103027
0.04518318176269531
0.045395851135253906
0.049799442291259766
0.04585123062133789
0.045144081115722656
0.04470419883728027
0.048717498779296875
0.04670000076293945
0.05293107032775879
0.04972028732299805
0.04496145248413086
0.05178117752075195
0.04738211631774902
0.04721260070800781
0.04844069480895996
0.046540021896362305
0.044103145599365234
0.04540395736694336
0.04439878463745117
0.04726219177246094
0.049314022064208984
0.04677748680114746
0.0454709529876709
0.04492592811584473
0.044089555740356445
0.04415726661682129
0.044243812561035156
0.04380989074707031
0.04530930519104004
0.06080031394958496
0.04546022415161133
0.05539345741271973
0.046172380447387695
0.044818878173828125
0.044745683670043945
0.04500699043273926
0.04625129699707031
0.04578137397766113
0.0501861572265625
0.04657101631164551
0.046972036361694336
0.04530787467956543
0.044389963150024414
0.044280052185058594
0.04704642295837402
0.04455208778381348
0.046193838119506836
0.05164957046508789
0.04542732238769531
0.044785261154174805
0.04518294334411621
0.044707536697387695
0.04597043991088867
0.04468202590942383
0.0442502498626709
0.05757594108581543
0.05047774314880371
0.04512190818786621
0.04454445838928223
0.04441666603088379
0.04440021514892578
0.0466151237487793
0.047197580337524414
0.04645228385925293
0.04679536819458008
0.05198240280151367
0.047307491302490234
0.047109365463256836
0.04682445526123047
0.04725027084350586
0.04689383506774902
0.04815196990966797
0.04888200759887695
0.045117855072021484
0.05013132095336914
0.045531511306762695
0.046486616134643555
0.046404361724853516
0.04487895965576172
0.0450899600982666
0.044913530349731445
0.045067548751831055
0.04752516746520996
0.052381038665771484
0.047801971435546875
0.04541778564453125
0.04510855674743652
0.04470324516296387
0.04509711265563965
0.04442715644836426
0.052364349365234375
0.05440211296081543
0.04987192153930664
0.054564714431762695
0.05119180679321289
0.04808616638183594
0.04438924789428711
0.044168949127197266
0.04553842544555664
0.04389166831970215
0.04434323310852051
0.04998421669006348
0.04576897621154785
0.04533267021179199
0.045263051986694336
0.044905900955200195
0.04420018196105957
0.04466962814331055
0.044541120529174805
0.04479384422302246
0.050432682037353516
0.04622650146484375
0.04512619972229004
0.045151472091674805
0.044979095458984375
0.044771671295166016
0.04526805877685547
0.0453495979309082
0.04517555236816406
0.05021524429321289
0.04592323303222656
0.04508161544799805
0.04503989219665527
0.04433894157409668
0.04501032829284668
0.05217242240905762
0.04404807090759277
0.044924020767211914
0.05971384048461914
0.04565739631652832
0.04555869102478027
0.04509258270263672
0.04481172561645508
0.044953346252441406
0.04473400115966797
0.04481005668640137
0.044966697692871094
0.04946732521057129
0.04471850395202637
0.044730424880981445
0.04482078552246094
0.04456734657287598
0.04487299919128418
0.043823957443237305
0.0440983772277832
0.0453639030456543
0.05085873603820801
0.04512190818786621
0.045722007751464844
0.0445551872253418
0.052574872970581055
0.04876232147216797
0.04446768760681152
0.043833017349243164
0.04427623748779297
0.04928326606750488
0.045481204986572266
0.044402122497558594
0.044089317321777344
0.04396843910217285
0.04410839080810547
0.044388771057128906
0.04427218437194824
0.04546976089477539
0.04951071739196777
0.045449018478393555
0.044516801834106445
0.04474520683288574
0.044600725173950195
0.044474124908447266
0.04477334022521973
0.04442882537841797
0.044286489486694336
0.0497899055480957
0.04517197608947754
0.05319380760192871
0.04672384262084961
0.046114444732666016
0.04410576820373535
0.04480314254760742
0.05239129066467285
0.05285024642944336
0.04901456832885742
0.054587364196777344
0.050345420837402344
0.04430246353149414
0.04387378692626953
0.044405221939086914
0.0442807674407959
0.044635772705078125
0.044640302658081055
0.049970149993896484
0.04525899887084961
0.04517221450805664
0.044940948486328125
0.04431772232055664
0.04985976219177246
0.049141883850097656
0.04796314239501953
0.0471491813659668
0.05020260810852051
0.04593181610107422
0.046398162841796875
0.0448451042175293
0.05625271797180176
0.045836687088012695
0.04465532302856445
0.04503226280212402
0.04519152641296387
0.050089359283447266
0.04866385459899902
0.04551839828491211
0.044405460357666016
0.0451507568359375
0.04465079307556152
0.044553279876708984
0.04454493522644043
0.04741334915161133
0.05012011528015137
0.04600358009338379
0.04604291915893555
0.044953107833862305
0.04452395439147949
0.044242143630981445
0.04445815086364746
0.043723106384277344
0.04482531547546387
0.05916023254394531
0.04529833793640137
0.04464364051818848
0.04453563690185547
0.04369616508483887
0.0443272590637207
0.04407310485839844
0.04356503486633301
0.0447847843170166
0.04918622970581055
0.04510164260864258
0.053487539291381836
0.05385446548461914
0.04463672637939453
0.048278093338012695
0.04832172393798828
0.04473280906677246
0.04439854621887207
0.04952836036682129
0.04553413391113281
0.04543614387512207
0.04436850547790527
0.04406404495239258
0.04420733451843262
0.04402899742126465
0.044634342193603516
0.05260801315307617
0.05074667930603027
0.04482531547546387
0.045213937759399414
0.044913530349731445
0.04466605186462402
0.04427623748779297
0.04446673393249512
0.044443368911743164
0.05678510665893555
0.050547122955322266
0.04519319534301758
0.04476189613342285
0.04587197303771973
0.04444575309753418
0.044214487075805664
0.043839454650878906
0.04451417922973633
0.04398012161254883
0.0493619441986084
0.045708417892456055
0.04453468322753906
0.04694533348083496
0.044736385345458984
0.04381251335144043
0.0447690486907959
0.04452395439147949
0.04803037643432617
0.049727439880371094
0.044873952865600586
0.0446162223815918
0.044379472732543945
0.04487943649291992
0.044132232666015625
0.0450897216796875
0.04764604568481445
0.044708967208862305
0.04887223243713379
0.04509592056274414
0.044791460037231445
0.05630135536193848
0.05264449119567871
0.048952579498291016
0.044437408447265625
0.047724008560180664
0.04658198356628418
0.04944586753845215
0.04654240608215332
0.04483366012573242
0.04484701156616211
0.04391074180603027
0.043680429458618164
0.043822526931762695
0.05508780479431152
0.04509568214416504
0.06121969223022461
0.05088400840759277
0.04500627517700195
0.04467272758483887
0.04383134841918945
0.044086456298828125
0.04448223114013672
0.04435467720031738
0.04431581497192383
0.04990243911743164
0.044844627380371094
0.04480934143066406
0.04391956329345703
0.04451251029968262
0.044190406799316406
0.04423260688781738
0.05343151092529297
0.04548954963684082
0.04960322380065918
0.04489731788635254
0.04888725280761719
0.0542759895324707
0.04442000389099121
0.04477500915527344
0.04771113395690918
0.044157981872558594
0.04436230659484863
0.04918622970581055
0.0452427864074707
0.04484105110168457
0.0449833869934082
0.04436540603637695
0.044557809829711914
0.04446816444396973
0.052490234375
0.044705867767333984
0.049219608306884766
0.05470705032348633
0.044954776763916016
0.044738054275512695
0.04501509666442871
0.044222116470336914
0.04412698745727539
0.04769754409790039
0.04539752006530762
0.05354452133178711
0.04539132118225098
0.04774808883666992
0.04493999481201172
0.04452085494995117
0.04427146911621094
0.048499107360839844
0.04542398452758789
0.044606685638427734
0.04972434043884277
0.0450439453125
0.04520368576049805
0.04453682899475098
0.046001434326171875
0.044007301330566406
0.04570960998535156
0.04411578178405762
0.0444033145904541
0.049414873123168945
0.04785037040710449
0.04454326629638672
0.044312238693237305
0.04427313804626465
0.04527854919433594
0.04442429542541504
0.044092416763305664
0.04616045951843262
0.05381417274475098
0.049210309982299805
0.053090810775756836
0.051837921142578125
0.04449295997619629
0.04430127143859863
0.044593095779418945
0.044576168060302734
0.044464111328125
0.05034637451171875
0.049420833587646484
0.04497551918029785
0.044516563415527344
0.044168949127197266
0.04397320747375488
0.043862104415893555
0.0437772274017334
0.04434394836425781
0.05333733558654785
0.04533100128173828
0.04500722885131836
0.04502058029174805
0.044168949127197266
0.04418826103210449
0.04456758499145508
0.0440213680267334
0.044646263122558594
0.049126625061035156
0.04505515098571777
0.045105695724487305
0.04448747634887695
0.0455167293548584
0.04389452934265137
0.043714046478271484
0.04377269744873047
0.04599404335021973
0.049809932708740234
0.047014474868774414
0.04501509666442871
0.04453134536743164
0.047612667083740234
0.04682493209838867
0.048268795013427734
0.0443418025970459
0.04795670509338379
0.04960370063781738
0.04469180107116699
0.04439687728881836
0.0442655086517334
0.043771982192993164
0.0462040901184082
0.044126033782958984
0.0444791316986084
0.04416298866271973
0.04944944381713867
0.04511904716491699
0.04427981376647949
0.04489278793334961
0.044295310974121094
0.04373049736022949
0.04435420036315918
0.044016122817993164
0.04449462890625
0.049527883529663086
0.04460573196411133
0.04436612129211426
0.046720027923583984
0.0437922477722168
0.04560208320617676
0.04419136047363281
0.04384779930114746
0.04425859451293945
0.05338263511657715
0.045295000076293945
0.04453277587890625
0.0442347526550293
0.04399228096008301
0.04383349418640137
0.05292367935180664
0.046324729919433594
0.04507184028625488
0.052207231521606445
0.045781850814819336
0.04904484748840332
0.04526686668395996
0.04462575912475586
0.04448127746582031
0.04490852355957031
0.04389357566833496
0.04405093193054199
0.052484989166259766
0.0485386848449707
0.04458498954772949
0.04522085189819336
0.04474806785583496
0.04441332817077637
0.0568089485168457
0.04661369323730469
0.04847311973571777
0.05094575881958008
0.04592585563659668
0.04466128349304199
0.04451775550842285
0.04758024215698242
0.044667720794677734
0.04394865036010742
0.04507923126220703
0.04439353942871094
0.050354719161987305
0.049828290939331055
0.04458022117614746
0.04528665542602539
0.04536151885986328
0.04503798484802246
0.044460296630859375
0.04841184616088867
0.04459738731384277
0.04902982711791992
0.0457003116607666
0.045295000076293945
0.046649932861328125
0.04793834686279297
0.04483842849731445
0.04468655586242676
0.04472541809082031
0.05372166633605957
0.05028128623962402
0.04559016227722168
0.04532361030578613
0.04504132270812988
0.04488372802734375
0.044820547103881836
0.056685447692871094
0.05173015594482422
0.0448153018951416
0.050069332122802734
0.04540681838989258
0.045401811599731445
0.04537796974182129
0.0447230339050293
0.044499874114990234
0.04489541053771973
0.04410147666931152
0.0450897216796875
0.049295663833618164
0.0460667610168457
0.04507946968078613
0.044558048248291016
0.04737734794616699
0.044692039489746094
0.04498720169067383
0.04619312286376953
0.04639148712158203
0.050074100494384766
0.0457761287689209
0.04535484313964844
0.04531669616699219
0.04405522346496582
0.04483938217163086
0.04404163360595703
0.044023752212524414
0.04426860809326172
0.049240827560424805
0.04535841941833496
0.046537160873413086
0.04847264289855957
0.044513702392578125
0.04423975944519043
0.0441594123840332
0.0468144416809082
0.04427528381347656
0.05807137489318848
0.04518437385559082
0.045496463775634766
0.04503273963928223
0.04386281967163086
0.04451632499694824
0.043703556060791016
0.04391670227050781
0.04535079002380371
0.05004167556762695
0.05701279640197754
0.05302929878234863
0.044875383377075195
0.04438138008117676
0.04628586769104004
0.05207324028015137
0.04747462272644043
0.045320749282836914
0.05872988700866699
0.044913291931152344
0.0445713996887207
0.04701352119445801
0.044351816177368164
0.044414520263671875
0.04397940635681152
0.04361581802368164
0.044556617736816406
0.04975461959838867
0.04510831832885742
0.044434547424316406
0.04495668411254883
0.04394268989562988
0.04418587684631348
0.04453778266906738
0.044525861740112305
0.04452323913574219
0.049484968185424805
0.04608273506164551
0.04666447639465332
0.045183420181274414
0.044504404067993164
0.04432511329650879
0.044493675231933594
0.04417061805725098
0.052454233169555664
0.05177187919616699
0.044907331466674805
0.04420590400695801
0.0440831184387207
0.052660226821899414
0.0492095947265625
0.045185089111328125
0.04390430450439453
0.04451727867126465
0.04974722862243652
0.04695487022399902
0.04493236541748047
0.04385566711425781
0.04427695274353027
0.04409003257751465
0.044217824935913086
0.043959617614746094
0.0462648868560791
0.05093216896057129
0.04497385025024414
0.04445528984069824
0.044339895248413086
0.04490828514099121
0.043842315673828125
0.0440220832824707
0.04672694206237793
0.04593920707702637
0.04982447624206543
0.053417205810546875
0.044846534729003906
0.0506284236907959
0.04438328742980957
0.05308079719543457
0.04983830451965332
0.04472613334655762
0.04479861259460449
0.05031418800354004
0.04572725296020508
0.04540133476257324
0.04511904716491699
0.04494071006774902
0.04453229904174805
0.05675101280212402
0.05056571960449219
0.04651474952697754
0.054366350173950195
0.048972129821777344
0.04709744453430176
0.04888796806335449
0.044669389724731445
0.04695010185241699
0.048546791076660156
0.044274330139160156
0.04789018630981445
0.04950714111328125
0.048876047134399414
0.0468747615814209
0.044251441955566406
0.044521331787109375
0.04427289962768555
0.04463768005371094
0.0446009635925293
0.04419517517089844
0.049336910247802734
0.04540133476257324
0.04720163345336914
0.046272993087768555
0.0446772575378418
0.04586148262023926
0.04694652557373047
0.052785396575927734
0.045647621154785156
0.05324506759643555
0.0476527214050293
0.04721951484680176
0.045339345932006836
0.05342531204223633
0.04985213279724121
0.044930219650268555
0.044968605041503906
0.0480036735534668
0.050772666931152344
0.045745849609375
0.04521346092224121
0.04540705680847168
0.04451584815979004
0.04438662528991699
0.04402589797973633
0.04642677307128906
0.046004533767700195
0.05030560493469238
0.4251105785369873
0.05101418495178223
0.051470279693603516
0.052280426025390625
0.0514981746673584
0.05455756187438965
0.0604245662689209
0.056466102600097656
0.05840754508972168
0.052618980407714844
0.051859140396118164
0.05333399772644043
0.05116772651672363
0.05279183387756348
0.05115461349487305
0.05139517784118652
0.05101943016052246
0.057564735412597656
0.05123710632324219
0.05135536193847656
0.05137133598327637
0.05338764190673828
0.051123857498168945
0.0528562068939209
0.05113530158996582
0.05107474327087402
0.05754280090332031
0.051514387130737305
0.05146956443786621
0.051558494567871094
0.05098748207092285
0.0592653751373291
0.05878448486328125
0.050595760345458984
0.05149722099304199
0.05804252624511719
0.05298209190368652
0.05124974250793457
0.05271100997924805
0.05160975456237793
0.050872087478637695
0.05142688751220703
0.050961971282958984
0.059265851974487305
0.05836820602416992
0.05439949035644531
0.051348209381103516
0.05138373374938965
0.05262565612792969
0.0559232234954834
0.05371284484863281
0.05185985565185547
0.05211663246154785
0.0589902400970459
0.051483869552612305
0.051384925842285156
0.05275583267211914
0.050462961196899414
0.0529942512512207
0.05136752128601074
0.06061410903930664
0.054533958435058594
0.05804109573364258
0.052985191345214844
0.051438331604003906
0.05180978775024414
0.051564931869506836
0.0522303581237793
0.05196499824523926
0.05189871788024902
0.05191326141357422
0.06015825271606445
0.051993370056152344
0.05218768119812012
0.051749229431152344
0.053380727767944336
0.05129361152648926
0.052129507064819336
0.06105804443359375
0.05469107627868652
0.057787418365478516
0.051215410232543945
0.05208921432495117
0.05352783203125
0.05167889595031738
0.05351996421813965
0.053375959396362305
0.05117368698120117
0.0519862174987793
0.05927419662475586
0.05117464065551758
0.05065608024597168
0.05115938186645508
0.05111527442932129
0.05118370056152344
0.05102682113647461
0.050780534744262695
0.05259990692138672
0.06720471382141113
0.05548667907714844
0.05969691276550293
0.0548090934753418
0.0584256649017334
0.05025672912597656
0.05157947540283203
0.04989266395568848
0.056348323822021484
0.06375241279602051
0.050235748291015625
0.0499882698059082
0.051926612854003906
0.04936695098876953
0.04897284507751465
0.05168938636779785
0.050046443939208984
0.04989290237426758
0.055780887603759766
0.048119306564331055
0.048566579818725586
0.04990720748901367
0.04956459999084473
0.050658226013183594
0.05032634735107422
0.04999804496765137
0.050714731216430664
0.06599974632263184
0.05488419532775879
0.04968428611755371
0.050832271575927734
0.05036783218383789
0.04972362518310547
0.04951143264770508
0.04993891716003418
0.05112147331237793
0.06649231910705566
0.050627708435058594
0.05330777168273926
0.04927372932434082
0.05749773979187012
0.050813913345336914
0.04857230186462402
0.048430681228637695
0.0484921932220459
0.05490517616271973
0.048860788345336914
0.04854083061218262
0.04783940315246582
0.04772210121154785
0.04679989814758301
0.04816007614135742
0.04598116874694824
0.04595470428466797
0.053026676177978516
0.0469820499420166
0.04675889015197754
0.04601263999938965
0.04597759246826172
0.053781747817993164
0.04576468467712402
0.04584145545959473
0.04724836349487305
0.05309653282165527
0.05084085464477539
0.04664278030395508
0.04603433609008789
0.04612398147583008
0.05337119102478027
0.05312395095825195
0.049072980880737305
0.04602169990539551
0.05363583564758301
0.045868635177612305
0.04697370529174805
0.055649518966674805
0.04710102081298828
0.045009613037109375
0.04574942588806152
0.045649051666259766
0.0452570915222168
0.05207633972167969
0.04663825035095215
0.04587388038635254
0.0457308292388916
0.04520082473754883
0.0445098876953125
0.04437589645385742
0.044794321060180664
0.04551267623901367
0.052283525466918945
0.047905683517456055
0.04558587074279785
0.04472064971923828
0.04542899131774902
0.04424738883972168
0.04440426826477051
0.043877601623535156
0.04433941841125488
0.05076241493225098
0.04678630828857422
0.044901132583618164
0.045859575271606445
0.045948028564453125
0.04503273963928223
0.04474997520446777
0.0445857048034668
0.04505562782287598
0.05291342735290527
0.046436309814453125
0.045285701751708984
0.04470229148864746
0.04499006271362305
0.05181097984313965
0.04924798011779785
0.04490017890930176
0.04450225830078125
0.05016732215881348
0.0456995964050293
0.04482007026672363
0.04418444633483887
0.04433155059814453
0.0456395149230957
0.04444694519042969
0.050054311752319336
0.053000450134277344
0.05554080009460449
0.045796871185302734
0.0455780029296875
0.04555535316467285
0.04477262496948242
0.044651031494140625
0.04472184181213379
0.043848276138305664
0.04448986053466797
0.049373626708984375
0.045508384704589844
0.04814314842224121
0.04493284225463867
0.04441952705383301
0.04557538032531738
0.044843196868896484
0.044007301330566406
0.04696035385131836
0.04980278015136719
0.04520702362060547
0.04525279998779297
0.04451584815979004
0.044258832931518555
0.04454445838928223
0.044589996337890625
0.04423832893371582
0.044621944427490234
0.05025982856750488
0.045271873474121094
0.0449068546295166
0.04426383972167969
0.04437422752380371
0.044045209884643555
0.04482555389404297
0.046494245529174805
0.044487714767456055
0.05036568641662598
0.04547858238220215
0.044775962829589844
0.04463839530944824
0.04471921920776367
0.04437732696533203
0.04467177391052246
0.04486703872680664
0.046097517013549805
0.051361799240112305
0.046785831451416016
0.04471278190612793
0.0446162223815918
0.04393720626831055
0.04454231262207031
0.045096635818481445
0.0447087287902832
0.04522228240966797
0.052336692810058594
0.046216487884521484
0.04538154602050781
0.052819252014160156
0.045056819915771484
0.044881582260131836
0.051910400390625
0.0506289005279541
0.04467487335205078
0.05073666572570801
0.045502662658691406
0.0459287166595459
0.04530167579650879
0.04515433311462402
0.04457736015319824
0.04485368728637695
0.044913291931152344
0.04462480545043945
0.05061459541320801
0.04614877700805664
0.045803070068359375
0.044919490814208984
0.04488348960876465
0.04443645477294922
0.04473090171813965
0.04465341567993164
0.04485797882080078
0.050647735595703125
0.04576849937438965
0.046122074127197266
0.04423832893371582
0.04450058937072754
0.04486536979675293
0.04655098915100098
0.04435992240905762
0.04481029510498047
0.05013704299926758
0.04694485664367676
0.045072317123413086
0.04448556900024414
0.04437255859375
0.04417753219604492
0.0442509651184082
0.04401826858520508
0.053406715393066406
0.05262947082519531
0.04586291313171387
0.04571533203125
0.04517197608947754
0.057001590728759766
0.048021793365478516
0.049071550369262695
0.04640817642211914
0.049005985260009766
0.05241823196411133
0.04808688163757324
0.048983097076416016
0.04917192459106445
0.05417203903198242
0.04677629470825195
0.04425668716430664
0.04411935806274414
0.04407906532287598
0.0495607852935791
0.0477290153503418
0.047271728515625
0.04680800437927246
0.0465853214263916
0.045922040939331055
0.046326398849487305
0.046816110610961914
0.04431867599487305
0.04946613311767578
0.04816246032714844
0.04759335517883301
0.044773101806640625
0.04483628273010254
0.04404473304748535
0.05217552185058594
0.04519343376159668
0.04400372505187988
0.05112099647521973
0.05402255058288574
0.048201560974121094
0.046643972396850586
0.04441666603088379
0.04534602165222168
0.045006513595581055
0.04447531700134277
0.04454302787780762
0.050653934478759766
0.04824686050415039
0.05319023132324219
0.047925710678100586
0.04710698127746582
0.04827117919921875
0.044715166091918945
0.047017812728881836
0.04807591438293457
0.05427241325378418
0.04969048500061035
0.04936671257019043
0.04719376564025879
0.05317997932434082
0.046660661697387695
0.04471325874328613
0.044663190841674805
0.044899940490722656
0.050232648849487305
0.04571866989135742
0.04679441452026367
0.04604625701904297
0.04461240768432617
0.04845023155212402
0.0468289852142334
0.046807289123535156
0.044242143630981445
0.04991006851196289
0.05328869819641113
0.04792928695678711
0.04449272155761719
0.044545888900756836
0.04479050636291504
0.04414868354797363
0.0440983772277832
0.04481101036071777
0.05003476142883301
0.04577040672302246
0.04500627517700195
0.045386314392089844
0.044655799865722656
0.04495429992675781
0.046390533447265625
0.052748680114746094
0.04422497749328613
0.05080151557922363
0.04694175720214844
0.04494738578796387
0.04654526710510254
0.04497241973876953
0.04441404342651367
0.04454183578491211
0.04603171348571777
0.04490232467651367
0.05047750473022461
0.04558420181274414
0.04544186592102051
0.044499874114990234
0.04433178901672363
0.04437541961669922
0.05244588851928711
0.044263362884521484
0.04509449005126953
0.056403398513793945
0.053646087646484375
0.047379255294799805
0.04636693000793457
0.04444289207458496
0.044638872146606445
0.04442715644836426
0.04471087455749512
0.044873952865600586
0.05136537551879883
0.04609847068786621
0.045699119567871094
0.04553866386413574
0.0447087287902832
0.044390201568603516
0.046488285064697266
0.04494357109069824
0.04544496536254883
0.05070614814758301
0.04609847068786621
0.0531308650970459
0.047214508056640625
0.04504752159118652
0.04456353187561035
0.04460740089416504
0.04529237747192383
0.046680450439453125
0.051728248596191406
0.04652070999145508
0.04508781433105469
0.05307126045227051
0.04417538642883301
0.044775962829589844
0.05339956283569336
0.05706596374511719
0.04558253288269043
0.05255436897277832
0.053697824478149414
0.04732251167297363
0.04739260673522949
0.04886770248413086
0.04479408264160156
0.04464840888977051
0.04402732849121094
0.04506993293762207
0.0573580265045166
0.04749917984008789
0.045888662338256836
0.04639720916748047
0.04523205757141113
0.046790122985839844
0.04472017288208008
0.04404187202453613
0.044048309326171875
0.049787282943725586
0.04580569267272949
0.04728293418884277
0.0452728271484375
0.044806480407714844
0.0450136661529541
0.04498910903930664
0.04601550102233887
0.04425477981567383
0.04985761642456055
0.04530763626098633
0.04496121406555176
0.04591822624206543
0.04441976547241211
0.044922590255737305
0.045037031173706055
0.044542551040649414
0.04454922676086426
0.05005526542663574
0.053533315658569336
0.05064535140991211
0.044496774673461914
0.04454207420349121
0.04545307159423828
0.043746232986450195
0.04469585418701172
0.04439902305603027
0.04984092712402344
0.044892072677612305
0.04480457305908203
0.044794559478759766
0.044472694396972656
0.04408001899719238
0.05200338363647461
0.04471898078918457
0.0446319580078125
0.05903983116149902
0.04547405242919922
0.045464515686035156
0.045397281646728516
0.044651031494140625
0.04594588279724121
0.04487299919128418
0.04442119598388672
0.045248985290527344
0.05035829544067383
0.04589486122131348
0.053336143493652344
0.04593825340270996
0.04630541801452637
0.044489383697509766
0.04521965980529785
0.044708967208862305
0.04463648796081543
0.05034995079040527
0.04524827003479004
0.045194387435913086
0.046193599700927734
0.04441499710083008
0.04481339454650879
0.044255971908569336
0.044142723083496094
0.04613518714904785
0.04995584487915039
0.0457921028137207
0.045195579528808594
0.045034170150756836
0.04466605186462402
0.044283390045166016
0.04420971870422363
0.04416155815124512
0.04482626914978027
0.04996323585510254
0.0452425479888916
0.04501843452453613
0.04475736618041992
0.04473280906677246
0.043897151947021484
0.045116424560546875
0.04567408561706543
0.044296979904174805
0.051224470138549805
0.04565763473510742
0.04478764533996582
0.044971466064453125
0.04648160934448242
0.0460507869720459
0.04499626159667969
0.044322967529296875
0.0443572998046875
0.05191326141357422
0.04615068435668945
0.04549908638000488
0.04525017738342285
0.04476594924926758
0.04650068283081055
0.04525160789489746
0.0523221492767334
0.05299687385559082
0.05474996566772461
0.04577207565307617
0.04564023017883301
0.04488229751586914
0.04446291923522949
0.04448080062866211
0.04468393325805664
0.04436945915222168
0.045278072357177734
0.05071306228637695
0.04542732238769531
0.044959306716918945
0.04662728309631348
0.04612994194030762
0.04406332969665527
0.04437065124511719
0.04451179504394531
0.045593976974487305
0.05240774154663086
0.047863006591796875
0.05343317985534668
0.04517412185668945
0.05321645736694336
0.046317338943481445
0.0456385612487793
0.04613041877746582
0.047593116760253906
0.0508580207824707
0.05313754081726074
0.052925825119018555
0.04713129997253418
0.05189061164855957
0.044676780700683594
0.04480910301208496
0.05198550224304199
0.04783272743225098
0.05033063888549805
0.05537676811218262
0.05058574676513672
0.045096635818481445
0.04460763931274414
0.045239925384521484
0.045140743255615234
0.04474329948425293
0.044857025146484375
0.05044746398925781
0.04738116264343262
0.04646134376525879
0.04616141319274902
0.0456385612487793
0.045668840408325195
0.04440617561340332
0.043927907943725586
0.053591251373291016
0.0504608154296875
0.04572415351867676
0.047271728515625
0.04483938217163086
0.04451179504394531
0.04579305648803711
0.04419517517089844
0.04477500915527344
0.04468798637390137
0.05894064903259277
0.045630455017089844
0.04513907432556152
0.04948306083679199
0.05339837074279785
0.04873394966125488
0.04514026641845703
0.04522967338562012
0.044146060943603516
0.05070900917053223
0.04711723327636719
0.05340862274169922
0.053254127502441406
0.05256080627441406
0.048265933990478516
0.05081605911254883
0.0450739860534668
0.04444551467895508
0.050339460372924805
0.04554581642150879
0.04504752159118652
0.04490852355957031
0.05224609375
0.046047210693359375
0.045076608657836914
0.04591822624206543
0.04510807991027832
0.05018472671508789
0.045087337493896484
0.044925689697265625
0.04548335075378418
0.04461336135864258
0.04386186599731445
0.04517340660095215
0.04483366012573242
0.04474830627441406
0.04969072341918945
0.04561424255371094
0.04539084434509277
0.044631242752075195
0.044457197189331055
0.04459834098815918
0.04439830780029297
0.046193838119506836
0.04491734504699707
0.0523838996887207
0.04568934440612793
0.04552769660949707
0.044733285903930664
0.04557919502258301
0.04583287239074707
0.04465937614440918
0.044507741928100586
0.04539179801940918
0.05004572868347168
0.04713273048400879
0.04537510871887207
0.045156002044677734
0.044885873794555664
0.04509305953979492
0.05532956123352051
0.04462480545043945
0.04700660705566406
0.0606234073638916
0.05311250686645508
0.04598712921142578
0.05280137062072754
0.0473933219909668
0.044483184814453125
0.04405641555786133
0.04365372657775879
0.04490041732788086
0.05008268356323242
0.045562028884887695
0.04593205451965332
0.044292449951171875
0.044130563735961914
0.04433488845825195
0.044489145278930664
0.04498291015625
0.04543566703796387
0.0504300594329834
0.045629024505615234
0.045339107513427734
0.04669952392578125
0.04598426818847656
0.04449009895324707
0.04461240768432617
0.044693946838378906
0.04448509216308594
0.05220627784729004
0.05382728576660156
0.04528379440307617
0.04464077949523926
0.05448412895202637
0.04462790489196777
0.04571032524108887
0.04444718360900879
0.04485034942626953
0.0511629581451416
0.0482330322265625
0.05619311332702637
0.04775428771972656
0.047154903411865234
0.046868324279785156
0.04773426055908203
0.04674673080444336
0.0469660758972168
0.0500032901763916
0.04507875442504883
0.04909372329711914
0.04886054992675781
0.04836106300354004
0.052208900451660156
0.049306392669677734
0.04730725288391113
0.047033071517944336
0.052980899810791016
0.048220157623291016
0.048143625259399414
0.04728555679321289
0.048409461975097656
0.047921180725097656
0.04774308204650879
0.04646873474121094
0.05459713935852051
0.05351090431213379
0.04844093322753906
0.047328948974609375
0.047197818756103516
0.0466609001159668
0.054048776626586914
0.04727602005004883
0.047354698181152344
0.04901576042175293
0.05415940284729004
0.04622936248779297
0.04901838302612305
0.04739117622375488
0.044791460037231445
0.044454097747802734
0.044921875
0.04533505439758301
0.04464149475097656
0.052797794342041016
0.04821372032165527
0.04742860794067383
0.04732918739318848
0.04405856132507324
0.04756021499633789
0.04738116264343262
0.046634674072265625
0.04686856269836426
0.05324983596801758
0.0497126579284668
0.047859907150268555
0.04509401321411133
0.04656219482421875
0.046753644943237305
0.046883344650268555
0.04629993438720703
0.045686960220336914
0.05205535888671875
0.045795440673828125
0.04553341865539551
0.045626163482666016
0.04697132110595703
0.04483318328857422
0.04627251625061035
0.046935081481933594
0.04682517051696777
0.05454421043395996
0.04791426658630371
0.04715108871459961
0.04497241973876953
0.04613471031188965
0.047544002532958984
0.045417070388793945
0.04588508605957031
0.0462946891784668
0.0532832145690918
0.04796624183654785
0.045635223388671875
0.045383453369140625
0.045358896255493164
0.04478883743286133
0.04435253143310547
0.04411959648132324
0.04733085632324219
0.05286359786987305
0.04790234565734863
0.04772472381591797
0.04743027687072754
0.0475618839263916
0.04716205596923828
0.05545544624328613
0.04510974884033203
0.0449976921081543
0.052282094955444336
0.04838967323303223
0.04780912399291992
0.053064584732055664
0.049761295318603516
0.047224998474121094
0.046462059020996094
0.04473686218261719
0.04423928260803223
0.052243709564208984
0.048245906829833984
0.04493093490600586
0.04785299301147461
0.04702949523925781
0.04505324363708496
0.04555082321166992
0.044519901275634766
0.04434561729431152
0.05041217803955078
0.04646420478820801
0.047461748123168945
0.04729175567626953
0.04639172554016113
0.04454684257507324
0.04505348205566406
0.0453946590423584
0.045304298400878906
0.05048370361328125
0.04576563835144043
0.0458216667175293
0.044991254806518555
0.04521822929382324
0.046775102615356445
0.04494333267211914
0.04436349868774414
0.0447232723236084
0.0510869026184082
0.04978370666503906
0.04744744300842285
0.04860663414001465
0.04709124565124512
0.04693126678466797
0.04682326316833496
0.051650285720825195
0.05313992500305176
0.05206584930419922
0.045676231384277344
0.0452117919921875
0.045150041580200195
0.0439450740814209
0.044255971908569336
0.04447340965270996
0.04473066329956055
0.047652482986450195
0.05309176445007324
0.04800081253051758
0.045261383056640625
0.047362327575683594
0.04684758186340332
0.04809689521789551
0.04849576950073242
0.04701972007751465
0.04714512825012207
0.053023338317871094
0.04772520065307617
0.04836225509643555
0.04695487022399902
0.0468447208404541
0.048299312591552734
0.04475879669189453
0.04473400115966797
0.04781007766723633
0.05342531204223633
0.046257734298706055
0.04662728309631348
0.045475006103515625
0.047081708908081055
0.04516911506652832
0.04512786865234375
0.04514503479003906
0.044937849044799805
0.051062822341918945
0.04652142524719238
0.0482180118560791
0.05491280555725098
0.0482633113861084
0.04683375358581543
0.044283390045166016
0.04645037651062012
0.04536080360412598
0.06066584587097168
0.055383920669555664
0.05527687072753906
0.04627633094787598
0.04450488090515137
0.0443880558013916
0.0447235107421875
0.045233964920043945
0.04487800598144531
0.049919843673706055
0.04535341262817383
0.04500746726989746
0.04629111289978027
0.044179439544677734
0.04580044746398926
0.04472827911376953
0.04443693161010742
0.058701515197753906
0.05150604248046875
0.04518532752990723
0.04580950736999512
0.045038700103759766
0.044458866119384766
0.0440526008605957
0.04593467712402344
0.05292916297912598
0.04537367820739746
0.05031156539916992
0.05513739585876465
0.0456242561340332
0.044966936111450195
0.04459333419799805
0.04564833641052246
0.04484844207763672
0.04847216606140137
0.053714752197265625
0.053824663162231445
0.04623723030090332
0.045870065689086914
0.045297861099243164
0.044663190841674805
0.04515361785888672
0.04492354393005371
0.04471540451049805
0.04535484313964844
0.05096840858459473
0.04598832130432129
0.05329251289367676
0.048566341400146484
0.044483184814453125
0.04475665092468262
0.044661521911621094
0.04463529586791992
0.044606924057006836
0.05345726013183594
0.04654073715209961
0.04579877853393555
0.04599452018737793
0.05241560935974121
0.04459071159362793
0.04478788375854492
0.0446162223815918
0.044164180755615234
0.050206899642944336
0.04546689987182617
0.04503488540649414
0.04707694053649902
0.04465198516845703
0.04422569274902344
0.04439067840576172
0.04453849792480469
0.04677081108093262
0.05020737648010254
0.0450594425201416
0.046622514724731445
0.04459810256958008
0.044339895248413086
0.044612884521484375
0.04615664482116699
0.04440784454345703
0.04461073875427246
0.050852060317993164
0.04541015625
0.05362510681152344
0.0507512092590332
0.04502534866333008
0.045673370361328125
0.0447840690612793
0.04630613327026367
0.046364784240722656
0.05142641067504883
0.04598259925842285
0.04538393020629883
0.0485079288482666
0.044861793518066406
0.04537534713745117
0.04520130157470703
0.04510235786437988
0.050428152084350586
0.0518951416015625
0.045201778411865234
0.04513978958129883
0.04497075080871582
0.04443001747131348
0.04489564895629883
0.04652094841003418
0.045740365982055664
0.045049428939819336
0.05139350891113281
0.0479586124420166
0.045633554458618164
0.045209407806396484
0.044847965240478516
0.04478311538696289
0.044795989990234375
0.044988155364990234
0.04542851448059082
0.050744056701660156
0.047440290451049805
0.04560065269470215
0.052735328674316406
0.044686317443847656
0.04516911506652832
0.04428219795227051
0.04462862014770508
0.05307269096374512
0.05242300033569336
0.04544186592102051
0.04481387138366699
0.044960975646972656
0.05015444755554199
0.04451465606689453
0.044637203216552734
0.043784379959106445
0.04675722122192383
0.05169343948364258
0.04523324966430664
0.04549908638000488
0.045163631439208984
0.04434990882873535
0.04457736015319824
0.04464149475097656
0.056499481201171875
0.0458521842956543
0.05029010772705078
0.04489445686340332
0.04494166374206543
0.045053958892822266
0.04500603675842285
0.04456067085266113
0.04447221755981445
0.045870065689086914
0.04537320137023926
0.05035209655761719
0.0453493595123291
0.04465651512145996
0.0451502799987793
0.04474043846130371
0.04428505897521973
0.045752763748168945
0.04573988914489746
0.044519662857055664
0.051451921463012695
0.053142547607421875
0.04651904106140137
0.04483842849731445
0.044586181640625
0.04495096206665039
0.04519176483154297
0.04449725151062012
0.04480314254760742
0.050281524658203125
0.04505634307861328
0.04491376876831055
0.04592084884643555
0.0443873405456543
0.04412674903869629
0.04442262649536133
0.0445246696472168
