0.7568581104278564
0.07215642929077148
0.0627145767211914
0.05590486526489258
0.05262899398803711
0.04697084426879883
0.04907345771789551
0.04888272285461426
0.04557490348815918
0.04510068893432617
0.0448150634765625
0.04479861259460449
0.05422091484069824
0.051377058029174805
0.04566192626953125
0.047631025314331055
0.06100034713745117
0.056336402893066406
0.04738187789916992
0.04715919494628906
0.048456430435180664
0.04722857475280762
0.046805620193481445
0.052587270736694336
0.04592728614807129
0.04916715621948242
0.04520440101623535
0.04501080513000488
0.04638075828552246
0.0483705997467041
0.047065019607543945
0.047000885009765625
0.046660661697387695
0.04736614227294922
0.04984450340270996
0.04510903358459473
0.04496335983276367
0.0451960563659668
0.05258584022521973
0.044678449630737305
0.056008100509643555
0.0449833869934082
0.045647621154785156
0.04963088035583496
0.04533076286315918
0.04487276077270508
0.04517412185668945
0.05274081230163574
0.044599294662475586
0.04469633102416992
0.04458785057067871
0.04516863822937012
0.049848318099975586
0.05392026901245117
0.04515504837036133
0.044699668884277344
0.044150352478027344
0.04483795166015625
0.04480457305908203
0.044592857360839844
0.045044660568237305
0.05182027816772461
0.04550290107727051
0.04547452926635742
0.0453648567199707
0.04671812057495117
0.0485234260559082
0.044844627380371094
0.04474997520446777
0.04516315460205078
0.04946541786193848
0.045635223388671875
0.04723310470581055
0.04859447479248047
0.045041561126708984
0.045049428939819336
0.04496288299560547
0.044764041900634766
0.04604053497314453
0.05082249641418457
0.04543423652648926
0.04945874214172363
0.053427696228027344
0.04602241516113281
0.044748783111572266
0.0447235107421875
0.04434704780578613
0.04837155342102051
0.0504148006439209
0.04680943489074707
0.04546213150024414
0.04465484619140625
0.04469919204711914
0.04449605941772461
0.04486584663391113
0.0446925163269043
0.045182228088378906
0.050356388092041016
0.04520893096923828
0.04509735107421875
0.045723915100097656
0.04426217079162598
0.04464244842529297
0.04417610168457031
0.04490065574645996
0.045053958892822266
0.050309181213378906
0.050429582595825195
0.045379638671875
0.04535841941833496
0.04470324516296387
0.044834136962890625
0.044605255126953125
0.044275760650634766
0.0466156005859375
0.0496668815612793
0.04524588584899902
0.04527091979980469
0.04480481147766113
0.04420828819274902
0.04525470733642578
0.044901371002197266
0.04492759704589844
0.044980525970458984
0.05827474594116211
0.04570412635803223
0.0467531681060791
0.0453181266784668
0.044716835021972656
0.044724225997924805
0.04447197914123535
0.04461860656738281
0.04521369934082031
0.058766841888427734
0.04551386833190918
0.045214176177978516
0.04489421844482422
0.044855594635009766
0.04586386680603027
0.044677019119262695
0.05249190330505371
0.04494023323059082
0.049989938735961914
0.04545927047729492
0.04894256591796875
0.0467526912689209
0.04467606544494629
0.045211076736450195
0.04518604278564453
0.052572011947631836
0.04554605484008789
0.05930781364440918
0.04638218879699707
0.04560685157775879
0.05362057685852051
0.04634904861450195
0.04696393013000488
0.04520106315612793
0.04644894599914551
0.04560112953186035
0.050873756408691406
0.047048330307006836
0.045568227767944336
0.045152902603149414
0.0450444221496582
0.04506874084472656
0.044811248779296875
0.04437398910522461
0.04515385627746582
0.0502781867980957
0.04571104049682617
0.0453488826751709
0.04689168930053711
0.045172929763793945
0.044924020767211914
0.04466128349304199
0.046469688415527344
0.04518747329711914
0.049955129623413086
0.05398106575012207
0.0463106632232666
0.044867515563964844
0.04454374313354492
0.045195579528808594
0.05222034454345703
0.044669389724731445
0.05349326133728027
0.05170249938964844
0.055526018142700195
0.04742074012756348
0.04742097854614258
0.054270267486572266
0.050150156021118164
0.044631242752075195
0.04456019401550293
0.04563283920288086
0.05043792724609375
0.04616546630859375
0.04575538635253906
0.0448153018951416
0.044823646545410156
0.044330596923828125
0.04470014572143555
0.04465532302856445
0.04556846618652344
0.05031228065490723
0.04549670219421387
0.04581737518310547
0.04546213150024414
0.0475621223449707
0.04597163200378418
0.052396535873413086
0.04640364646911621
0.04543614387512207
0.05044698715209961
0.04580521583557129
0.04553079605102539
0.04525899887084961
0.05219221115112305
0.05270195007324219
0.04779171943664551
0.04444241523742676
0.054877519607543945
0.05002236366271973
0.04514145851135254
0.044927120208740234
0.044809579849243164
0.04507780075073242
0.0445857048034668
0.044905662536621094
0.05231785774230957
0.044882774353027344
0.05096864700317383
0.04511141777038574
0.04532599449157715
0.04452037811279297
0.048453330993652344
0.044672250747680664
0.044045209884643555
0.04510235786437988
0.04520773887634277
0.04997420310974121
0.052974700927734375
0.045126914978027344
0.04482603073120117
0.0447840690612793
0.044844865798950195
0.04456949234008789
0.045092105865478516
0.04514789581298828
0.0498356819152832
0.046172142028808594
0.045246124267578125
0.04459071159362793
0.045058250427246094
0.04445528984069824
0.04430079460144043
0.04436659812927246
0.045211076736450195
0.04989933967590332
0.04527473449707031
0.045264244079589844
0.04495716094970703
0.0442202091217041
0.04525423049926758
0.044584035873413086
0.04508852958679199
0.046972036361694336
0.05266165733337402
0.04568076133728027
0.04536151885986328
0.044858455657958984
0.04441976547241211
0.04480624198913574
0.04468035697937012
0.04517030715942383
0.045456886291503906
0.05996060371398926
0.04594159126281738
0.04571247100830078
0.045247793197631836
0.05285143852233887
0.0487213134765625
0.04453563690185547
0.04501485824584961
0.04491853713989258
0.050384521484375
0.0457301139831543
0.04517722129821777
0.04496955871582031
0.044873952865600586
0.04669976234436035
0.052536725997924805
0.05243492126464844
0.044886112213134766
0.05044841766357422
0.046010732650756836
0.046942710876464844
0.04567432403564453
0.04538321495056152
0.04503750801086426
0.04468417167663574
0.044587135314941406
0.05254220962524414
0.05294346809387207
0.05340218544006348
0.05215740203857422
0.04466366767883301
0.04488730430603027
0.0448911190032959
0.04440879821777344
0.0444340705871582
0.04473376274108887
0.04964852333068848
0.04514193534851074
0.04527997970581055
0.04417705535888672
0.0441744327545166
0.04435467720031738
0.04632115364074707
0.05574440956115723
0.04717135429382324
0.04945707321166992
0.04484152793884277
0.044974327087402344
0.0446629524230957
0.0443425178527832
0.044721364974975586
0.043874263763427734
0.04403328895568848
0.04404306411743164
0.049939632415771484
0.04512476921081543
0.044536590576171875
0.044722795486450195
0.04439544677734375
0.044547319412231445
0.04469633102416992
0.043853044509887695
0.044762611389160156
0.05339217185974121
0.047144174575805664
0.046141862869262695
0.04620814323425293
0.04457855224609375
0.04480457305908203
0.0439300537109375
0.04489469528198242
0.053040504455566406
0.0506289005279541
0.04540896415710449
0.0451200008392334
0.04459095001220703
0.04447793960571289
0.0463862419128418
0.04644513130187988
0.04419445991516113
0.045124053955078125
0.05051994323730469
0.04542899131774902
0.044946908950805664
0.04468703269958496
0.045204877853393555
0.044878482818603516
0.04456734657287598
0.04416298866271973
0.044736385345458984
0.05019831657409668
0.04652285575866699
0.04821419715881348
0.04448390007019043
0.04442763328552246
0.04455375671386719
0.044655561447143555
0.044306039810180664
0.04461669921875
0.04992961883544922
0.0454254150390625
0.04876375198364258
0.04439282417297363
0.04444003105163574
0.045252084732055664
0.04495429992675781
0.04485177993774414
0.045427799224853516
0.05140805244445801
0.045358896255493164
0.05356025695800781
0.04526782035827637
0.05225658416748047
0.0461277961730957
0.04416155815124512
0.04468226432800293
0.04525041580200195
0.050089359283447266
0.054244279861450195
0.05367875099182129
0.04533052444458008
0.04507255554199219
0.0448458194732666
0.044745683670043945
0.04428219795227051
0.04494214057922363
0.050502777099609375
0.04552626609802246
0.04495739936828613
0.048615455627441406
0.04672837257385254
0.044580936431884766
0.044641971588134766
0.04432940483093262
0.04510045051574707
0.05024528503417969
0.04873085021972656
0.045401573181152344
0.044771671295166016
0.05266976356506348
0.049710988998413086
0.04483485221862793
0.04441523551940918
0.0470430850982666
0.0513763427734375
0.04522895812988281
0.045272111892700195
0.0445859432220459
0.04450511932373047
0.044571876525878906
0.0446467399597168
0.05210471153259277
0.046974897384643555
0.0537569522857666
0.048992156982421875
0.044798851013183594
0.04424905776977539
0.044870853424072266
0.04427695274353027
0.044091224670410156
0.043843984603881836
0.04522967338562012
0.05062365531921387
0.04549241065979004
0.054001569747924805
0.05165219306945801
0.04462289810180664
0.044524431228637695
0.04410982131958008
0.04393935203552246
0.04399609565734863
0.04995393753051758
0.04680204391479492
0.044789791107177734
0.0439908504486084
0.044663190841674805
0.04466080665588379
0.0461118221282959
0.044443607330322266
0.046068429946899414
0.05189347267150879
0.05346369743347168
0.04501938819885254
0.045915842056274414
0.044553279876708984
0.044623374938964844
0.04345822334289551
0.04437112808227539
0.054758310317993164
0.050136566162109375
0.04570913314819336
0.046334028244018555
0.0548403263092041
0.0447993278503418
0.04487204551696777
0.0448908805847168
0.04421043395996094
0.04661846160888672
0.049707651138305664
0.04475879669189453
0.04502391815185547
0.04530072212219238
0.05282235145568848
0.04494166374206543
0.04467058181762695
0.04458332061767578
0.04461073875427246
0.0592646598815918
0.05299663543701172
0.04842400550842285
0.05283713340759277
0.04820537567138672
0.05249214172363281
0.0469670295715332
0.04417300224304199
0.05338335037231445
0.0516819953918457
0.04535388946533203
0.044667959213256836
0.045186758041381836
0.04492068290710449
0.04511380195617676
0.046297311782836914
0.044690608978271484
0.04511451721191406
0.05017447471618652
0.047022342681884766
0.04462265968322754
0.044673919677734375
0.043805837631225586
0.04438447952270508
0.04427337646484375
0.04408621788024902
0.044830322265625
0.04992985725402832
0.04571390151977539
0.04702901840209961
0.046395301818847656
0.044584035873413086
0.04411435127258301
0.04525876045227051
0.044579505920410156
0.04485154151916504
0.050852298736572266
0.04563713073730469
0.04560279846191406
0.045005083084106445
0.04495739936828613
0.04390668869018555
0.04501032829284668
0.04497027397155762
0.04505729675292969
0.051120758056640625
0.045369625091552734
0.04626035690307617
0.04468512535095215
0.0447537899017334
0.04474163055419922
0.04477643966674805
0.046547651290893555
0.045472145080566406
0.06072998046875
0.04977774620056152
0.044960975646972656
0.04496455192565918
0.04651927947998047
0.0463261604309082
0.04484200477600098
0.04471111297607422
0.045130252838134766
0.05073094367980957
0.04689741134643555
0.04570269584655762
0.045568227767944336
0.05246615409851074
0.04534101486206055
0.05434393882751465
0.05231022834777832
0.05532431602478027
0.05481314659118652
0.04891395568847656
0.05380892753601074
0.0457611083984375
0.04464268684387207
0.0445859432220459
0.04429745674133301
0.0442655086517334
0.0447239875793457
0.051134347915649414
0.045308828353881836
0.05063295364379883
0.04606962203979492
0.044554948806762695
0.044652462005615234
0.04453873634338379
0.0475766658782959
0.04535222053527832
0.05006980895996094
0.04611396789550781
0.04519367218017578
0.04499697685241699
0.04553723335266113
0.04564094543457031
0.04517316818237305
0.044194936752319336
0.04517984390258789
0.05981135368347168
0.05416750907897949
0.056012630462646484
0.0486140251159668
0.048906564712524414
0.04677987098693848
0.0471951961517334
0.046991586685180664
0.047197818756103516
0.05309343338012695
0.04934048652648926
0.05398726463317871
0.04970717430114746
0.04459047317504883
0.04507851600646973
0.048050642013549805
0.046503305435180664
0.04783940315246582
0.05881357192993164
0.04564714431762695
0.04531049728393555
0.0451359748840332
0.04499077796936035
0.04534149169921875
0.04473090171813965
0.050023555755615234
0.04622244834899902
0.05159258842468262
0.04565548896789551
0.05453157424926758
0.05291914939880371
0.04723048210144043
0.05252861976623535
0.044368743896484375
0.043918609619140625
0.044974565505981445
0.04946422576904297
0.04550790786743164
0.04488849639892578
0.05275082588195801
0.045866966247558594
0.05393528938293457
0.0482635498046875
0.04479503631591797
0.0469362735748291
0.0618748664855957
0.0472865104675293
0.04636549949645996
0.04681277275085449
0.04626965522766113
0.044405221939086914
0.044725894927978516
0.04423403739929199
0.04519534111022949
0.05182600021362305
0.04707169532775879
0.04699969291687012
0.04596972465515137
0.04419994354248047
0.04492306709289551
0.04574227333068848
0.04435610771179199
0.04471015930175781
0.05022406578063965
0.053801774978637695
0.054523468017578125
0.04665780067443848
0.047905921936035156
0.05361318588256836
0.05266451835632324
0.05483698844909668
0.050383806228637695
0.056261539459228516
0.04540514945983887
0.045563459396362305
0.046349287033081055
0.044335365295410156
0.0441126823425293
0.0442051887512207
0.04483509063720703
0.04502534866333008
0.06107378005981445
0.04668474197387695
0.04865550994873047
0.04523181915283203
0.04465937614440918
0.05373716354370117
0.04523587226867676
0.04507040977478027
0.04493093490600586
0.05020928382873535
0.047281742095947266
0.04605698585510254
0.04507732391357422
0.046895742416381836
0.044510602951049805
0.04452204704284668
0.04432845115661621
0.04610586166381836
0.05101180076599121
0.053437232971191406
0.04601311683654785
0.045398712158203125
0.04497170448303223
0.045220375061035156
0.05257296562194824
0.0460047721862793
0.046460866928100586
0.05127358436584473
0.04581308364868164
0.04570746421813965
0.04524064064025879
0.05866670608520508
0.04588770866394043
0.04642128944396973
0.04488372802734375
0.04724884033203125
0.053536415100097656
0.04576563835144043
0.04622507095336914
0.04596400260925293
0.04514455795288086
0.0469052791595459
0.04526495933532715
0.045224666595458984
0.04550027847290039
0.05032682418823242
0.045423269271850586
0.045119524002075195
0.0450589656829834
0.0456693172454834
0.04554390907287598
0.04498457908630371
0.04467654228210449
0.04533529281616211
0.05031728744506836
0.04558134078979492
0.04575967788696289
0.045584917068481445
0.04500102996826172
0.045424461364746094
0.04555654525756836
0.04677128791809082
0.0472102165222168
0.05199599266052246
0.04562211036682129
0.04570508003234863
0.04510354995727539
0.04491710662841797
0.045552730560302734
0.05395340919494629
0.045354366302490234
0.04474949836730957
0.051621437072753906
0.04541516304016113
0.045294761657714844
0.04499506950378418
0.04465150833129883
0.04653573036193848
0.044829368591308594
0.04433560371398926
0.04500913619995117
0.050360918045043945
0.04581737518310547
0.045845746994018555
0.04643082618713379
0.04680466651916504
0.0448000431060791
0.045092105865478516
0.044547080993652344
0.046956777572631836
0.05120062828063965
0.04559898376464844
0.0453035831451416
0.04499983787536621
0.045096635818481445
0.04707217216491699
0.044379472732543945
0.044677019119262695
0.04479503631591797
0.05277872085571289
0.04537534713745117
0.055326223373413086
0.04780721664428711
0.047141075134277344
0.04716610908508301
0.04666399955749512
0.046195268630981445
0.04870748519897461
0.04999232292175293
0.047265052795410156
0.04527688026428223
0.04512310028076172
0.046044349670410156
0.04475712776184082
0.05243968963623047
0.04731869697570801
0.04530811309814453
0.050615787506103516
0.045801639556884766
0.045189619064331055
0.04606938362121582
0.045014142990112305
0.044669151306152344
0.043942928314208984
0.04464006423950195
0.04496645927429199
0.05040431022644043
0.04477262496948242
0.04520702362060547
0.04486870765686035
0.04576754570007324
0.046271562576293945
0.044870853424072266
0.045668601989746094
0.04499506950378418
0.05023312568664551
0.6610841751098633
0.05035853385925293
0.050071001052856445
0.050597190856933594
0.050451040267944336
0.06000089645385742
0.051442623138427734
0.05017709732055664
0.049625396728515625
0.05582857131958008
0.05028963088989258
0.050115108489990234
0.051464080810546875
0.0501704216003418
0.04998040199279785
0.0501248836517334
0.04974627494812012
0.049719810485839844
0.057266950607299805
0.05138111114501953
0.0495457649230957
0.05040264129638672
0.04967021942138672
0.04974794387817383
0.05146360397338867
0.04997563362121582
0.04962658882141113
0.05645561218261719
0.04931473731994629
0.04951024055480957
0.050177812576293945
0.0586855411529541
0.05083489418029785
0.05193018913269043
0.05231642723083496
0.04871654510498047
0.05812644958496094
0.049315452575683594
0.05191946029663086
0.05180072784423828
0.053006887435913086
0.05144762992858887
0.049063682556152344
0.051099538803100586
0.048372745513916016
0.05434274673461914
0.04866290092468262
0.048047542572021484
0.04919171333312988
0.05354022979736328
0.05323958396911621
0.05135846138000488
0.05147218704223633
0.051080942153930664
0.054473876953125
0.04871535301208496
0.049649715423583984
0.04834318161010742
0.05120730400085449
0.050113677978515625
0.049146413803100586
0.049072980880737305
0.05006599426269531
0.05815553665161133
0.05670332908630371
0.05192971229553223
0.04933476448059082
0.04622602462768555
0.04633450508117676
0.04613304138183594
0.047994136810302734
0.0478212833404541
0.05592846870422363
0.048085927963256836
0.04630112648010254
0.04600358009338379
0.047120094299316406
0.04664802551269531
0.04574871063232422
0.0474092960357666
0.04523777961730957
0.05297970771789551
0.04710102081298828
0.04638552665710449
0.04563474655151367
0.055080413818359375
0.04627251625061035
0.04612135887145996
0.04506802558898926
0.04526877403259277
0.06039547920227051
0.04714393615722656
0.04741549491882324
0.04664349555969238
0.04532670974731445
0.04530978202819824
0.045250654220581055
0.05328035354614258
0.05220341682434082
0.05052614212036133
0.04558515548706055
0.04517483711242676
0.04509687423706055
0.04500913619995117
0.04619956016540527
0.045052289962768555
0.04661059379577637
0.044675588607788086
0.05079936981201172
0.045343875885009766
0.04538154602050781
0.05382418632507324
0.04633951187133789
0.04506516456604004
0.04542732238769531
0.04471898078918457
0.045058250427246094
0.05889391899108887
0.045528411865234375
0.04471540451049805
0.04548239707946777
0.045096397399902344
0.04653191566467285
0.04537153244018555
0.047006845474243164
0.044886112213134766
0.05572676658630371
0.04511117935180664
0.05583548545837402
0.04981064796447754
0.0487055778503418
0.04713153839111328
0.048300743103027344
0.04403257369995117
0.04703855514526367
0.05394291877746582
0.04885292053222656
0.04709792137145996
0.04721665382385254
0.0476994514465332
0.04400777816772461
0.0438079833984375
0.0441744327545166
0.04398632049560547
0.049635887145996094
0.046987295150756836
0.04748368263244629
0.04755115509033203
0.048455238342285156
0.045861005783081055
0.0445706844329834
0.044699668884277344
0.04414844512939453
0.04950118064880371
0.04449915885925293
0.04598641395568848
0.0471501350402832
0.04625082015991211
0.04734468460083008
0.04692578315734863
0.04595065116882324
0.044321298599243164
0.04945826530456543
0.05330467224121094
0.045531272888183594
0.0442204475402832
0.04591536521911621
0.04411625862121582
0.04438424110412598
0.053569793701171875
0.04497098922729492
0.05014944076538086
0.04681730270385742
0.045441627502441406
0.04738616943359375
0.05287528038024902
0.05023670196533203
0.044603586196899414
0.044438838958740234
0.04440641403198242
0.05201077461242676
0.04517626762390137
0.04649209976196289
0.04545879364013672
0.04858279228210449
0.0467071533203125
0.04670286178588867
0.04843306541442871
0.04508352279663086
0.05417323112487793
0.04537796974182129
0.044895172119140625
0.046532392501831055
0.0469205379486084
0.04678034782409668
0.047128915786743164
0.04665994644165039
0.045156240463256836
0.05260610580444336
0.04923224449157715
0.04470539093017578
0.04505491256713867
0.04582357406616211
0.0449213981628418
0.04654884338378906
0.04517793655395508
0.046468257904052734
0.05079078674316406
0.04652237892150879
0.047356367111206055
0.047240257263183594
0.04813098907470703
0.04717588424682617
0.04655599594116211
0.0445253849029541
0.047782182693481445
0.05381512641906738
0.049008846282958984
0.048474788665771484
0.04702472686767578
0.04695725440979004
0.04634404182434082
0.0455937385559082
0.04461336135864258
0.04445314407348633
0.05208134651184082
0.04542136192321777
0.04666543006896973
0.04809093475341797
0.04640841484069824
0.04852700233459473
0.04705095291137695
0.04716229438781738
0.04624676704406738
0.05240964889526367
0.0468602180480957
0.04674530029296875
0.046912431716918945
0.044740915298461914
0.04807257652282715
0.0465846061706543
0.048105478286743164
0.044846534729003906
0.052300453186035156
0.04763031005859375
0.04534626007080078
0.04558873176574707
0.050577402114868164
0.05221295356750488
0.04841804504394531
0.05220961570739746
0.04507136344909668
0.05750107765197754
0.045709848403930664
0.04535412788391113
0.05339360237121582
0.04794883728027344
0.04512786865234375
0.04429435729980469
0.045781850814819336
0.04614686965942383
0.05023479461669922
0.045377254486083984
0.046783447265625
0.04507946968078613
0.045223236083984375
0.04499959945678711
0.04445481300354004
0.04442119598388672
0.045015573501586914
0.049755096435546875
0.04673886299133301
0.053023338317871094
0.047835588455200195
0.04613900184631348
0.04494595527648926
0.044428110122680664
0.04452085494995117
0.045519351959228516
0.05148625373840332
0.04524993896484375
0.045001983642578125
0.045148372650146484
0.04458451271057129
0.05235099792480469
0.04569673538208008
0.04418468475341797
0.04472923278808594
0.05175137519836426
0.045096635818481445
0.04677605628967285
0.046465396881103516
0.04626297950744629
0.0547182559967041
0.04706239700317383
0.046300411224365234
0.044242143630981445
0.05019497871398926
0.04568338394165039
0.04554462432861328
0.04476809501647949
0.044498443603515625
0.04447126388549805
0.04481649398803711
0.04426002502441406
0.0443730354309082
0.0522458553314209
0.045465946197509766
0.04544854164123535
0.04510045051574707
0.04452180862426758
0.04462552070617676
0.044687509536743164
0.04455280303955078
0.04471087455749512
0.05963945388793945
0.05272483825683594
0.04578566551208496
0.04426264762878418
0.0460515022277832
0.045684814453125
0.044463157653808594
0.053653717041015625
0.04586148262023926
0.049021244049072266
0.04494118690490723
0.04446697235107422
0.04513072967529297
0.04471135139465332
0.04479026794433594
0.04428839683532715
0.04383039474487305
0.04556679725646973
0.049390554428100586
0.053055524826049805
0.05275106430053711
0.04466986656188965
0.04370284080505371
0.04517030715942383
0.046074867248535156
0.04403400421142578
0.04397392272949219
0.049094200134277344
0.04410052299499512
0.045682668685913086
0.04453444480895996
0.04499411582946777
0.05209755897521973
0.0442659854888916
0.046576499938964844
0.0522615909576416
0.05161118507385254
0.04524683952331543
0.04522228240966797
0.04493427276611328
0.05237221717834473
0.04910755157470703
0.04432487487792969
0.04445910453796387
0.04467964172363281
0.05599570274353027
0.04483938217163086
0.04489874839782715
0.04495525360107422
0.046201467514038086
0.04465126991271973
0.044440269470214844
0.04398918151855469
0.04617619514465332
0.04973268508911133
0.04502248764038086
0.04482007026672363
0.045013427734375
0.04416918754577637
0.04589724540710449
0.045996665954589844
0.043912649154663086
0.0440671443939209
0.04910564422607422
0.04502987861633301
0.0445704460144043
0.044307708740234375
0.04447817802429199
0.043848514556884766
0.054555654525756836
0.0485227108001709
0.04567456245422363
0.049642324447631836
0.044816017150878906
0.04516196250915527
0.04534411430358887
0.04470467567443848
0.04573869705200195
0.046222686767578125
0.044190406799316406
0.04591107368469238
0.0498659610748291
0.04506516456604004
0.04465126991271973
0.04470539093017578
0.044171810150146484
0.043669939041137695
0.04603266716003418
0.04458212852478027
0.04463386535644531
0.04978609085083008
0.04487037658691406
0.04492688179016113
0.044914960861206055
0.04493236541748047
0.044457197189331055
0.04440903663635254
0.04388546943664551
0.04407835006713867
0.04960775375366211
0.05317544937133789
0.04865884780883789
0.05285978317260742
0.047373294830322266
0.04431629180908203
0.044530630111694336
0.04400897026062012
0.052774667739868164
0.04882931709289551
0.04456472396850586
0.04432225227355957
0.04433894157409668
0.04410862922668457
0.044142723083496094
0.04426836967468262
0.04419374465942383
0.044484853744506836
0.049208879470825195
0.046103477478027344
0.04436922073364258
0.04503798484802246
0.0443422794342041
0.04370570182800293
0.044100046157836914
0.04406237602233887
0.04497885704040527
0.0494990348815918
0.045140981674194336
0.04453110694885254
0.044901371002197266
0.043628692626953125
0.044336795806884766
0.04434680938720703
0.04390430450439453
0.04543423652648926
0.04941248893737793
0.044914960861206055
0.043924808502197266
0.04433774948120117
0.04434800148010254
0.04432225227355957
0.04433751106262207
0.043402910232543945
0.04398393630981445
0.05771517753601074
0.0446934700012207
0.0442657470703125
0.04448890686035156
0.04429292678833008
0.043984174728393555
0.04427385330200195
0.04381728172302246
0.05234575271606445
0.050574302673339844
0.04488945007324219
0.04408693313598633
0.045058250427246094
0.043720245361328125
0.04420828819274902
0.045014142990112305
0.04369688034057617
0.043894290924072266
0.048976898193359375
0.04449772834777832
0.044507741928100586
0.04598855972290039
0.04435992240905762
0.04442429542541504
0.045343875885009766
0.04404759407043457
0.046363115310668945
0.04948568344116211
0.0448451042175293
0.046105384826660156
0.04793500900268555
0.05204629898071289
0.04483747482299805
0.05011296272277832
0.04589533805847168
0.04420804977416992
0.04891014099121094
0.0444340705871582
0.04489541053771973
0.04615521430969238
0.044553518295288086
0.04438328742980957
0.044014930725097656
0.044255971908569336
0.044206857681274414
0.04939913749694824
0.0445096492767334
0.044333457946777344
0.04423093795776367
0.04402565956115723
0.04376077651977539
0.04418039321899414
0.04465007781982422
0.043753862380981445
0.049904584884643555
0.045926809310913086
0.04556012153625488
0.044234275817871094
0.05394792556762695
0.045749664306640625
0.04582548141479492
0.04444146156311035
0.04414820671081543
0.04899144172668457
0.04489421844482422
0.044409751892089844
0.04419589042663574
0.044367313385009766
0.0468440055847168
0.04370260238647461
0.045162200927734375
0.04590177536010742
0.050603389739990234
0.044530630111694336
0.04415154457092285
0.044289588928222656
0.044405460357666016
0.04393792152404785
0.04407048225402832
0.0438847541809082
0.0440673828125
0.04919743537902832
0.04480409622192383
0.0525965690612793
0.04467153549194336
0.04690957069396973
0.04494118690490723
0.04367995262145996
0.04493570327758789
0.04377579689025879
0.048983097076416016
0.04537320137023926
0.044222116470336914
0.045809030532836914
0.04391932487487793
0.05198478698730469
0.04407167434692383
0.044036865234375
0.055101633071899414
0.058418989181518555
0.05604195594787598
0.04653573036193848
0.04677534103393555
0.047310590744018555
0.05204057693481445
0.05251431465148926
0.04366111755371094
0.04621481895446777
0.04918956756591797
0.04545021057128906
0.0441441535949707
0.0448606014251709
0.05259513854980469
0.046953678131103516
0.04439997673034668
0.04382014274597168
0.04456949234008789
0.04935455322265625
0.04469704627990723
0.04455971717834473
0.04588770866394043
0.04405617713928223
0.043604135513305664
0.04398822784423828
0.04364824295043945
0.045198678970336914
0.04921722412109375
0.04467582702636719
0.05395007133483887
0.05212998390197754
0.045656442642211914
0.04533028602600098
0.04390096664428711
0.05161094665527344
0.052371978759765625
0.0559842586517334
0.044913530349731445
0.044499874114990234
0.04461669921875
0.04461073875427246
0.04488229751586914
0.04488801956176758
0.05112743377685547
0.05344533920288086
0.049736738204956055
0.047034263610839844
0.04459643363952637
0.04480767250061035
0.04621720314025879
0.04410910606384277
0.04451584815979004
0.043669700622558594
0.04453706741333008
0.05186653137207031
0.04619956016540527
0.04657244682312012
0.04441642761230469
0.044316768646240234
0.044374942779541016
0.04555392265319824
0.04483675956726074
0.0444645881652832
0.051352500915527344
0.04662132263183594
0.04475975036621094
0.045612335205078125
0.04565072059631348
0.04556560516357422
0.04430079460144043
0.04802513122558594
0.04643869400024414
0.05039525032043457
0.04499316215515137
0.044638633728027344
0.04455876350402832
0.0444488525390625
0.0444490909576416
0.04431271553039551
0.0437932014465332
0.0448603630065918
0.049637556076049805
0.04511857032775879
0.04619002342224121
0.04408740997314453
0.04423856735229492
0.04398536682128906
0.04744696617126465
0.04379415512084961
0.04484128952026367
0.04906344413757324
0.044762372970581055
0.04626655578613281
0.04502058029174805
0.043970584869384766
0.044229745864868164
0.04412674903869629
0.05226778984069824
0.04623532295227051
0.057679176330566406
0.04919838905334473
0.043885231018066406
0.0438692569732666
0.04426908493041992
0.044377803802490234
0.044146060943603516
0.04390454292297363
0.04438424110412598
0.048829078674316406
0.0444645881652832
0.04425835609436035
0.0445406436920166
0.0443418025970459
0.0441739559173584
0.04446601867675781
0.04425668716430664
0.04335832595825195
0.04884052276611328
0.04577803611755371
0.04431653022766113
0.04450058937072754
0.04431629180908203
0.04422497749328613
0.04366254806518555
0.04364275932312012
0.04395937919616699
0.04899430274963379
0.052768707275390625
0.052463531494140625
0.044710636138916016
0.052036285400390625
0.046163320541381836
0.04430246353149414
0.04418492317199707
0.043933868408203125
0.048972129821777344
0.04472184181213379
0.04482245445251465
0.044754981994628906
0.04842424392700195
0.055452823638916016
0.04443025588989258
0.04631495475769043
0.05236101150512695
0.04932284355163574
0.0471644401550293
0.04470705986022949
0.04572558403015137
0.04436969757080078
0.04591703414916992
0.04404163360595703
0.04407906532287598
0.044302940368652344
0.049611568450927734
0.045368194580078125
0.04476594924926758
0.044281721115112305
0.0442204475402832
0.051871538162231445
0.0439608097076416
0.04381203651428223
0.04395246505737305
0.05109691619873047
0.04477071762084961
0.04471707344055176
0.04457235336303711
0.043970346450805664
0.043849945068359375
0.0455167293548584
0.0437467098236084
0.04400014877319336
0.049016475677490234
0.04623532295227051
0.04622316360473633
0.05252408981323242
0.04758596420288086
0.04393148422241211
0.04528665542602539
0.04389643669128418
0.04402804374694824
0.049936532974243164
0.04488849639892578
0.04455423355102539
0.04435086250305176
0.04436540603637695
0.04424571990966797
0.04382824897766113
0.051468849182128906
0.04381847381591797
0.04994797706604004
0.04514455795288086
0.04482126235961914
0.04639267921447754
0.044799089431762695
0.04419088363647461
0.04483914375305176
0.04360699653625488
0.044317007064819336
0.04933738708496094
0.04460620880126953
0.04453086853027344
0.04442596435546875
0.04411649703979492
0.04462289810180664
0.043952226638793945
0.04359292984008789
0.044759273529052734
0.05013728141784668
0.046643733978271484
0.04441189765930176
0.045013427734375
0.04448080062866211
0.04445028305053711
0.04487252235412598
0.04491853713989258
0.04464888572692871
0.04997062683105469
0.044910430908203125
0.04613304138183594
0.044312477111816406
0.043978214263916016
0.044397830963134766
0.05246424674987793
0.04420185089111328
0.043849945068359375
0.04949307441711426
0.044629573822021484
0.044373273849487305
0.04517507553100586
0.044060468673706055
0.04511070251464844
0.04415440559387207
0.04349780082702637
0.044512033462524414
0.050000905990600586
0.04510903358459473
0.04499983787536621
0.04478907585144043
0.04436945915222168
0.04425358772277832
0.04357266426086426
0.04356026649475098
0.044051170349121094
0.05082583427429199
0.04445648193359375
0.04497361183166504
0.04425406455993652
0.044841766357421875
0.0444025993347168
0.04384040832519531
0.04447603225708008
0.04491019248962402
0.05160665512084961
0.04540300369262695
0.05252385139465332
0.052266836166381836
0.04532146453857422
0.04386401176452637
0.04412269592285156
0.043462276458740234
0.04471564292907715
0.050875186920166016
0.04491257667541504
0.04428744316101074
0.04443550109863281
0.04430794715881348
0.045978546142578125
0.0438997745513916
0.045536041259765625
0.04441404342651367
0.04987621307373047
0.04496026039123535
0.04472851753234863
0.04451155662536621
0.04397225379943848
0.04412698745727539
0.04433298110961914
0.0442197322845459
0.04452991485595703
0.049451589584350586
0.04481935501098633
0.04443836212158203
0.04469609260559082
0.04455757141113281
0.044907569885253906
0.04501628875732422
0.046210289001464844
0.04684185981750488
0.04998350143432617
0.04477572441101074
0.046300411224365234
0.046343326568603516
0.04459667205810547
0.04391837120056152
0.04433941841125488
0.04522538185119629
0.04634571075439453
0.051235198974609375
0.04476499557495117
0.04466533660888672
0.04635810852050781
0.04457259178161621
0.04364275932312012
0.043807029724121094
0.04399228096008301
0.04449009895324707
0.057733774185180664
0.04589200019836426
0.045424699783325195
0.054445505142211914
0.045130252838134766
0.04424262046813965
0.05393815040588379
0.0481419563293457
0.04485344886779785
0.049714088439941406
0.04511284828186035
0.044780731201171875
0.04602813720703125
0.0463106632232666
0.04453134536743164
0.04481029510498047
0.052335500717163086
0.04589414596557617
0.05143904685974121
0.04725050926208496
0.05315351486206055
0.0525965690612793
0.052016258239746094
0.04427337646484375
0.04461264610290527
0.04395484924316406
0.04508185386657715
0.049834489822387695
0.054978370666503906
0.05208158493041992
0.044234275817871094
0.053406715393066406
0.04425168037414551
0.04453611373901367
0.0440678596496582
0.04649519920349121
0.04953312873840332
0.04486536979675293
0.045206308364868164
0.04453301429748535
0.04420113563537598
0.044294118881225586
0.0464630126953125
0.044652462005615234
0.04478716850280762
0.04975008964538574
0.045232534408569336
0.04486536979675293
0.04469728469848633
0.04391312599182129
0.04392099380493164
0.04385519027709961
0.04382491111755371
0.044096946716308594
0.049440622329711914
0.05339789390563965
0.05312323570251465
0.044803619384765625
0.044153690338134766
0.044606924057006836
0.04577064514160156
0.04380202293395996
0.044028520584106445
0.0495455265045166
0.044622182846069336
0.04434800148010254
0.044402122497558594
0.04474139213562012
0.045006752014160156
0.04459857940673828
0.043990135192871094
0.04507184028625488
0.04947996139526367
0.04537367820739746
0.04491615295410156
0.04497051239013672
0.04424262046813965
0.0445561408996582
0.04484963417053223
0.045143842697143555
0.04457688331604004
0.04945254325866699
0.04656624794006348
0.044800758361816406
0.04615521430969238
0.04419302940368652
0.044225215911865234
0.04443645477294922
0.044165849685668945
0.04471588134765625
0.049378156661987305
0.0450894832611084
0.045252323150634766
0.04434657096862793
0.044298648834228516
0.0443110466003418
0.044261932373046875
0.04364752769470215
0.04555344581604004
0.0513148307800293
0.04487156867980957
0.0446774959564209
0.044806718826293945
0.04390096664428711
0.04448676109313965
0.04566383361816406
0.044220924377441406
0.04489612579345703
0.0499422550201416
0.04526329040527344
0.04471945762634277
0.044309139251708984
0.049678802490234375
0.04926800727844238
0.04517722129821777
0.046956539154052734
0.04584860801696777
0.04998207092285156
0.045813560485839844
0.04659461975097656
0.044501304626464844
0.04446983337402344
0.044458866119384766
0.04413104057312012
0.04550743103027344
0.044312238693237305
0.04947853088378906
0.04522991180419922
0.04659581184387207
0.04525351524353027
0.044457435607910156
0.04524993896484375
0.045340776443481445
0.044727325439453125
0.04525351524353027
0.051927804946899414
0.045529842376708984
0.04531550407409668
0.04486274719238281
0.044610023498535156
0.0454256534576416
0.04488182067871094
0.044915199279785156
0.04639077186584473
0.04949808120727539
0.04566478729248047
0.045815229415893555
0.0453035831451416
0.055582284927368164
0.0468747615814209
0.046629905700683594
0.0466303825378418
0.05484914779663086
0.05216097831726074
0.045488595962524414
0.046883583068847656
0.046782493591308594
0.046790361404418945
0.04655623435974121
0.04681992530822754
0.046309709548950195
0.04864978790283203
0.0498347282409668
0.04615163803100586
0.04481363296508789
0.04712867736816406
0.04408407211303711
0.04374408721923828
0.04630088806152344
0.048139095306396484
0.05023837089538574
0.05095958709716797
0.044594526290893555
0.04426288604736328
0.044679880142211914
0.04446005821228027
0.04550528526306152
0.0447993278503418
0.044202327728271484
0.046262502670288086
0.05107235908508301
0.04424905776977539
0.0444643497467041
0.04672718048095703
0.04429030418395996
0.044293880462646484
0.04469013214111328
0.051961421966552734
0.04455208778381348
0.04891371726989746
0.04496002197265625
0.04456949234008789
0.04455828666687012
0.044159650802612305
0.04408407211303711
0.044037818908691406
0.05216217041015625
0.04665660858154297
0.051189422607421875
0.04533505439758301
0.04623818397521973
0.04427480697631836
0.04452085494995117
0.0533452033996582
0.04934811592102051
0.04406619071960449
0.04490828514099121
0.049690961837768555
0.044858455657958984
0.045113325119018555
0.04620671272277832
0.04615521430969238
0.04575395584106445
0.044641733169555664
0.045861005783081055
0.051374197006225586
0.04973554611206055
0.04517006874084473
0.045195579528808594
0.04485177993774414
0.04458808898925781
0.044487953186035156
0.04455161094665527
0.04513239860534668
0.044656991958618164
0.04997754096984863
0.04504227638244629
0.04460954666137695
0.044530630111694336
0.04413747787475586
0.04436063766479492
0.044859886169433594
0.04462265968322754
0.0528872013092041
0.05018281936645508
0.04488658905029297
0.04477286338806152
0.05301332473754883
0.04419064521789551
0.04430699348449707
0.04461169242858887
0.05420637130737305
0.04507637023925781
0.05115985870361328
0.04578423500061035
0.05293083190917969
0.04508566856384277
0.04455256462097168
0.04522991180419922
0.052817344665527344
0.0538487434387207
0.045687198638916016
0.05603170394897461
0.04697847366333008
0.04683041572570801
0.044830322265625
0.04503893852233887
0.044858455657958984
0.05252671241760254
0.04579949378967285
0.05270862579345703
0.04990220069885254
0.04581785202026367
0.044610023498535156
0.04443717002868652
0.045130252838134766
0.0449671745300293
0.046219587326049805
0.04455447196960449
0.04392743110656738
0.0490720272064209
0.04476284980773926
0.04447364807128906
0.04450869560241699
0.04431486129760742
0.04554462432861328
0.045645713806152344
0.043710947036743164
0.0445713996887207
0.05021214485168457
0.04538702964782715
0.04469609260559082
0.044608354568481445
0.04449605941772461
0.044484615325927734
0.044466495513916016
0.04447770118713379
0.04421186447143555
0.0500798225402832
0.04506993293762207
0.04610848426818848
0.044677019119262695
0.044564008712768555
0.04472827911376953
0.04648709297180176
0.04413795471191406
0.04422616958618164
0.05011320114135742
0.04488205909729004
0.04514622688293457
0.04492616653442383
0.04532051086425781
0.04462432861328125
0.04452395439147949
0.04529905319213867
0.045166969299316406
0.0509181022644043
0.045697927474975586
0.04461812973022461
0.04448127746582031
0.044890642166137695
0.04466438293457031
0.052869558334350586
0.05462503433227539
0.051508426666259766
0.052309274673461914
0.04581785202026367
0.04550313949584961
0.04691624641418457
0.04486727714538574
0.046704769134521484
0.0452120304107666
0.04476523399353027
0.04682421684265137
0.055890560150146484
0.04677009582519531
0.045684814453125
0.0529017448425293
0.052823781967163086
0.04496598243713379
0.045067548751831055
0.04439687728881836
0.04467582702636719
0.04963517189025879
0.04478120803833008
0.0449826717376709
0.04462838172912598
0.04456496238708496
0.04482412338256836
0.04481697082519531
0.04509115219116211
0.04447484016418457
0.0494234561920166
0.05312752723693848
0.05359005928039551
0.04482531547546387
0.045632362365722656
0.0446169376373291
0.054999351501464844
0.04528069496154785
0.0449216365814209
0.04973959922790527
0.0459744930267334
0.04504871368408203
0.052808523178100586
0.04697394371032715
0.04452323913574219
0.04466104507446289
0.04447603225708008
0.04509091377258301
0.049787282943725586
0.04517555236816406
0.0449986457824707
0.04508519172668457
0.04389643669128418
0.04465794563293457
0.04434704780578613
0.04454803466796875
0.04492926597595215
0.0502467155456543
0.04577994346618652
0.04638552665710449
0.0451359748840332
0.04411792755126953
0.04421639442443848
0.044605255126953125
0.044356346130371094
0.04463529586791992
0.050004005432128906
0.04519987106323242
0.044558048248291016
0.04485726356506348
0.05262589454650879
0.0460813045501709
0.04473257064819336
0.04482245445251465
0.054094791412353516
0.050479888916015625
0.04604601860046387
0.045368194580078125
0.045432090759277344
0.0450129508972168
0.04474997520446777
0.04754066467285156
0.04503655433654785
0.0448000431060791
0.0522918701171875
0.05666828155517578
0.04537701606750488
0.04551410675048828
0.04540824890136719
0.04443931579589844
0.045142173767089844
0.04498481750488281
0.05782461166381836
0.05165386199951172
0.04550623893737793
0.04679131507873535
0.04668402671813965
0.044345855712890625
0.044652700424194336
0.05539560317993164
0.046308279037475586
0.046709299087524414
0.05176520347595215
0.04869270324707031
0.04671525955200195
0.04692530632019043
0.046114444732666016
0.046369075775146484
0.046708106994628906
0.044524431228637695
0.045255184173583984
0.05222964286804199
0.04705953598022461
0.045264482498168945
0.045198678970336914
0.04608511924743652
0.048488616943359375
0.046607255935668945
0.04658770561218262
0.044866085052490234
0.05031943321228027
0.05416560173034668
0.04870247840881348
0.04492473602294922
0.044890403747558594
0.04447531700134277
0.04500293731689453
0.04426980018615723
0.04511904716491699
0.05030083656311035
0.0453944206237793
0.04499506950378418
0.045223236083984375
0.044684410095214844
0.044878244400024414
0.0449070930480957
0.04485797882080078
0.04488110542297363
0.050080060958862305
0.0452115535736084
0.04494357109069824
0.044678449630737305
0.04533791542053223
0.04441571235656738
0.045235395431518555
0.04467892646789551
0.044974565505981445
0.05014228820800781
0.04553413391113281
0.044928550720214844
0.04564857482910156
0.04493522644042969
0.0445406436920166
0.04480266571044922
0.04685544967651367
0.0470433235168457
0.05820775032043457
0.04592108726501465
0.04528546333312988
0.04709053039550781
0.04701423645019531
0.04715371131896973
0.044352054595947266
0.04413914680480957
0.04629230499267578
0.05226492881774902
0.047847747802734375
0.047176361083984375
0.04425954818725586
0.04436802864074707
0.04673933982849121
0.0439145565032959
0.04413628578186035
0.04502511024475098
0.04956769943237305
0.04474663734436035
0.044609785079956055
0.04462790489196777
0.04392290115356445
0.04612874984741211
0.044403791427612305
0.04420590400695801
0.04507160186767578
0.04876852035522461
0.04525637626647949
0.04469180107116699
0.044358253479003906
0.04432368278503418
0.044396400451660156
0.0441434383392334
0.04403352737426758
0.044397592544555664
0.04900407791137695
0.04507040977478027
0.04481840133666992
0.04485630989074707
0.04431915283203125
0.04392218589782715
0.044606685638427734
0.04465532302856445
0.05087733268737793
0.04977774620056152
0.04542112350463867
0.045458316802978516
0.04411435127258301
0.04416513442993164
0.043939828872680664
0.04571795463562012
0.0440831184387207
0.04478573799133301
0.04962420463562012
0.04458260536193848
0.04498147964477539
0.0460360050201416
0.04499506950378418
0.044577598571777344
0.04464149475097656
0.04423999786376953
0.05413937568664551
0.051500797271728516
0.4403064250946045
0.051174163818359375
0.05964469909667969
0.051816701889038086
0.05200600624084473
0.052205562591552734
0.051378488540649414
0.05158853530883789
0.056946754455566406
0.05120587348937988
0.051392555236816406
0.05284619331359863
0.05098438262939453
0.05298948287963867
0.05169796943664551
0.06226634979248047
0.05758309364318848
0.05948448181152344
0.050955772399902344
0.05090212821960449
0.05158376693725586
0.05104470252990723
0.05115342140197754
0.05352330207824707
0.05120062828063965
0.05303812026977539
0.057756900787353516
0.05141496658325195
0.051445960998535156
0.05507659912109375
0.05498981475830078
0.05514049530029297
0.05501675605773926
0.054657936096191406
0.05816245079040527
0.057267189025878906
0.051262855529785156
0.0507807731628418
0.059294700622558594
0.05093121528625488
0.05175590515136719
0.052515506744384766
0.05062270164489746
0.0508732795715332
0.058028459548950195
0.050948143005371094
0.05075478553771973
0.05090475082397461
0.0509185791015625
0.0524899959564209
0.05756664276123047
0.050154924392700195
0.050405025482177734
0.05692172050476074
0.05140566825866699
0.051908254623413086
0.05040264129638672
0.05856609344482422
0.05205035209655762
0.05066561698913574
0.049744367599487305
0.050162553787231445
0.05774521827697754
0.05196642875671387
0.05016136169433594
0.05107474327087402
0.05130958557128906
0.05108284950256348
0.05150151252746582
0.05274081230163574
0.05117511749267578
0.058472394943237305
0.059433937072753906
0.05084729194641113
0.052133798599243164
0.05292391777038574
0.05228567123413086
0.05128145217895508
0.05101656913757324
0.05879521369934082
0.0683443546295166
0.051776885986328125
0.053315162658691406
0.051553964614868164
0.051431894302368164
0.05138850212097168
0.05129551887512207
0.051177263259887695
0.051441192626953125
0.059342384338378906
0.050739288330078125
0.051146507263183594
0.052971601486206055
0.05996394157409668
0.05038118362426758
0.050823211669921875
0.05051469802856445
0.05214953422546387
0.05690169334411621
0.05097365379333496
0.050438880920410156
0.05066084861755371
0.050390005111694336
0.049724578857421875
0.05004405975341797
0.048902034759521484
0.05000877380371094
0.05600380897521973
0.04933452606201172
0.05036568641662598
0.04904627799987793
0.04907035827636719
0.048729896545410156
0.04856157302856445
0.04860091209411621
0.04942727088928223
0.05488872528076172
0.048547983169555664
0.048079729080200195
0.04954123497009277
0.04912734031677246
0.050302743911743164
0.05012774467468262
0.05064249038696289
0.0502772331237793
0.05448150634765625
0.04800677299499512
0.04912233352661133
0.049231529235839844
0.05008292198181152
0.049123287200927734
0.04848980903625488
0.04793143272399902
0.04833364486694336
0.053795576095581055
0.04850411415100098
0.04852604866027832
0.05018901824951172
0.04909849166870117
0.04937911033630371
0.05544114112854004
0.049576759338378906
0.04670143127441406
0.053870439529418945
0.05780196189880371
0.04773092269897461
0.04639720916748047
0.05415463447570801
0.04641079902648926
0.056856393814086914
0.04543805122375488
0.04606819152832031
0.05346536636352539
0.04725337028503418
0.04618692398071289
0.04547452926635742
0.046892404556274414
0.04524827003479004
0.0534510612487793
0.05399656295776367
0.04606127738952637
0.05250382423400879
0.046477556228637695
0.046334266662597656
0.04553961753845215
0.044985294342041016
0.04529833793640137
0.04599618911743164
0.04527592658996582
0.04530000686645508
0.05220365524291992
0.045800209045410156
0.04622769355773926
0.04521775245666504
0.04542255401611328
0.046668052673339844
0.04702925682067871
0.04501199722290039
0.045058250427246094
0.05252528190612793
0.04651379585266113
0.04540443420410156
0.04487180709838867
0.0443568229675293
0.044713497161865234
0.044293880462646484
0.04437589645385742
0.04532170295715332
0.06069636344909668
0.04827070236206055
0.047554969787597656
0.04719257354736328
0.04498481750488281
0.0471804141998291
0.047106027603149414
0.0465245246887207
0.04732942581176758
0.050891876220703125
0.047986745834350586
0.047531843185424805
0.04753684997558594
0.04490303993225098
0.045224666595458984
0.04588675498962402
0.04476118087768555
0.04512906074523926
0.05170607566833496
0.045882225036621094
0.04745817184448242
0.04726386070251465
0.046932220458984375
0.048511505126953125
0.04652547836303711
0.046793222427368164
0.04690432548522949
0.05228924751281738
0.04801607131958008
0.04747962951660156
0.04738473892211914
0.04686260223388672
0.046776771545410156
0.048102617263793945
0.04688310623168945
0.04743146896362305
0.06151127815246582
0.05018210411071777
0.04745674133300781
0.04644918441772461
0.04713320732116699
0.04657125473022461
0.04686117172241211
0.046500444412231445
0.047170162200927734
0.050220489501953125
0.04616260528564453
0.045685768127441406
0.04749703407287598
0.04625582695007324
0.04699087142944336
0.04712033271789551
0.04624533653259277
0.046552181243896484
0.05169939994812012
0.04541206359863281
0.04505801200866699
0.045144081115722656
0.04735255241394043
0.046149253845214844
0.046540260314941406
0.04630422592163086
0.046735286712646484
0.0520017147064209
0.04771113395690918
0.045075416564941406
0.04472994804382324
0.05250811576843262
0.0456697940826416
0.044695377349853516
0.044585466384887695
0.05230998992919922
0.05310702323913574
0.045301198959350586
0.04526209831237793
0.044508934020996094
0.044675350189208984
0.044235944747924805
0.044609785079956055
0.04421639442443848
0.04498171806335449
0.05031323432922363
0.04534792900085449
0.04486584663391113
0.04473161697387695
0.044676780700683594
0.04419231414794922
0.04420924186706543
0.04400801658630371
0.04502534866333008
0.0498504638671875
0.04549050331115723
0.04480934143066406
0.05351662635803223
0.05329561233520508
0.04514479637145996
0.04474925994873047
0.04381895065307617
0.04479074478149414
0.05037641525268555
0.045441389083862305
0.0449066162109375
0.04461359977722168
0.04440951347351074
0.04416966438293457
0.04447340965270996
0.04490947723388672
0.04534792900085449
0.049968719482421875
0.04551243782043457
0.0459592342376709
0.044371843338012695
0.04483771324157715
0.045027732849121094
0.04511427879333496
0.04526686668395996
0.044737815856933594
0.05003070831298828
0.04575753211975098
0.045461416244506836
0.04534006118774414
0.04450273513793945
0.04535937309265137
0.05372333526611328
0.044510602951049805
0.044657230377197266
0.055394649505615234
0.04786252975463867
0.04615497589111328
0.04437971115112305
0.044510602951049805
0.044719696044921875
0.04464840888977051
0.04464602470397949
0.04405689239501953
0.051796913146972656
0.045621395111083984
0.04667496681213379
0.0446925163269043
0.044951677322387695
0.05296921730041504
0.048629045486450195
0.04957747459411621
0.04589271545410156
0.04954719543457031
0.04558205604553223
0.04538440704345703
0.04526066780090332
0.04515385627746582
0.044396400451660156
0.044391632080078125
0.04505276679992676
0.044666290283203125
0.04974198341369629
0.045778512954711914
0.045157432556152344
0.04539799690246582
0.04544210433959961
0.04433894157409668
0.04440641403198242
0.04404640197753906
0.0525052547454834
0.05150938034057617
0.04537677764892578
0.04515862464904785
0.044602155685424805
0.044678688049316406
0.04616546630859375
0.04481101036071777
0.0446324348449707
0.04657888412475586
0.051672935485839844
0.056389570236206055
0.0475308895111084
0.04525470733642578
0.046628713607788086
0.044687509536743164
0.04423713684082031
0.044698238372802734
0.04474759101867676
0.05008363723754883
0.04565167427062988
0.04549860954284668
0.045153141021728516
0.04448652267456055
0.04465031623840332
0.045020341873168945
0.04441547393798828
0.04471325874328613
0.05058431625366211
0.04585003852844238
0.0452272891998291
0.046484947204589844
0.044556617736816406
0.0440983772277832
0.04476666450500488
0.04444766044616699
0.045305728912353516
0.05004382133483887
0.045026540756225586
0.0457453727722168
0.0454559326171875
0.04440593719482422
0.044315338134765625
0.04693412780761719
0.04462862014770508
0.04492664337158203
0.0504603385925293
0.04630160331726074
0.045635223388671875
0.04492974281311035
0.044893503189086914
0.044429779052734375
0.0442962646484375
0.04339241981506348
0.045072078704833984
0.04987192153930664
0.045612335205078125
0.04509377479553223
0.0446162223815918
0.04458355903625488
0.04423213005065918
0.0442502498626709
0.044640541076660156
0.04544782638549805
0.0507354736328125
0.04598426818847656
0.04504656791687012
0.04488205909729004
0.044814109802246094
0.044074296951293945
0.044767141342163086
0.04396986961364746
0.0449213981628418
0.04996943473815918
0.045468807220458984
0.04464864730834961
0.045148611068725586
0.04503679275512695
0.04472613334655762
0.045157432556152344
0.04468417167663574
0.04491901397705078
0.05110764503479004
0.04613018035888672
0.045165300369262695
0.044960975646972656
0.0451815128326416
0.04467368125915527
0.0448145866394043
0.04418611526489258
0.04444527626037598
0.04986071586608887
0.051416873931884766
0.04475760459899902
0.04447293281555176
0.044666290283203125
0.04495692253112793
0.054581403732299805
0.04666256904602051
0.04494476318359375
0.05290651321411133
0.04790139198303223
0.04734611511230469
0.04730510711669922
0.04447603225708008
0.04737544059753418
0.04519510269165039
0.044632911682128906
0.04616093635559082
0.05058550834655762
0.04544854164123535
0.044702768325805664
0.04479861259460449
0.0449063777923584
0.04460644721984863
0.04439234733581543
0.0467529296875
0.04618239402770996
0.05013751983642578
0.04772186279296875
0.04720115661621094
0.04647541046142578
0.046776533126831055
0.045144081115722656
0.04503059387207031
0.04716372489929199
0.0467073917388916
0.05011582374572754
0.04532504081726074
0.0477144718170166
0.0468142032623291
0.04461359977722168
0.051938772201538086
0.04890251159667969
0.04503607749938965
0.04502367973327637
0.05002880096435547
0.04572558403015137
0.04563474655151367
0.04497718811035156
0.04506850242614746
0.044428348541259766
0.04474925994873047
0.044164419174194336
0.044727325439453125
0.05026578903198242
0.04617881774902344
0.04533219337463379
0.04565834999084473
0.044515371322631836
0.04465842247009277
0.04467296600341797
0.04463672637939453
0.05331110954284668
0.05282187461853027
0.045967817306518555
0.04557514190673828
0.044656991958618164
0.044609785079956055
0.044489383697509766
0.04488253593444824
0.044767141342163086
0.04490303993225098
0.05069231986999512
0.04547739028930664
0.04526090621948242
0.045128583908081055
0.04421353340148926
0.04439711570739746
0.04415440559387207
0.04459333419799805
0.04454779624938965
0.04940938949584961
0.04561185836791992
0.045034170150756836
0.05161476135253906
0.044980525970458984
0.045740365982055664
0.05459403991699219
0.04654502868652344
0.04449939727783203
0.05129718780517578
0.04543948173522949
0.0450742244720459
0.044753074645996094
0.052947044372558594
0.04921102523803711
0.04632735252380371
0.046512603759765625
0.04527902603149414
0.05053377151489258
0.04587984085083008
0.053295135498046875
0.04491257667541504
0.04440164566040039
0.04642534255981445
0.0446929931640625
0.04629921913146973
0.04434466361999512
0.05052757263183594
0.04564619064331055
0.04536890983581543
0.044774770736694336
0.0446467399597168
0.0469508171081543
0.044910430908203125
0.044185638427734375
0.045365333557128906
0.05008649826049805
0.0454709529876709
0.04497098922729492
0.04463386535644531
0.04471468925476074
0.04467129707336426
0.04593348503112793
0.04481053352355957
0.04437851905822754
0.05087637901306152
0.045699119567871094
0.04483222961425781
0.04523944854736328
0.045069217681884766
0.04490947723388672
0.04476308822631836
0.044985294342041016
0.04662919044494629
0.050537109375
0.04554104804992676
0.045214176177978516
0.05250668525695801
0.0445559024810791
0.04465818405151367
0.04433012008666992
0.044820547103881836
0.04608464241027832
0.050832271575927734
0.04557180404663086
0.04562115669250488
0.05324077606201172
0.048688411712646484
0.04515576362609863
0.04512810707092285
0.044078826904296875
0.04535222053527832
0.05062437057495117
0.04550933837890625
0.04542350769042969
0.04544544219970703
0.044907569885253906
0.0448000431060791
0.04468584060668945
0.04458284378051758
0.04514336585998535
0.061663150787353516
0.049256324768066406
0.04649543762207031
0.0474095344543457
0.05311870574951172
0.04650235176086426
0.044850826263427734
0.04478311538696289
0.04478263854980469
0.05250239372253418
0.04549813270568848
0.04518890380859375
0.04503297805786133
0.05483245849609375
0.04503154754638672
0.04986095428466797
0.04685544967651367
0.05400371551513672
0.05093955993652344
0.045597076416015625
0.04745054244995117
0.04772305488586426
0.046482086181640625
0.046671152114868164
0.047101736068725586
0.04649519920349121
0.048750877380371094
0.05317878723144531
0.04802513122558594
0.04827880859375
0.04498791694641113
0.04401969909667969
0.047304391860961914
0.047020912170410156
0.04682278633117676
0.0477452278137207
0.05905890464782715
0.05287528038024902
0.04515361785888672
0.04479622840881348
0.0446782112121582
0.04381561279296875
0.0471341609954834
0.046785593032836914
0.044980525970458984
0.049963951110839844
0.04807472229003906
0.044916629791259766
0.04473137855529785
0.04705309867858887
0.04670238494873047
0.04922962188720703
0.048874855041503906
0.046869754791259766
0.050727128982543945
0.0458836555480957
0.04669451713562012
0.04512381553649902
0.04448056221008301
0.044571638107299805
0.04668784141540527
0.04430079460144043
0.04517221450805664
0.05302858352661133
0.04841256141662598
0.04716181755065918
0.047412872314453125
0.04465746879577637
0.04436540603637695
0.04459238052368164
0.04483795166015625
0.04459190368652344
0.05030012130737305
0.049742937088012695
0.04710865020751953
0.04463911056518555
0.04713749885559082
0.04436779022216797
0.04428863525390625
0.05232572555541992
0.04902076721191406
0.05032539367675781
0.0453946590423584
0.044898033142089844
0.04477286338806152
0.04458761215209961
0.04450201988220215
0.0445554256439209
0.04444432258605957
0.04497504234313965
0.05030035972595215
0.0455317497253418
0.045105934143066406
0.046503543853759766
0.04426407814025879
0.04679369926452637
0.04756736755371094
0.04490494728088379
0.044703006744384766
0.05002999305725098
0.04521632194519043
0.047524452209472656
0.04738044738769531
0.046875715255737305
0.046967506408691406
0.04514956474304199
0.04704427719116211
0.0543365478515625
0.05977296829223633
0.05026650428771973
0.04547238349914551
0.04568052291870117
0.04553818702697754
0.04522585868835449
0.05253243446350098
0.046360015869140625
0.046826839447021484
0.051586151123046875
0.045533180236816406
0.04591012001037598
0.04522299766540527
0.04457283020019531
0.044496774673461914
0.04489922523498535
0.05263996124267578
0.045101165771484375
0.05872631072998047
0.04735565185546875
0.052978515625
0.04522204399108887
0.04461789131164551
0.044358015060424805
0.04448056221008301
0.04452180862426758
0.04502296447753906
0.05171084403991699
0.045328617095947266
0.04626035690307617
0.0456843376159668
0.0445864200592041
0.04424452781677246
0.04460573196411133
0.044951438903808594
0.04618430137634277
0.05051755905151367
0.045270681381225586
0.045279741287231445
0.04496955871582031
0.044699668884277344
0.04477834701538086
0.046247005462646484
0.04444718360900879
0.04456353187561035
0.050794363021850586
0.04550480842590332
0.045644521713256836
0.045105934143066406
0.0450739860534668
0.045436859130859375
0.045903921127319336
0.05295753479003906
0.04847574234008789
0.06085038185119629
0.04814434051513672
0.0467991828918457
0.044881343841552734
0.04442191123962402
0.04473876953125
0.044350624084472656
0.04447793960571289
0.045099735260009766
0.05023002624511719
0.04505777359008789
0.04571270942687988
0.044536590576171875
0.04479217529296875
0.054386138916015625
0.047940731048583984
0.04433870315551758
0.045204877853393555
0.05027198791503906
0.045381784439086914
0.04790306091308594
0.0537264347076416
0.046422481536865234
0.04463648796081543
0.04440808296203613
0.044936418533325195
0.04568910598754883
0.053121328353881836
0.04579639434814453
0.04548144340515137
0.04532909393310547
0.044898271560668945
0.04482722282409668
0.04506802558898926
0.04478025436401367
0.045980215072631836
0.050826072692871094
0.04598593711853027
0.053954362869262695
0.045296430587768555
0.04507184028625488
0.04453325271606445
0.044786691665649414
0.046027421951293945
0.04511737823486328
0.05221438407897949
0.046378135681152344
0.04587054252624512
0.04517650604248047
0.04502248764038086
0.04629158973693848
0.044472455978393555
0.045831918716430664
0.04491281509399414
0.050826072692871094
0.046132802963256836
0.04573464393615723
0.04517960548400879
0.04472804069519043
0.04526090621948242
0.05318880081176758
0.04524660110473633
0.0452113151550293
0.051438093185424805
0.04603075981140137
0.04526472091674805
0.04940152168273926
0.045114755630493164
0.04496645927429199
0.045037031173706055
0.04493594169616699
0.04501843452453613
0.05008363723754883
0.04587411880493164
0.04513812065124512
0.04496359825134277
0.04440736770629883
0.04617786407470703
0.04472923278808594
0.0445713996887207
0.04494762420654297
0.05042552947998047
0.04538154602050781
0.04644322395324707
0.05349421501159668
0.05582928657531738
0.05359196662902832
0.04517841339111328
0.04459071159362793
0.045130252838134766
0.05040407180786133
0.04593300819396973
0.04980611801147461
0.04490542411804199
0.045644283294677734
0.044502973556518555
0.045111894607543945
0.044827938079833984
0.044713497161865234
0.052388668060302734
0.04749131202697754
0.04519367218017578
0.04525279998779297
0.04428267478942871
0.044899702072143555
0.04522871971130371
0.04436373710632324
0.04509449005126953
0.05016732215881348
0.045966386795043945
0.04533529281616211
0.04512977600097656
0.050423383712768555
0.046567440032958984
0.045892953872680664
0.044600725173950195
0.04601621627807617
0.05119729042053223
0.0461423397064209
0.045821189880371094
0.0472867488861084
0.04536771774291992
0.046582937240600586
0.04492449760437012
0.044655561447143555
0.05041694641113281
0.050783395767211914
0.04512810707092285
0.04566645622253418
0.044794559478759766
0.04521346092224121
0.045371294021606445
0.046259403228759766
0.04505801200866699
0.05268526077270508
0.05548572540283203
0.0459749698638916
0.04689431190490723
0.0448002815246582
0.05461692810058594
0.0530087947845459
0.054340362548828125
0.04459047317504883
0.0444483757019043
0.052642822265625
0.04543662071228027
0.04514145851135254
0.04520678520202637
0.053308963775634766
0.04824399948120117
0.04535174369812012
0.051778554916381836
0.044980764389038086
0.05061173439025879
0.04587411880493164
0.04524683952331543
0.046674489974975586
0.0464627742767334
0.044861793518066406
0.044950246810913086
0.04463624954223633
0.04487895965576172
0.05074501037597656
0.04564929008483887
0.045454978942871094
0.04508805274963379
0.05307149887084961
0.048136234283447266
0.04643559455871582
0.04427051544189453
0.046282052993774414
0.050284385681152344
0.04563260078430176
0.04519963264465332
0.046393394470214844
0.05379772186279297
0.045444488525390625
0.0446469783782959
0.04443621635437012
0.046665191650390625
0.05617833137512207
0.047730445861816406
0.04566001892089844
0.04587411880493164
0.044899940490722656
0.053453922271728516
0.04835867881774902
0.04599356651306152
0.04463529586791992
0.05193185806274414
0.045668840408325195
0.04578709602355957
0.04509258270263672
0.04525494575500488
0.04474687576293945
0.04471111297607422
0.04426217079162598
0.04582071304321289
0.05112433433532715
0.045368194580078125
0.04529094696044922
0.047035932540893555
0.04521799087524414
0.04548072814941406
0.045564889907836914
0.049111127853393555
0.054627180099487305
0.05156683921813965
0.045577287673950195
0.053008317947387695
0.04587292671203613
0.04505777359008789
0.04699373245239258
0.05313873291015625
0.04506492614746094
0.044791221618652344
0.05104994773864746
0.053507328033447266
0.050730228424072266
0.046053171157836914
0.044609785079956055
0.046478271484375
0.04437828063964844
0.044637441635131836
0.04524564743041992
0.05158543586730957
0.04616427421569824
0.04490065574645996
0.04519009590148926
0.0449676513671875
0.046515464782714844
0.04650139808654785
0.04595828056335449
0.04481315612792969
0.05040621757507324
0.045876264572143555
0.04663991928100586
0.04637861251831055
0.04459571838378906
0.04472517967224121
0.0449068546295166
0.044774770736694336
0.046622276306152344
0.05068516731262207
0.04563188552856445
0.04537057876586914
0.044827938079833984
0.04463815689086914
0.04384207725524902
0.044030189514160156
0.04457712173461914
0.04447817802429199
0.05994081497192383
0.05678987503051758
0.04577040672302246
0.048958539962768555
0.04449176788330078
0.04486727714538574
0.0445401668548584
0.04462146759033203
0.04615354537963867
0.05079007148742676
0.04584050178527832
0.046187639236450195
0.05317354202270508
0.05009794235229492
0.044434309005737305
0.04525423049926758
0.04470396041870117
0.04501914978027344
0.05058002471923828
0.04633617401123047
0.04524731636047363
0.04509305953979492
0.04481363296508789
0.044681549072265625
0.04632115364074707
0.04469919204711914
0.04432368278503418
0.050440073013305664
0.04740548133850098
0.04628419876098633
0.04487872123718262
0.04397702217102051
0.044341087341308594
0.045441389083862305
0.044824838638305664
0.05520129203796387
0.06325006484985352
0.04744219779968262
0.04600119590759277
0.04658365249633789
0.04431462287902832
0.045701026916503906
0.04456329345703125
0.04507851600646973
0.04511141777038574
0.050637006759643555
0.04598259925842285
0.045453548431396484
0.044914960861206055
0.04595494270324707
0.04554295539855957
0.04503917694091797
0.0446627140045166
0.04490494728088379
0.05145668983459473
0.053938865661621094
0.0461881160736084
0.05310487747192383
0.045957088470458984
0.045031070709228516
0.04419398307800293
0.04450678825378418
0.044539451599121094
0.05021095275878906
0.045334577560424805
0.04515433311462402
0.04474139213562012
0.044687747955322266
0.046126604080200195
0.04450631141662598
0.04399275779724121
0.04612231254577637
0.05048108100891113
0.04746246337890625
0.04595756530761719
0.045336008071899414
0.04471182823181152
0.0462183952331543
0.044851064682006836
0.04570436477661133
0.047223806381225586
0.050607919692993164
0.04711031913757324
0.04498934745788574
0.044832468032836914
0.0461735725402832
0.05491018295288086
0.045311689376831055
0.0445256233215332
0.04498934745788574
0.05094194412231445
0.05321192741394043
0.04576230049133301
0.04697155952453613
0.04641890525817871
0.044870853424072266
0.044881343841552734
0.04569864273071289
0.04492664337158203
0.05847334861755371
0.04723644256591797
0.04484677314758301
0.047167062759399414
0.04423999786376953
0.04479527473449707
0.044404029846191406
0.04404950141906738
0.04418754577636719
0.050240516662597656
0.045258522033691406
0.04523754119873047
0.04621601104736328
0.044367313385009766
0.04439568519592285
0.04421687126159668
0.045046329498291016
0.04451704025268555
0.05023193359375
0.04570817947387695
0.04516434669494629
0.05486130714416504
0.05280900001525879
0.04390144348144531
0.04390263557434082
0.04407644271850586
0.0450441837310791
0.06274724006652832
0.05372214317321777
0.04505801200866699
0.046408653259277344
0.05317950248718262
0.04680681228637695
0.044464111328125
0.044059038162231445
0.04481101036071777
0.05051922798156738
0.0456845760345459
0.04510617256164551
0.04470419883728027
0.04449176788330078
0.04385066032409668
0.04462099075317383
0.04467892646789551
0.05292010307312012
0.05135321617126465
0.049884796142578125
0.045758724212646484
0.045075178146362305
0.04494285583496094
0.04491376876831055
0.04531455039978027
0.04433250427246094
0.04414820671081543
0.049913883209228516
0.04531073570251465
0.04482150077819824
0.04473447799682617
0.04454612731933594
0.054787397384643555
0.044396162033081055
0.04339289665222168
0.04423260688781738
0.05232429504394531
0.04572176933288574
0.0455317497253418
0.05336141586303711
0.044348716735839844
0.04477834701538086
0.044399261474609375
0.045945167541503906
0.04431891441345215
0.05213332176208496
0.045401573181152344
0.04542183876037598
0.053420305252075195
0.044359445571899414
0.04442286491394043
0.04421353340148926
0.0442044734954834
0.04484891891479492
0.0505518913269043
0.045786380767822266
0.04515385627746582
0.04601597785949707
0.045180559158325195
0.04527139663696289
0.04485511779785156
0.046904802322387695
0.044612884521484375
0.05053591728210449
0.04548764228820801
0.05219674110412598
0.04429817199707031
0.04424905776977539
0.044435739517211914
0.04413866996765137
0.04422616958618164
0.046355485916137695
0.05040311813354492
0.04595041275024414
0.04512763023376465
0.049037933349609375
0.04461050033569336
0.044493913650512695
0.04506421089172363
0.05270814895629883
0.047687530517578125
