              precision    recall  f1-score   support

           0       0.91      0.89      0.90       237
           1       0.97      0.98      0.98       596
           2       0.94      0.93      0.94       294
           3       0.92      0.90      0.91       311
           4       1.00      0.98      0.99       466
           5       0.90      0.88      0.89       618
           6       0.91      0.93      0.92       242
           7       0.92      0.96      0.94       655

    accuracy                           0.94      3419
   macro avg       0.93      0.93      0.93      3419
weighted avg       0.94      0.94      0.94      3419

